SIZE	0	4	8	12	16	20	24	28	32	36	40	44	48	52	56	60	64	68	72	76	80	84	88	92	96	100	104	108	112	116	120	124	128	132	136	140	144	148	152	156	160	164	168	172	176	180	184	188	192	196	200	204	208	212	216	220	224	228	232	236	240	244	248	252	256	260	264	268	272	276	280	284	288	292	296	300	304	308	312	316	320	324	328	332	336	340	344	348	352	356	360	364	368	372	376	380	384	388	392	396	400	404	408	412	416	420	424	428	432	436	440	444	448	452	456	460	464	468	472	476	480	484	488	492	496	500	504	508	512	516	520	524	528	532	
170	0	0	0	0	0	0	0	0	10	53	184	574	1376	2609	4118	5597	6641	7519	8218	8338	8527	8214	8401	8440	7626	6642	5164	3925	2520	1389	750	449	201	87	37	12	0	0	0	0	0	0	0	0	0	0	0	0	0	0	0	0	0	0	0	0	0	0	0	0	0	0	0	0	0	0	0	0	0	0	0	0	0	0	0	0	0	0	0	0	0	0	0	0	0	0	0	0	0	0	0	0	0	0	0	0	0	0	0	0	0	0	0	0	0	0	0	0	0	0	0	0	0	0	0	0	0	0	0	0	0	0	0	0	0	0	0	0	0	0	0	0	0	0	
180	0	0	0	0	0	0	1	0	4	29	160	510	1138	2630	4593	6731	8608	9983	11438	11649	12202	12328	12085	11462	11266	10691	9340	7507	5678	4033	2608	1391	839	432	225	81	43	9	2	0	0	0	0	0	0	0	0	0	0	0	0	0	0	0	0	0	0	0	0	0	0	0	0	0	0	0	0	0	0	0	0	0	0	0	0	0	0	0	0	0	0	0	0	0	0	0	0	0	0	0	0	0	0	0	0	0	0	0	0	0	0	0	0	0	0	0	0	0	0	0	0	0	0	0	0	0	0	0	0	0	0	0	0	0	0	0	0	0	0	0	0	0	0	0	
190	0	0	0	0	0	0	0	0	2	16	41	228	788	1775	3622	5775	8093	10156	11531	12371	12928	13305	12999	12600	12380	12034	11378	10133	8340	6864	5235	3437	2112	1214	712	380	178	106	31	6	0	0	0	0	0	0	0	0	0	0	0	0	0	0	0	0	0	0	0	0	0	0	0	0	0	0	0	0	0	0	0	0	0	0	0	0	0	0	0	0	0	0	0	0	0	0	0	0	0	0	0	0	0	0	0	0	0	0	0	0	0	0	0	0	0	0	0	0	0	0	0	0	0	0	0	0	0	0	0	0	0	0	0	0	0	0	0	0	0	0	0	0	0	0	
200	0	0	0	0	0	0	0	0	0	1	22	73	373	939	2162	3960	5929	7964	9798	10640	11812	12205	12369	12142	11823	11536	11111	10854	9544	8393	6770	5577	3999	2701	1675	1007	542	287	110	69	17	10	0	0	0	0	0	0	0	0	0	0	0	0	0	0	0	0	0	0	0	0	0	0	0	0	0	0	0	0	0	0	0	0	0	0	0	0	0	0	0	0	0	0	0	0	0	0	0	0	0	0	0	0	0	0	0	0	0	0	0	0	0	0	0	0	0	0	0	0	0	0	0	0	0	0	0	0	0	0	0	0	0	0	0	0	0	0	0	0	0	0	0	0	
210	0	0	0	0	0	0	0	0	0	0	7	27	134	489	1019	2274	3875	5277	6972	8300	9418	10417	10557	10695	10780	10303	10102	9580	9141	8730	7653	6487	5451	4081	2997	1875	1247	723	365	186	107	44	15	2	0	0	0	0	0	0	0	0	0	0	0	0	0	0	0	0	0	0	0	0	0	0	0	0	0	0	0	0	0	0	0	0	0	0	0	0	0	0	0	0	0	0	0	0	0	0	0	0	0	0	0	0	0	0	0	0	0	0	0	0	0	0	0	0	0	0	0	0	0	0	0	0	0	0	0	0	0	0	0	0	0	0	0	0	0	0	0	0	0	0	
220	0	0	0	0	0	0	0	0	0	0	0	8	52	186	491	1102	2168	3399	4606	6387	7211	8385	8711	8919	9241	9234	8963	8701	8398	7892	7527	7135	6123	5025	4195	3227	2217	1524	929	559	316	172	78	38	8	5	0	0	0	0	0	0	0	0	0	0	0	0	0	0	0	0	0	0	0	0	0	0	0	0	0	0	0	0	0	0	0	0	0	0	0	0	0	0	0	0	0	0	0	0	0	0	0	0	0	0	0	0	0	0	0	0	0	0	0	0	0	0	0	0	0	0	0	0	0	0	0	0	0	0	0	0	0	0	0	0	0	0	0	0	0	0	0	0	
230	0	0	0	0	0	0	0	0	0	0	0	0	10	60	244	620	1265	2278	3157	4242	5478	6225	7201	7331	7650	7722	7832	7845	7542	7174	6940	6386	6232	5574	4651	3772	3132	2318	1595	1034	716	349	178	123	52	21	6	3	0	1	0	0	0	0	0	0	0	0	0	0	0	0	0	0	0	0	0	0	0	0	0	0	0	0	0	0	0	0	0	0	0	0	0	0	0	0	0	0	0	0	0	0	0	0	0	0	0	0	0	0	0	0	0	0	0	0	0	0	0	0	0	0	0	0	0	0	0	0	0	0	0	0	0	0	0	0	0	0	0	0	0	0	0	0	
240	0	0	0	0	0	0	0	0	0	0	0	1	2	20	99	244	543	1137	1899	2557	3410	4134	4735	5217	5378	5365	5648	5353	5443	5063	4835	4570	4280	4059	3728	3108	2558	2103	1570	1111	781	536	330	203	101	51	28	10	3	0	0	0	0	0	0	0	0	0	0	0	0	0	0	0	0	0	0	0	0	0	0	0	0	0	0	0	0	0	0	0	0	0	0	0	0	0	0	0	0	0	0	0	0	0	0	0	0	0	0	0	0	0	0	0	0	0	0	0	0	0	0	0	0	0	0	0	0	0	0	0	0	0	0	0	0	0	0	0	0	0	0	0	0	0	


170	0	2.35294	4.70588	7.05882	9.41176	11.7647	14.1176	16.4706	18.8235	21.1765	23.5294	25.8824	28.2353	30.5882	32.9412	35.2941	37.6471	40	42.3529	44.7059	47.0588	49.4118	51.7647	54.1176	56.4706	58.8235	61.1765	63.5294	65.8824	68.2353	70.5882	72.9412	75.2941	77.6471	80	82.3529	84.7059	87.0588	89.4118	91.7647	94.1176	96.4706	98.8235	
170	0	0	0	0	0	0	0	0	10	53	184	574	1376	2609	4118	5597	6641	7519	8218	8338	8527	8214	8401	8440	7626	6642	5164	3925	2520	1389	750	449	201	87	37	12	0	0	0	0	0	0	0	
180	0	2.22222	4.44444	6.66667	8.88889	11.1111	13.3333	15.5556	17.7778	20	22.2222	24.4444	26.6667	28.8889	31.1111	33.3333	35.5556	37.7778	40	42.2222	44.4444	46.6667	48.8889	51.1111	53.3333	55.5556	57.7778	60	62.2222	64.4444	66.6667	68.8889	71.1111	73.3333	75.5556	77.7778	80	82.2222	84.4444	86.6667	88.8889	91.1111	93.3333	95.5556	97.7778	100	
180	0	0	0	0	0	0	1	0	4	29	160	510	1138	2630	4593	6731	8608	9983	11438	11649	12202	12328	12085	11462	11266	10691	9340	7507	5678	4033	2608	1391	839	432	225	81	43	9	2	0	0	0	0	0	0	0	
190	0	2.10526	4.21053	6.31579	8.42105	10.5263	12.6316	14.7368	16.8421	18.9474	21.0526	23.1579	25.2632	27.3684	29.4737	31.5789	33.6842	35.7895	37.8947	40	42.1053	44.2105	46.3158	48.4211	50.5263	52.6316	54.7368	56.8421	58.9474	61.0526	63.1579	65.2632	67.3684	69.4737	71.5789	73.6842	75.7895	77.8947	80	82.1053	84.2105	86.3158	88.4211	90.5263	92.6316	94.7368	96.8421	98.9474	
190	0	0	0	0	0	0	0	0	2	16	41	228	788	1775	3622	5775	8093	10156	11531	12371	12928	13305	12999	12600	12380	12034	11378	10133	8340	6864	5235	3437	2112	1214	712	380	178	106	31	6	0	0	0	0	0	0	0	0	
200	0	2	4	6	8	10	12	14	16	18	20	22	24	26	28	30	32	34	36	38	40	42	44	46	48	50	52	54	56	58	60	62	64	66	68	70	72	74	76	78	80	82	84	86	88	90	92	94	96	98	100	
200	0	0	0	0	0	0	0	0	0	1	22	73	373	939	2162	3960	5929	7964	9798	10640	11812	12205	12369	12142	11823	11536	11111	10854	9544	8393	6770	5577	3999	2701	1675	1007	542	287	110	69	17	10	0	0	0	0	0	0	0	0	0	
210	0	1.90476	3.80952	5.71429	7.61905	9.52381	11.4286	13.3333	15.2381	17.1429	19.0476	20.9524	22.8571	24.7619	26.6667	28.5714	30.4762	32.381	34.2857	36.1905	38.0952	40	41.9048	43.8095	45.7143	47.619	49.5238	51.4286	53.3333	55.2381	57.1429	59.0476	60.9524	62.8571	64.7619	66.6667	68.5714	70.4762	72.381	74.2857	76.1905	78.0952	80	81.9048	83.8095	85.7143	87.619	89.5238	91.4286	93.3333	95.2381	97.1429	99.0476	
210	0	0	0	0	0	0	0	0	0	0	7	27	134	489	1019	2274	3875	5277	6972	8300	9418	10417	10557	10695	10780	10303	10102	9580	9141	8730	7653	6487	5451	4081	2997	1875	1247	723	365	186	107	44	15	2	0	0	0	0	0	0	0	0	0	
220	0	1.81818	3.63636	5.45455	7.27273	9.09091	10.9091	12.7273	14.5455	16.3636	18.1818	20	21.8182	23.6364	25.4545	27.2727	29.0909	30.9091	32.7273	34.5455	36.3636	38.1818	40	41.8182	43.6364	45.4545	47.2727	49.0909	50.9091	52.7273	54.5455	56.3636	58.1818	60	61.8182	63.6364	65.4545	67.2727	69.0909	70.9091	72.7273	74.5455	76.3636	78.1818	80	81.8182	83.6364	85.4545	87.2727	89.0909	90.9091	92.7273	94.5455	96.3636	98.1818	100	
220	0	0	0	0	0	0	0	0	0	0	0	8	52	186	491	1102	2168	3399	4606	6387	7211	8385	8711	8919	9241	9234	8963	8701	8398	7892	7527	7135	6123	5025	4195	3227	2217	1524	929	559	316	172	78	38	8	5	0	0	0	0	0	0	0	0	0	0	
230	0	1.73913	3.47826	5.21739	6.95652	8.69565	10.4348	12.1739	13.913	15.6522	17.3913	19.1304	20.8696	22.6087	24.3478	26.087	27.8261	29.5652	31.3043	33.0435	34.7826	36.5217	38.2609	40	41.7391	43.4783	45.2174	46.9565	48.6957	50.4348	52.1739	53.913	55.6522	57.3913	59.1304	60.8696	62.6087	64.3478	66.087	67.8261	69.5652	71.3043	73.0435	74.7826	76.5217	78.2609	80	81.7391	83.4783	85.2174	86.9565	88.6957	90.4348	92.1739	93.913	95.6522	97.3913	99.1304	
230	0	0	0	0	0	0	0	0	0	0	0	0	10	60	244	620	1265	2278	3157	4242	5478	6225	7201	7331	7650	7722	7832	7845	7542	7174	6940	6386	6232	5574	4651	3772	3132	2318	1595	1034	716	349	178	123	52	21	6	3	0	1	0	0	0	0	0	0	0	0	
240	0	1.66667	3.33333	5	6.66667	8.33333	10	11.6667	13.3333	15	16.6667	18.3333	20	21.6667	23.3333	25	26.6667	28.3333	30	31.6667	33.3333	35	36.6667	38.3333	40	41.6667	43.3333	45	46.6667	48.3333	50	51.6667	53.3333	55	56.6667	58.3333	60	61.6667	63.3333	65	66.6667	68.3333	70	71.6667	73.3333	75	76.6667	78.3333	80	81.6667	83.3333	85	86.6667	88.3333	90	91.6667	93.3333	95	96.6667	98.3333	100	
240	0	0	0	0	0	0	0	0	0	0	0	1	2	20	99	244	543	1137	1899	2557	3410	4134	4735	5217	5378	5365	5648	5353	5443	5063	4835	4570	4280	4059	3728	3108	2558	2103	1570	1111	781	536	330	203	101	51	28	10	3	0	0	0	0	0	0	0	0	0	0	0	0	


