SIZE	0	4	8	12	16	20	24	28	32	36	40	44	48	52	56	60	64	68	72	76	80	84	88	92	96	100	104	108	112	116	120	124	128	132	136	140	144	148	152	156	160	164	168	172	176	180	184	188	192	196	200	204	208	212	216	220	224	228	232	236	240	244	248	252	256	260	264	268	272	276	280	284	288	292	296	300	304	308	312	316	320	324	328	332	336	340	344	348	352	356	360	364	368	372	376	380	384	388	392	396	400	404	408	412	416	420	424	428	432	436	440	444	448	452	456	460	464	468	472	476	480	484	488	492	496	500	504	508	512	516	520	524	528	532	
10	0	0	0	0	0	0	0	0	0	0	0	0	0	0	0	0	0	0	0	0	0	0	0	0	0	0	0	0	0	0	0	0	0	0	0	0	0	0	0	0	0	0	0	0	0	0	0	0	0	0	0	0	0	0	0	0	0	0	0	0	0	0	0	0	0	0	0	0	0	0	0	0	0	0	0	0	0	0	0	0	0	0	0	0	0	0	0	0	0	0	0	0	0	0	0	0	0	0	0	0	0	0	0	0	0	0	0	0	0	0	0	0	0	0	0	0	0	0	0	0	0	0	0	0	0	0	0	0	0	0	0	0	0	0	
20	0	0	0	0	0	0	0	0	0	0	0	0	0	0	0	0	0	0	0	0	0	0	0	0	0	0	0	0	0	0	0	0	0	0	0	0	0	0	0	0	0	0	0	0	0	0	0	0	0	0	0	0	0	0	0	0	0	0	0	0	0	0	0	0	0	0	0	0	0	0	0	0	0	0	0	0	0	0	0	0	0	0	0	0	0	0	0	0	0	0	0	0	0	0	0	0	0	0	0	0	0	0	0	0	0	0	0	0	0	0	0	0	0	0	0	0	0	0	0	0	0	0	0	0	0	0	0	0	0	0	0	0	0	0	
30	0	0	0	0	0	0	0	0	0	0	0	0	0	0	0	0	0	0	0	0	0	0	0	0	0	0	0	0	0	0	0	0	0	0	0	0	0	0	0	0	0	0	0	0	0	0	0	0	0	0	0	0	0	0	0	0	0	0	0	0	0	0	0	0	0	0	0	0	0	0	0	0	0	0	0	0	0	0	0	0	0	0	0	0	0	0	0	0	0	0	0	0	0	0	0	0	0	0	0	0	0	0	0	0	0	0	0	0	0	0	0	0	0	0	0	0	0	0	0	0	0	0	0	0	0	0	0	0	0	0	0	0	0	0	
40	0	0	0	0	0	0	0	0	0	0	0	0	0	0	0	0	0	0	0	0	0	0	0	0	0	0	0	0	0	0	0	0	0	0	0	0	0	0	0	0	0	0	0	0	0	0	0	0	0	0	0	0	0	0	0	0	0	0	0	0	0	0	0	0	0	0	0	0	0	0	0	0	0	0	0	0	0	0	0	0	0	0	0	0	0	0	0	0	0	0	0	0	0	0	0	0	0	0	0	0	0	0	0	0	0	0	0	0	0	0	0	0	0	0	0	0	0	0	0	0	0	0	0	0	0	0	0	0	0	0	0	0	0	0	
50	0	0	0	0	0	0	0	0	0	0	0	0	0	0	0	0	0	0	0	0	0	0	0	0	0	0	0	0	0	0	0	0	0	0	0	0	0	0	0	0	0	0	0	0	0	0	0	0	0	0	0	0	0	0	0	0	0	0	0	0	0	0	0	0	0	0	0	0	0	0	0	0	0	0	0	0	0	0	0	0	0	0	0	0	0	0	0	0	0	0	0	0	0	0	0	0	0	0	0	0	0	0	0	0	0	0	0	0	0	0	0	0	0	0	0	0	0	0	0	0	0	0	0	0	0	0	0	0	0	0	0	0	0	0	
60	0	0	0	0	0	0	0	0	0	0	0	0	0	0	0	0	0	0	0	0	0	0	0	0	0	0	0	0	0	0	0	0	0	0	0	0	0	0	0	0	0	0	0	0	0	0	0	0	0	0	0	0	0	0	0	0	0	0	0	0	0	0	0	0	0	0	0	0	0	0	0	0	0	0	0	0	0	0	0	0	0	0	0	0	0	0	0	0	0	0	0	0	0	0	0	0	0	0	0	0	0	0	0	0	0	0	0	0	0	0	0	0	0	0	0	0	0	0	0	0	0	0	0	0	0	0	0	0	0	0	0	0	0	0	
70	0	0	0	0	0	0	0	0	0	0	0	0	0	0	0	1	0	0	0	0	0	0	0	0	0	0	0	0	0	0	0	0	0	0	0	0	0	0	0	0	0	0	0	0	0	0	0	0	0	0	0	0	0	0	0	0	0	0	0	0	0	0	0	0	0	0	0	0	0	0	0	0	0	0	0	0	0	0	0	0	0	0	0	0	0	0	0	0	0	0	0	0	0	0	0	0	0	0	0	0	0	0	0	0	0	0	0	0	0	0	0	0	0	0	0	0	0	0	0	0	0	0	0	0	0	0	0	0	0	0	0	0	0	0	
80	0	0	0	0	0	0	0	0	0	0	0	2	0	0	0	0	0	0	0	0	0	0	0	0	0	0	0	0	0	0	0	0	0	0	0	0	0	0	0	0	0	0	0	0	0	0	0	0	0	0	0	0	0	0	0	0	0	0	0	0	0	0	0	0	0	0	0	0	0	0	0	0	0	0	0	0	0	0	0	0	0	0	0	0	0	0	0	0	0	0	0	0	0	0	0	0	0	0	0	0	0	0	0	0	0	0	0	0	0	0	0	0	0	0	0	0	0	0	0	0	0	0	0	0	0	0	0	0	0	0	0	0	0	0	
90	0	0	0	0	0	0	0	2	2	0	1	3	2	0	3	6	1	0	0	0	0	0	0	0	0	0	0	0	0	0	0	0	0	0	0	0	0	0	0	0	0	0	0	0	0	0	0	0	0	0	0	0	0	0	0	0	0	0	0	0	0	0	0	0	0	0	0	0	0	0	0	0	0	0	0	0	0	0	0	0	0	0	0	0	0	0	0	0	0	0	0	0	0	0	0	0	0	0	0	0	0	0	0	0	0	0	0	0	0	0	0	0	0	0	0	0	0	0	0	0	0	0	0	0	0	0	0	0	0	0	0	0	0	0	
100	0	0	0	0	0	1	0	4	5	10	20	16	25	22	15	23	11	10	2	8	1	0	0	0	0	0	0	0	0	0	0	0	0	0	0	0	0	0	0	0	0	0	0	0	0	0	0	0	0	0	0	0	0	0	0	0	0	0	0	0	0	0	0	0	0	0	0	0	0	0	0	0	0	0	0	0	0	0	0	0	0	0	0	0	0	0	0	0	0	0	0	0	0	0	0	0	0	0	0	0	0	0	0	0	0	0	0	0	0	0	0	0	0	0	0	0	0	0	0	0	0	0	0	0	0	0	0	0	0	0	0	0	0	0	
110	0	0	0	0	0	0	0	1	8	19	27	28	37	44	42	39	48	27	24	16	5	3	2	0	0	0	0	0	0	0	0	0	0	0	0	0	0	0	0	0	0	0	0	0	0	0	0	0	0	0	0	0	0	0	0	0	0	0	0	0	0	0	0	0	0	0	0	0	0	0	0	0	0	0	0	0	0	0	0	0	0	0	0	0	0	0	0	0	0	0	0	0	0	0	0	0	0	0	0	0	0	0	0	0	0	0	0	0	0	0	0	0	0	0	0	0	0	0	0	0	0	0	0	0	0	0	0	0	0	0	0	0	0	0	
120	0	0	0	0	0	0	1	4	13	25	61	70	64	63	83	86	106	87	84	67	26	22	12	8	4	1	0	0	0	0	0	0	0	0	0	0	0	0	0	0	0	0	0	0	0	0	0	0	0	0	0	0	0	0	0	0	0	0	0	0	0	0	0	0	0	0	0	0	0	0	0	0	0	0	0	0	0	0	0	0	0	0	0	0	0	0	0	0	0	0	0	0	0	0	0	0	0	0	0	0	0	0	0	0	0	0	0	0	0	0	0	0	0	0	0	0	0	0	0	0	0	0	0	0	0	0	0	0	0	0	0	0	0	0	
130	0	0	0	0	0	0	2	6	14	29	76	122	155	188	214	208	239	224	244	185	190	110	71	44	18	12	5	0	0	0	0	0	0	0	0	0	0	0	0	0	0	0	0	0	0	0	0	0	0	0	0	0	0	0	0	0	0	0	0	0	0	0	0	0	0	0	0	0	0	0	0	0	0	0	0	0	0	0	0	0	0	0	0	0	0	0	0	0	0	0	0	0	0	0	0	0	0	0	0	0	0	0	0	0	0	0	0	0	0	0	0	0	0	0	0	0	0	0	0	0	0	0	0	0	0	0	0	0	0	0	0	0	0	0	
140	0	0	0	0	0	0	0	3	21	47	116	221	317	384	470	548	590	524	541	502	523	468	331	256	160	48	19	19	4	3	2	0	0	0	0	0	0	0	0	0	0	0	0	0	0	0	0	0	0	0	0	0	0	0	0	0	0	0	0	0	0	0	0	0	0	0	0	0	0	0	0	0	0	0	0	0	0	0	0	0	0	0	0	0	0	0	0	0	0	0	0	0	0	0	0	0	0	0	0	0	0	0	0	0	0	0	0	0	0	0	0	0	0	0	0	0	0	0	0	0	0	0	0	0	0	0	0	0	0	0	0	0	0	0	
150	0	0	0	0	0	0	0	0	14	57	163	315	529	808	1032	1156	1295	1356	1407	1493	1519	1495	1271	1081	803	472	273	122	65	37	13	3	0	0	0	0	0	0	0	0	0	0	0	0	0	0	0	0	0	0	0	0	0	0	0	0	0	0	0	0	0	0	0	0	0	0	0	0	0	0	0	0	0	0	0	0	0	0	0	0	0	0	0	0	0	0	0	0	0	0	0	0	0	0	0	0	0	0	0	0	0	0	0	0	0	0	0	0	0	0	0	0	0	0	0	0	0	0	0	0	0	0	0	0	0	0	0	0	0	0	0	0	0	0	
160	0	0	0	0	0	0	0	1	6	47	179	452	970	1614	2396	2849	3270	3906	3758	4003	4062	4155	3931	3573	3251	2585	1715	965	562	251	137	66	24	4	2	0	0	0	0	0	0	0	0	0	0	0	0	0	0	0	0	0	0	0	0	0	0	0	0	0	0	0	0	0	0	0	0	0	0	0	0	0	0	0	0	0	0	0	0	0	0	0	0	0	0	0	0	0	0	0	0	0	0	0	0	0	0	0	0	0	0	0	0	0	0	0	0	0	0	0	0	0	0	0	0	0	0	0	0	0	0	0	0	0	0	0	0	0	0	0	0	0	0	0	
170	0	0	0	0	0	0	0	0	10	53	184	574	1376	2609	4118	5597	6641	7519	8218	8338	8527	8214	8401	8440	7626	6642	5164	3925	2520	1389	750	449	201	87	37	12	0	0	0	0	0	0	0	0	0	0	0	0	0	0	0	0	0	0	0	0	0	0	0	0	0	0	0	0	0	0	0	0	0	0	0	0	0	0	0	0	0	0	0	0	0	0	0	0	0	0	0	0	0	0	0	0	0	0	0	0	0	0	0	0	0	0	0	0	0	0	0	0	0	0	0	0	0	0	0	0	0	0	0	0	0	0	0	0	0	0	0	0	0	0	0	0	0	0	
180	0	0	0	0	0	0	1	0	4	29	160	510	1138	2630	4593	6731	8608	9983	11438	11649	12202	12328	12085	11462	11266	10691	9340	7507	5678	4033	2608	1391	839	432	225	81	43	9	2	0	0	0	0	0	0	0	0	0	0	0	0	0	0	0	0	0	0	0	0	0	0	0	0	0	0	0	0	0	0	0	0	0	0	0	0	0	0	0	0	0	0	0	0	0	0	0	0	0	0	0	0	0	0	0	0	0	0	0	0	0	0	0	0	0	0	0	0	0	0	0	0	0	0	0	0	0	0	0	0	0	0	0	0	0	0	0	0	0	0	0	0	0	0	0	
190	0	0	0	0	0	0	0	0	2	16	41	228	788	1775	3622	5775	8093	10156	11531	12371	12928	13305	12999	12600	12380	12034	11378	10133	8340	6864	5235	3437	2112	1214	712	380	178	106	31	6	0	0	0	0	0	0	0	0	0	0	0	0	0	0	0	0	0	0	0	0	0	0	0	0	0	0	0	0	0	0	0	0	0	0	0	0	0	0	0	0	0	0	0	0	0	0	0	0	0	0	0	0	0	0	0	0	0	0	0	0	0	0	0	0	0	0	0	0	0	0	0	0	0	0	0	0	0	0	0	0	0	0	0	0	0	0	0	0	0	0	0	0	0	0	
200	0	0	0	0	0	0	0	0	0	1	22	73	373	939	2162	3960	5929	7964	9798	10640	11812	12205	12369	12142	11823	11536	11111	10854	9544	8393	6770	5577	3999	2701	1675	1007	542	287	110	69	17	10	0	0	0	0	0	0	0	0	0	0	0	0	0	0	0	0	0	0	0	0	0	0	0	0	0	0	0	0	0	0	0	0	0	0	0	0	0	0	0	0	0	0	0	0	0	0	0	0	0	0	0	0	0	0	0	0	0	0	0	0	0	0	0	0	0	0	0	0	0	0	0	0	0	0	0	0	0	0	0	0	0	0	0	0	0	0	0	0	0	0	0	0	
210	0	0	0	0	0	0	0	0	0	0	7	27	134	489	1019	2274	3875	5277	6972	8300	9418	10417	10557	10695	10780	10303	10102	9580	9141	8730	7653	6487	5451	4081	2997	1875	1247	723	365	186	107	44	15	2	0	0	0	0	0	0	0	0	0	0	0	0	0	0	0	0	0	0	0	0	0	0	0	0	0	0	0	0	0	0	0	0	0	0	0	0	0	0	0	0	0	0	0	0	0	0	0	0	0	0	0	0	0	0	0	0	0	0	0	0	0	0	0	0	0	0	0	0	0	0	0	0	0	0	0	0	0	0	0	0	0	0	0	0	0	0	0	0	0	0	
220	0	0	0	0	0	0	0	0	0	0	0	8	52	186	491	1102	2168	3399	4606	6387	7211	8385	8711	8919	9241	9234	8963	8701	8398	7892	7527	7135	6123	5025	4195	3227	2217	1524	929	559	316	172	78	38	8	5	0	0	0	0	0	0	0	0	0	0	0	0	0	0	0	0	0	0	0	0	0	0	0	0	0	0	0	0	0	0	0	0	0	0	0	0	0	0	0	0	0	0	0	0	0	0	0	0	0	0	0	0	0	0	0	0	0	0	0	0	0	0	0	0	0	0	0	0	0	0	0	0	0	0	0	0	0	0	0	0	0	0	0	0	0	0	0	0	
230	0	0	0	0	0	0	0	0	0	0	0	0	10	60	244	620	1265	2278	3157	4242	5478	6225	7201	7331	7650	7722	7832	7845	7542	7174	6940	6386	6232	5574	4651	3772	3132	2318	1595	1034	716	349	178	123	52	21	6	3	0	1	0	0	0	0	0	0	0	0	0	0	0	0	0	0	0	0	0	0	0	0	0	0	0	0	0	0	0	0	0	0	0	0	0	0	0	0	0	0	0	0	0	0	0	0	0	0	0	0	0	0	0	0	0	0	0	0	0	0	0	0	0	0	0	0	0	0	0	0	0	0	0	0	0	0	0	0	0	0	0	0	0	0	0	0	
240	0	0	0	0	0	0	0	0	0	0	0	1	2	20	99	244	543	1137	1899	2557	3410	4134	4735	5217	5378	5365	5648	5353	5443	5063	4835	4570	4280	4059	3728	3108	2558	2103	1570	1111	781	536	330	203	101	51	28	10	3	0	0	0	0	0	0	0	0	0	0	0	0	0	0	0	0	0	0	0	0	0	0	0	0	0	0	0	0	0	0	0	0	0	0	0	0	0	0	0	0	0	0	0	0	0	0	0	0	0	0	0	0	0	0	0	0	0	0	0	0	0	0	0	0	0	0	0	0	0	0	0	0	0	0	0	0	0	0	0	0	0	0	0	0	0	
250	0	0	0	0	0	0	0	0	0	0	0	0	0	8	13	67	203	397	802	1114	1458	1818	2071	2554	2746	2607	2592	2562	2579	2538	2304	2152	2014	1876	1693	1570	1364	1150	999	744	554	390	269	170	100	60	22	22	6	0	0	0	0	0	0	0	0	0	0	0	0	0	0	0	0	0	0	0	0	0	0	0	0	0	0	0	0	0	0	0	0	0	0	0	0	0	0	0	0	0	0	0	0	0	0	0	0	0	0	0	0	0	0	0	0	0	0	0	0	0	0	0	0	0	0	0	0	0	0	0	0	0	0	0	0	0	0	0	0	0	0	0	0	0	
260	0	0	0	0	0	0	0	0	0	0	0	0	0	0	3	10	41	82	206	315	482	615	766	803	980	1027	883	922	926	941	997	846	784	771	703	693	654	527	428	376	334	246	202	127	97	57	33	22	13	1	1	0	0	0	0	0	0	0	0	0	0	0	0	0	0	0	0	0	0	0	0	0	0	0	0	0	0	0	0	0	0	0	0	0	0	0	0	0	0	0	0	0	0	0	0	0	0	0	0	0	0	0	0	0	0	0	0	0	0	0	0	0	0	0	0	0	0	0	0	0	0	0	0	0	0	0	0	0	0	0	0	0	0	0	
270	0	0	0	0	0	0	0	0	0	0	0	0	0	0	0	1	9	18	42	79	133	182	232	266	319	386	419	347	376	372	427	383	333	344	301	280	267	199	228	176	148	135	127	90	48	48	25	18	14	10	6	0	2	1	0	0	0	0	0	0	0	0	0	0	0	0	0	0	0	0	0	0	0	0	0	0	0	0	0	0	0	0	0	0	0	0	0	0	0	0	0	0	0	0	0	0	0	0	0	0	0	0	0	0	0	0	0	0	0	0	0	0	0	0	0	0	0	0	0	0	0	0	0	0	0	0	0	0	0	0	0	0	0	0	
280	0	0	0	0	0	0	0	0	0	0	0	0	0	0	1	2	1	4	11	23	37	56	85	87	88	107	160	120	125	136	115	143	106	118	76	87	104	72	66	48	84	30	30	34	24	17	15	7	5	2	0	2	2	0	0	0	0	0	0	0	0	0	0	0	0	0	0	0	0	0	0	0	0	0	0	0	0	0	0	0	0	0	0	0	0	0	0	0	0	0	0	0	0	0	0	0	0	0	0	0	0	0	0	0	0	0	0	0	0	0	0	0	0	0	0	0	0	0	0	0	0	0	0	0	0	0	0	0	0	0	0	0	0	0	
290	0	0	0	0	0	0	0	0	0	0	0	0	0	0	0	0	0	0	1	5	7	21	16	21	24	28	35	46	28	41	38	33	26	17	30	15	24	21	16	12	16	10	8	11	6	2	1	8	4	4	4	1	2	1	0	1	0	0	0	0	0	0	0	0	0	0	0	0	0	0	0	0	0	0	0	0	0	0	0	0	0	0	0	0	0	0	0	0	0	0	0	0	0	0	0	0	0	0	0	0	0	0	0	0	0	0	0	0	0	0	0	0	0	0	0	0	0	0	0	0	0	0	0	0	0	0	0	0	0	0	0	0	0	0	
300	0	0	0	0	0	0	0	0	0	0	0	0	0	0	0	0	0	0	0	0	0	2	2	3	2	5	12	5	3	7	5	10	5	8	9	2	2	14	7	3	0	7	4	4	2	2	2	0	2	0	1	0	0	1	3	0	1	0	0	0	0	0	0	0	0	0	0	0	0	0	0	0	0	0	0	0	0	0	0	0	0	0	0	0	0	0	0	0	0	0	0	0	0	0	0	0	0	0	0	0	0	0	0	0	0	0	0	0	0	0	0	0	0	0	0	0	0	0	0	0	0	0	0	0	0	0	0	0	0	0	0	0	0	0	
310	0	0	0	0	0	0	0	0	0	0	0	0	0	0	0	0	0	0	0	0	0	0	0	3	1	2	9	2	3	4	1	3	1	1	1	1	1	1	1	2	1	3	0	0	3	2	0	1	2	0	0	1	0	1	0	3	0	0	1	0	0	0	0	0	0	0	0	0	0	0	0	0	0	0	0	0	0	0	0	0	0	0	0	0	0	0	0	0	0	0	0	0	0	0	0	0	0	0	0	0	0	0	0	0	0	0	0	0	0	0	0	0	0	0	0	0	0	0	0	0	0	0	0	0	0	0	0	0	0	0	0	0	0	0	
320	0	0	0	0	0	0	0	0	0	0	0	0	0	0	0	0	0	0	0	0	0	0	0	0	0	0	0	0	1	0	1	0	0	0	0	5	2	0	0	0	1	0	1	0	1	0	0	1	0	0	0	0	0	1	0	0	0	1	3	0	0	0	0	0	0	0	0	0	0	0	0	0	0	0	0	0	0	0	0	0	0	0	0	0	0	0	0	0	0	0	0	0	0	0	0	0	0	0	0	0	0	0	0	0	0	0	0	0	0	0	0	0	0	0	0	0	0	0	0	0	0	0	0	0	0	0	0	0	0	0	0	0	0	0	
330	0	0	0	0	0	0	0	0	0	0	0	0	0	0	0	0	0	0	0	0	0	0	0	0	0	0	0	0	0	4	1	3	0	0	0	0	1	1	0	0	1	0	1	3	0	0	0	1	0	0	2	0	0	0	0	1	3	0	0	1	1	0	0	0	0	0	0	0	0	0	0	0	0	0	0	0	0	0	0	0	0	0	0	0	0	0	0	0	0	0	0	0	0	0	0	0	0	0	0	0	0	0	0	0	0	0	0	0	0	0	0	0	0	0	0	0	0	0	0	0	0	0	0	0	0	0	0	0	0	0	0	0	0	0	
340	0	0	0	0	0	0	0	0	0	0	0	0	0	0	0	0	0	0	0	0	0	0	0	0	0	0	0	0	0	0	0	0	0	0	0	0	0	0	0	0	0	1	0	0	0	0	0	0	0	1	0	1	0	0	0	0	0	0	0	0	0	1	1	0	0	0	0	0	0	0	0	0	0	0	0	0	0	0	0	0	0	0	0	0	0	0	0	0	0	0	0	0	0	0	0	0	0	0	0	0	0	0	0	0	0	0	0	0	0	0	0	0	0	0	0	0	0	0	0	0	0	0	0	0	0	0	0	0	0	0	0	0	0	0	
350	0	0	0	0	0	0	0	0	0	0	0	0	0	0	0	0	0	0	0	0	0	0	1	0	0	0	0	0	0	0	0	0	1	0	0	0	0	1	0	0	0	0	0	0	2	0	0	0	1	0	0	0	0	0	1	0	0	0	0	0	0	0	0	1	0	0	0	0	0	0	0	0	0	0	0	0	0	0	0	0	0	0	0	0	0	0	0	0	0	0	0	0	0	0	0	0	0	0	0	0	0	0	0	0	0	0	0	0	0	0	0	0	0	0	0	0	0	0	0	0	0	0	0	0	0	0	0	0	0	0	0	0	0	0	
360	0	0	0	0	0	0	0	0	0	0	0	0	0	0	0	0	0	0	0	0	0	0	0	0	0	1	0	0	0	0	0	0	0	0	0	0	0	0	1	0	0	0	0	0	0	0	0	0	0	0	0	1	0	0	0	1	0	0	0	0	1	0	0	0	1	0	0	0	0	0	0	0	0	0	0	0	0	0	0	0	0	0	0	0	0	0	0	0	0	0	0	0	0	0	0	0	0	0	0	0	0	0	0	0	0	0	0	0	0	0	0	0	0	0	0	0	0	0	0	0	0	0	0	0	0	0	0	0	0	0	0	0	0	0	
370	0	0	0	0	0	0	0	0	0	0	0	0	0	0	0	0	0	0	0	0	0	0	0	0	0	0	0	0	0	0	0	0	0	0	0	0	0	0	0	0	0	0	0	0	0	0	0	0	1	0	0	0	0	0	0	0	0	0	0	0	0	0	0	0	1	0	0	0	0	0	0	0	0	0	0	0	0	0	0	0	0	0	0	0	0	0	0	0	0	0	0	0	0	0	0	0	0	0	0	0	0	0	0	0	0	0	0	0	0	0	0	0	0	0	0	0	0	0	0	0	0	0	0	0	0	0	0	0	0	0	0	0	0	0	
380	0	0	0	0	0	0	0	0	0	0	0	0	0	0	0	0	0	0	0	0	0	0	0	0	0	0	0	0	0	0	0	0	0	0	0	0	0	0	0	0	0	0	1	0	0	0	0	0	0	0	0	0	0	0	0	0	0	0	0	1	0	0	0	1	0	0	0	0	1	0	0	0	0	0	0	0	0	0	0	0	0	0	0	0	0	0	0	0	0	0	0	0	0	0	0	0	0	0	0	0	0	0	0	0	0	0	0	0	0	0	0	0	0	0	0	0	0	0	0	0	0	0	0	0	0	0	0	0	0	0	0	0	0	0	
390	0	0	0	0	0	0	0	0	0	0	0	0	0	0	0	0	0	0	0	0	0	0	0	0	0	0	0	0	0	0	0	0	1	1	0	0	0	0	0	2	0	0	0	0	0	0	0	0	0	0	1	0	0	0	0	1	0	0	0	0	0	0	0	0	0	0	0	0	0	0	0	0	0	0	0	0	0	0	0	0	0	0	0	0	0	0	0	0	0	0	0	0	0	0	0	0	0	0	0	0	0	0	0	0	0	0	0	0	0	0	0	0	0	0	0	0	0	0	0	0	0	0	0	0	0	0	0	0	0	0	0	0	0	0	
400	0	0	0	0	0	0	0	0	0	0	0	0	0	0	0	0	0	0	0	0	0	0	0	0	0	0	0	0	0	0	0	0	0	1	0	0	0	0	0	0	1	0	0	0	0	1	0	1	0	0	0	0	0	0	0	1	0	0	0	0	0	2	0	0	0	0	0	0	0	0	0	0	0	0	0	0	0	0	0	0	0	0	0	0	0	0	0	0	0	0	0	0	0	0	0	0	0	0	0	0	0	0	0	0	0	0	0	0	0	0	0	0	0	0	0	0	0	0	0	0	0	0	0	0	0	0	0	0	0	0	0	0	0	0	
410	0	0	0	0	0	0	0	0	0	0	0	0	0	0	0	0	0	0	0	0	0	0	0	0	0	0	0	0	0	0	0	0	0	0	0	0	0	0	0	0	0	0	0	0	0	0	0	0	0	0	1	0	0	0	0	0	0	1	1	0	0	0	0	0	0	0	0	0	0	0	0	0	0	0	0	0	0	0	0	0	0	0	0	0	0	0	0	0	0	0	0	0	0	0	0	0	0	0	0	0	0	0	0	0	0	0	0	0	0	0	0	0	0	0	0	0	0	0	0	0	0	0	0	0	0	0	0	0	0	0	0	0	0	0	
420	0	0	0	0	0	0	0	0	0	0	0	0	0	0	0	0	0	0	0	0	0	0	0	0	0	0	0	0	0	0	0	0	0	0	0	0	0	0	0	0	0	1	0	0	0	0	0	0	0	0	0	0	0	0	0	0	1	0	0	0	0	0	0	0	0	1	0	0	0	0	1	0	0	0	0	0	0	0	0	0	0	0	0	0	0	0	0	0	0	0	0	0	0	0	0	0	0	0	0	0	0	0	0	0	0	0	0	0	0	0	0	0	0	0	0	0	0	0	0	0	0	0	0	0	0	0	0	0	0	0	0	0	0	0	
430	0	0	0	0	0	0	0	0	0	0	0	0	0	0	0	0	0	0	0	0	0	0	0	0	0	0	0	0	1	0	0	0	0	0	0	0	0	0	0	0	0	0	0	0	1	1	0	0	1	0	0	1	0	0	0	0	0	0	0	0	0	0	2	0	0	0	0	0	0	0	0	0	0	0	0	0	0	0	0	0	0	0	0	0	0	0	0	0	0	0	0	0	0	0	0	0	0	0	0	0	0	0	0	0	0	0	0	0	0	0	0	0	0	0	0	0	0	0	0	0	0	0	0	0	0	0	0	0	0	0	0	0	0	0	
440	0	0	0	0	0	0	0	0	0	0	0	0	0	0	0	0	0	0	0	0	0	0	0	0	0	0	0	0	0	0	0	0	0	0	0	0	1	1	0	0	0	0	0	0	0	0	0	0	0	0	0	0	0	0	0	0	0	0	0	0	0	0	0	0	0	0	0	0	0	0	0	0	0	0	0	0	0	0	0	0	0	0	0	0	0	0	0	0	0	0	0	0	0	0	0	0	0	0	0	0	0	0	0	0	0	0	0	0	0	0	0	0	0	0	0	0	0	0	0	0	0	0	0	0	0	0	0	0	0	0	0	0	0	0	
450	0	0	0	0	0	0	0	0	0	0	0	0	0	0	0	0	0	0	0	0	0	0	0	0	0	0	0	0	0	0	0	0	0	0	0	0	0	0	0	0	0	0	0	0	0	0	0	0	0	0	0	0	1	0	0	0	0	0	0	0	0	0	0	0	0	0	0	0	0	0	0	0	2	0	0	0	0	0	0	0	0	0	0	0	0	0	0	0	0	0	0	0	0	0	0	0	0	0	0	0	0	0	0	0	0	0	0	0	0	0	0	0	0	0	0	0	0	0	0	0	0	0	0	0	0	0	0	0	0	0	0	0	0	0	
460	0	0	0	0	0	0	0	0	0	0	0	0	0	0	0	0	0	0	0	0	0	0	0	0	0	0	0	0	0	0	0	0	0	0	0	0	0	0	0	0	0	0	0	0	0	0	1	0	0	0	0	0	0	0	2	0	0	0	0	0	0	0	0	0	0	0	0	0	0	0	0	0	0	0	0	0	0	0	0	0	0	0	0	0	0	0	0	0	0	0	0	0	0	0	0	0	0	0	0	0	0	0	0	0	0	0	0	0	0	0	0	0	0	0	0	0	0	0	0	0	0	0	0	0	0	0	0	0	0	0	0	0	0	0	
470	0	0	0	0	0	0	0	0	0	0	0	0	0	0	0	0	0	0	0	0	0	0	0	0	0	0	0	0	0	0	0	0	0	0	0	0	0	0	0	0	0	0	0	0	0	0	0	0	0	0	0	0	0	0	0	0	0	0	0	0	0	1	0	0	0	0	0	0	1	0	0	0	0	1	0	0	0	0	0	0	0	0	0	0	0	0	0	0	0	0	0	0	0	0	0	0	0	0	0	0	0	0	0	0	0	0	0	0	0	0	0	0	0	0	0	0	0	0	0	0	0	0	0	0	0	0	0	0	0	0	0	0	0	0	
480	0	0	0	0	0	0	0	0	0	0	0	0	0	0	0	0	0	0	0	0	0	0	0	0	0	0	0	0	0	0	0	0	0	0	0	0	0	0	0	0	0	0	0	0	0	0	0	0	0	0	0	3	0	0	0	0	1	0	0	0	0	0	0	0	0	0	0	0	0	0	0	0	0	0	0	0	0	0	0	0	0	0	0	0	0	0	0	0	0	0	0	0	0	0	0	0	0	0	0	0	0	0	0	0	0	0	0	0	0	0	0	0	0	0	0	0	0	0	0	0	0	0	0	0	0	0	0	0	0	0	0	0	0	0	
490	0	0	0	0	0	0	0	0	0	0	0	0	0	0	0	0	0	0	0	0	0	0	0	0	0	0	0	0	0	0	0	0	0	0	0	0	0	0	0	0	0	0	0	0	2	0	0	0	0	0	0	0	0	0	0	1	0	0	0	0	0	0	0	0	0	0	0	0	0	0	0	0	0	0	0	0	0	0	0	0	0	0	0	0	0	0	0	0	0	0	0	0	0	0	0	0	0	0	0	0	0	0	0	0	0	0	0	0	0	0	0	0	0	0	0	0	0	0	0	0	0	0	0	0	0	0	0	0	0	0	0	0	0	0	
500	0	0	0	0	0	0	0	0	0	0	0	0	0	0	0	0	0	0	0	0	0	0	0	0	0	0	0	0	0	0	0	0	0	0	0	0	0	0	0	0	0	0	0	0	0	0	0	0	0	0	0	0	0	0	0	0	1	0	0	1	0	0	0	0	0	0	0	0	0	0	0	0	0	0	0	0	0	0	0	0	0	0	0	0	0	0	0	0	0	0	0	0	0	0	0	0	0	0	0	0	0	0	0	0	0	0	0	0	0	0	0	0	0	0	0	0	0	0	0	0	0	0	0	0	0	0	0	0	0	0	0	0	0	0	
510	0	0	0	0	0	0	0	0	0	0	0	0	0	0	0	0	0	0	0	0	0	0	0	0	0	0	0	0	0	0	0	0	0	0	0	0	0	0	0	0	0	0	0	0	0	0	0	0	0	0	0	0	0	0	0	0	0	0	0	0	0	0	0	1	0	0	0	0	0	0	0	0	0	0	0	0	0	0	0	0	0	0	0	0	0	0	0	0	0	0	0	0	0	0	0	0	0	0	0	0	0	0	0	0	0	0	0	0	0	0	0	0	0	0	0	0	0	0	0	0	0	0	0	0	0	0	0	0	0	0	0	0	0	0	
520	0	0	0	0	0	0	0	0	0	0	0	0	0	0	0	0	0	0	0	0	0	0	0	0	0	0	0	0	0	0	0	0	0	0	0	0	0	0	0	0	0	0	0	0	1	0	1	0	0	0	0	1	0	0	0	0	0	0	0	0	0	0	0	0	0	0	0	0	0	0	0	0	0	0	0	0	0	0	0	0	0	0	0	0	0	0	0	0	0	0	0	0	0	0	0	0	0	0	0	0	0	0	0	0	0	0	0	0	0	0	0	0	0	0	0	0	0	0	0	0	0	0	0	0	0	0	0	0	0	0	0	0	0	0	
530	0	0	0	0	0	0	0	0	0	0	0	0	0	0	0	0	0	0	0	0	0	0	0	0	0	0	0	0	0	0	0	0	0	0	0	0	0	0	0	0	0	0	0	0	0	0	0	0	0	0	0	0	0	0	0	0	0	0	0	0	0	0	0	0	0	0	0	0	1	0	0	0	0	0	0	0	0	0	0	0	0	0	0	0	0	0	0	0	0	0	0	0	0	0	0	0	0	0	0	0	0	0	0	0	0	0	0	0	0	0	0	0	0	0	0	0	0	0	0	0	0	0	0	0	0	0	0	0	0	0	0	0	0	0	


10	0	40	80	
0	0	0	
20	0	20	40	60	80	100	
0	0	0	0	0	0	
30	0	13.3333	26.6667	40	53.3333	66.6667	80	93.3333	
0	0	0	0	0	0	0	0	
40	0	10	20	30	40	50	60	70	80	90	100	
0	0	0	0	0	0	0	0	0	0	0	
50	0	8	16	24	32	40	48	56	64	72	80	88	96	
0	0	0	0	0	0	0	0	0	0	0	0	0	
60	0	6.66667	13.3333	20	26.6667	33.3333	40	46.6667	53.3333	60	66.6667	73.3333	80	86.6667	93.3333	100	
0	0	0	0	0	0	0	0	0	0	0	0	0	0	0	0	
70	0	5.71429	11.4286	17.1429	22.8571	28.5714	34.2857	40	45.7143	51.4286	57.1429	62.8571	68.5714	74.2857	80	85.7143	91.4286	97.1429	
0	0	0	0	0	0	0	0	0	0	0	0	0	0	0	1	0	0	
80	0	5	10	15	20	25	30	35	40	45	50	55	60	65	70	75	80	85	90	95	100	
0	0	0	0	0	0	0	0	0	0	0	2	0	0	0	0	0	0	0	0	0	
90	0	4.44444	8.88889	13.3333	17.7778	22.2222	26.6667	31.1111	35.5556	40	44.4444	48.8889	53.3333	57.7778	62.2222	66.6667	71.1111	75.5556	80	84.4444	88.8889	93.3333	97.7778	
0	0	0	0	0	0	0	2	2	0	1	3	2	0	3	6	1	0	0	0	0	0	0	
100	0	4	8	12	16	20	24	28	32	36	40	44	48	52	56	60	64	68	72	76	80	84	88	92	96	100	
0	0	0	0	0	1	0	4	5	10	20	16	25	22	15	23	11	10	2	8	1	0	0	0	0	0	
110	0	3.63636	7.27273	10.9091	14.5455	18.1818	21.8182	25.4545	29.0909	32.7273	36.3636	40	43.6364	47.2727	50.9091	54.5455	58.1818	61.8182	65.4545	69.0909	72.7273	76.3636	80	83.6364	87.2727	90.9091	94.5455	98.1818	
0	0	0	0	0	0	0	1	8	19	27	28	37	44	42	39	48	27	24	16	5	3	2	0	0	0	0	0	
120	0	3.33333	6.66667	10	13.3333	16.6667	20	23.3333	26.6667	30	33.3333	36.6667	40	43.3333	46.6667	50	53.3333	56.6667	60	63.3333	66.6667	70	73.3333	76.6667	80	83.3333	86.6667	90	93.3333	96.6667	100	
0	0	0	0	0	0	1	4	13	25	61	70	64	63	83	86	106	87	84	67	26	22	12	8	4	1	0	0	0	0	0	
130	0	3.07692	6.15385	9.23077	12.3077	15.3846	18.4615	21.5385	24.6154	27.6923	30.7692	33.8462	36.9231	40	43.0769	46.1538	49.2308	52.3077	55.3846	58.4615	61.5385	64.6154	67.6923	70.7692	73.8462	76.9231	80	83.0769	86.1538	89.2308	92.3077	95.3846	98.4615	
0	0	0	0	0	0	2	6	14	29	76	122	155	188	214	208	239	224	244	185	190	110	71	44	18	12	5	0	0	0	0	0	0	
140	0	2.85714	5.71429	8.57143	11.4286	14.2857	17.1429	20	22.8571	25.7143	28.5714	31.4286	34.2857	37.1429	40	42.8571	45.7143	48.5714	51.4286	54.2857	57.1429	60	62.8571	65.7143	68.5714	71.4286	74.2857	77.1429	80	82.8571	85.7143	88.5714	91.4286	94.2857	97.1429	100	
0	0	0	0	0	0	0	3	21	47	116	221	317	384	470	548	590	524	541	502	523	468	331	256	160	48	19	19	4	3	2	0	0	0	0	0	
150	0	2.66667	5.33333	8	10.6667	13.3333	16	18.6667	21.3333	24	26.6667	29.3333	32	34.6667	37.3333	40	42.6667	45.3333	48	50.6667	53.3333	56	58.6667	61.3333	64	66.6667	69.3333	72	74.6667	77.3333	80	82.6667	85.3333	88	90.6667	93.3333	96	98.6667	
0	0	0	0	0	0	0	0	14	57	163	315	529	808	1032	1156	1295	1356	1407	1493	1519	1495	1271	1081	803	472	273	122	65	37	13	3	0	0	0	0	0	0	
160	0	2.5	5	7.5	10	12.5	15	17.5	20	22.5	25	27.5	30	32.5	35	37.5	40	42.5	45	47.5	50	52.5	55	57.5	60	62.5	65	67.5	70	72.5	75	77.5	80	82.5	85	87.5	90	92.5	95	97.5	100	
0	0	0	0	0	0	0	1	6	47	179	452	970	1614	2396	2849	3270	3906	3758	4003	4062	4155	3931	3573	3251	2585	1715	965	562	251	137	66	24	4	2	0	0	0	0	0	0	
170	0	2.35294	4.70588	7.05882	9.41176	11.7647	14.1176	16.4706	18.8235	21.1765	23.5294	25.8824	28.2353	30.5882	32.9412	35.2941	37.6471	40	42.3529	44.7059	47.0588	49.4118	51.7647	54.1176	56.4706	58.8235	61.1765	63.5294	65.8824	68.2353	70.5882	72.9412	75.2941	77.6471	80	82.3529	84.7059	87.0588	89.4118	91.7647	94.1176	96.4706	98.8235	
0	0	0	0	0	0	0	0	10	53	184	574	1376	2609	4118	5597	6641	7519	8218	8338	8527	8214	8401	8440	7626	6642	5164	3925	2520	1389	750	449	201	87	37	12	0	0	0	0	0	0	0	
180	0	2.22222	4.44444	6.66667	8.88889	11.1111	13.3333	15.5556	17.7778	20	22.2222	24.4444	26.6667	28.8889	31.1111	33.3333	35.5556	37.7778	40	42.2222	44.4444	46.6667	48.8889	51.1111	53.3333	55.5556	57.7778	60	62.2222	64.4444	66.6667	68.8889	71.1111	73.3333	75.5556	77.7778	80	82.2222	84.4444	86.6667	88.8889	91.1111	93.3333	95.5556	97.7778	100	
0	0	0	0	0	0	1	0	4	29	160	510	1138	2630	4593	6731	8608	9983	11438	11649	12202	12328	12085	11462	11266	10691	9340	7507	5678	4033	2608	1391	839	432	225	81	43	9	2	0	0	0	0	0	0	0	
190	0	2.10526	4.21053	6.31579	8.42105	10.5263	12.6316	14.7368	16.8421	18.9474	21.0526	23.1579	25.2632	27.3684	29.4737	31.5789	33.6842	35.7895	37.8947	40	42.1053	44.2105	46.3158	48.4211	50.5263	52.6316	54.7368	56.8421	58.9474	61.0526	63.1579	65.2632	67.3684	69.4737	71.5789	73.6842	75.7895	77.8947	80	82.1053	84.2105	86.3158	88.4211	90.5263	92.6316	94.7368	96.8421	98.9474	
0	0	0	0	0	0	0	0	2	16	41	228	788	1775	3622	5775	8093	10156	11531	12371	12928	13305	12999	12600	12380	12034	11378	10133	8340	6864	5235	3437	2112	1214	712	380	178	106	31	6	0	0	0	0	0	0	0	0	
200	0	2	4	6	8	10	12	14	16	18	20	22	24	26	28	30	32	34	36	38	40	42	44	46	48	50	52	54	56	58	60	62	64	66	68	70	72	74	76	78	80	82	84	86	88	90	92	94	96	98	100	
0	0	0	0	0	0	0	0	0	1	22	73	373	939	2162	3960	5929	7964	9798	10640	11812	12205	12369	12142	11823	11536	11111	10854	9544	8393	6770	5577	3999	2701	1675	1007	542	287	110	69	17	10	0	0	0	0	0	0	0	0	0	
210	0	1.90476	3.80952	5.71429	7.61905	9.52381	11.4286	13.3333	15.2381	17.1429	19.0476	20.9524	22.8571	24.7619	26.6667	28.5714	30.4762	32.381	34.2857	36.1905	38.0952	40	41.9048	43.8095	45.7143	47.619	49.5238	51.4286	53.3333	55.2381	57.1429	59.0476	60.9524	62.8571	64.7619	66.6667	68.5714	70.4762	72.381	74.2857	76.1905	78.0952	80	81.9048	83.8095	85.7143	87.619	89.5238	91.4286	93.3333	95.2381	97.1429	99.0476	
0	0	0	0	0	0	0	0	0	0	7	27	134	489	1019	2274	3875	5277	6972	8300	9418	10417	10557	10695	10780	10303	10102	9580	9141	8730	7653	6487	5451	4081	2997	1875	1247	723	365	186	107	44	15	2	0	0	0	0	0	0	0	0	0	
220	0	1.81818	3.63636	5.45455	7.27273	9.09091	10.9091	12.7273	14.5455	16.3636	18.1818	20	21.8182	23.6364	25.4545	27.2727	29.0909	30.9091	32.7273	34.5455	36.3636	38.1818	40	41.8182	43.6364	45.4545	47.2727	49.0909	50.9091	52.7273	54.5455	56.3636	58.1818	60	61.8182	63.6364	65.4545	67.2727	69.0909	70.9091	72.7273	74.5455	76.3636	78.1818	80	81.8182	83.6364	85.4545	87.2727	89.0909	90.9091	92.7273	94.5455	96.3636	98.1818	100	
0	0	0	0	0	0	0	0	0	0	0	8	52	186	491	1102	2168	3399	4606	6387	7211	8385	8711	8919	9241	9234	8963	8701	8398	7892	7527	7135	6123	5025	4195	3227	2217	1524	929	559	316	172	78	38	8	5	0	0	0	0	0	0	0	0	0	0	
230	0	1.73913	3.47826	5.21739	6.95652	8.69565	10.4348	12.1739	13.913	15.6522	17.3913	19.1304	20.8696	22.6087	24.3478	26.087	27.8261	29.5652	31.3043	33.0435	34.7826	36.5217	38.2609	40	41.7391	43.4783	45.2174	46.9565	48.6957	50.4348	52.1739	53.913	55.6522	57.3913	59.1304	60.8696	62.6087	64.3478	66.087	67.8261	69.5652	71.3043	73.0435	74.7826	76.5217	78.2609	80	81.7391	83.4783	85.2174	86.9565	88.6957	90.4348	92.1739	93.913	95.6522	97.3913	99.1304	
0	0	0	0	0	0	0	0	0	0	0	0	10	60	244	620	1265	2278	3157	4242	5478	6225	7201	7331	7650	7722	7832	7845	7542	7174	6940	6386	6232	5574	4651	3772	3132	2318	1595	1034	716	349	178	123	52	21	6	3	0	1	0	0	0	0	0	0	0	0	
240	0	1.66667	3.33333	5	6.66667	8.33333	10	11.6667	13.3333	15	16.6667	18.3333	20	21.6667	23.3333	25	26.6667	28.3333	30	31.6667	33.3333	35	36.6667	38.3333	40	41.6667	43.3333	45	46.6667	48.3333	50	51.6667	53.3333	55	56.6667	58.3333	60	61.6667	63.3333	65	66.6667	68.3333	70	71.6667	73.3333	75	76.6667	78.3333	80	81.6667	83.3333	85	86.6667	88.3333	90	91.6667	93.3333	95	96.6667	98.3333	100	
0	0	0	0	0	0	0	0	0	0	0	1	2	20	99	244	543	1137	1899	2557	3410	4134	4735	5217	5378	5365	5648	5353	5443	5063	4835	4570	4280	4059	3728	3108	2558	2103	1570	1111	781	536	330	203	101	51	28	10	3	0	0	0	0	0	0	0	0	0	0	0	0	
250	0	1.6	3.2	4.8	6.4	8	9.6	11.2	12.8	14.4	16	17.6	19.2	20.8	22.4	24	25.6	27.2	28.8	30.4	32	33.6	35.2	36.8	38.4	40	41.6	43.2	44.8	46.4	48	49.6	51.2	52.8	54.4	56	57.6	59.2	60.8	62.4	64	65.6	67.2	68.8	70.4	72	73.6	75.2	76.8	78.4	80	81.6	83.2	84.8	86.4	88	89.6	91.2	92.8	94.4	96	97.6	99.2	
0	0	0	0	0	0	0	0	0	0	0	0	0	8	13	67	203	397	802	1114	1458	1818	2071	2554	2746	2607	2592	2562	2579	2538	2304	2152	2014	1876	1693	1570	1364	1150	999	744	554	390	269	170	100	60	22	22	6	0	0	0	0	0	0	0	0	0	0	0	0	0	0	
260	0	1.53846	3.07692	4.61538	6.15385	7.69231	9.23077	10.7692	12.3077	13.8462	15.3846	16.9231	18.4615	20	21.5385	23.0769	24.6154	26.1538	27.6923	29.2308	30.7692	32.3077	33.8462	35.3846	36.9231	38.4615	40	41.5385	43.0769	44.6154	46.1538	47.6923	49.2308	50.7692	52.3077	53.8462	55.3846	56.9231	58.4615	60	61.5385	63.0769	64.6154	66.1538	67.6923	69.2308	70.7692	72.3077	73.8462	75.3846	76.9231	78.4615	80	81.5385	83.0769	84.6154	86.1538	87.6923	89.2308	90.7692	92.3077	93.8462	95.3846	96.9231	98.4615	100	
0	0	0	0	0	0	0	0	0	0	0	0	0	0	3	10	41	82	206	315	482	615	766	803	980	1027	883	922	926	941	997	846	784	771	703	693	654	527	428	376	334	246	202	127	97	57	33	22	13	1	1	0	0	0	0	0	0	0	0	0	0	0	0	0	0	0	
270	0	1.48148	2.96296	4.44444	5.92593	7.40741	8.88889	10.3704	11.8519	13.3333	14.8148	16.2963	17.7778	19.2593	20.7407	22.2222	23.7037	25.1852	26.6667	28.1481	29.6296	31.1111	32.5926	34.0741	35.5556	37.037	38.5185	40	41.4815	42.963	44.4444	45.9259	47.4074	48.8889	50.3704	51.8519	53.3333	54.8148	56.2963	57.7778	59.2593	60.7407	62.2222	63.7037	65.1852	66.6667	68.1481	69.6296	71.1111	72.5926	74.0741	75.5556	77.037	78.5185	80	81.4815	82.963	84.4444	85.9259	87.4074	88.8889	90.3704	91.8519	93.3333	94.8148	96.2963	97.7778	99.2593	
0	0	0	0	0	0	0	0	0	0	0	0	0	0	0	1	9	18	42	79	133	182	232	266	319	386	419	347	376	372	427	383	333	344	301	280	267	199	228	176	148	135	127	90	48	48	25	18	14	10	6	0	2	1	0	0	0	0	0	0	0	0	0	0	0	0	0	0	
280	0	1.42857	2.85714	4.28571	5.71429	7.14286	8.57143	10	11.4286	12.8571	14.2857	15.7143	17.1429	18.5714	20	21.4286	22.8571	24.2857	25.7143	27.1429	28.5714	30	31.4286	32.8571	34.2857	35.7143	37.1429	38.5714	40	41.4286	42.8571	44.2857	45.7143	47.1429	48.5714	50	51.4286	52.8571	54.2857	55.7143	57.1429	58.5714	60	61.4286	62.8571	64.2857	65.7143	67.1429	68.5714	70	71.4286	72.8571	74.2857	75.7143	77.1429	78.5714	80	81.4286	82.8571	84.2857	85.7143	87.1429	88.5714	90	91.4286	92.8571	94.2857	95.7143	97.1429	98.5714	100	
0	0	0	0	0	0	0	0	0	0	0	0	0	0	1	2	1	4	11	23	37	56	85	87	88	107	160	120	125	136	115	143	106	118	76	87	104	72	66	48	84	30	30	34	24	17	15	7	5	2	0	2	2	0	0	0	0	0	0	0	0	0	0	0	0	0	0	0	0	0	0	
290	0	1.37931	2.75862	4.13793	5.51724	6.89655	8.27586	9.65517	11.0345	12.4138	13.7931	15.1724	16.5517	17.931	19.3103	20.6897	22.069	23.4483	24.8276	26.2069	27.5862	28.9655	30.3448	31.7241	33.1034	34.4828	35.8621	37.2414	38.6207	40	41.3793	42.7586	44.1379	45.5172	46.8966	48.2759	49.6552	51.0345	52.4138	53.7931	55.1724	56.5517	57.931	59.3103	60.6897	62.069	63.4483	64.8276	66.2069	67.5862	68.9655	70.3448	71.7241	73.1034	74.4828	75.8621	77.2414	78.6207	80	81.3793	82.7586	84.1379	85.5172	86.8966	88.2759	89.6552	91.0345	92.4138	93.7931	95.1724	96.5517	97.931	99.3103	
0	0	0	0	0	0	0	0	0	0	0	0	0	0	0	0	0	0	1	5	7	21	16	21	24	28	35	46	28	41	38	33	26	17	30	15	24	21	16	12	16	10	8	11	6	2	1	8	4	4	4	1	2	1	0	1	0	0	0	0	0	0	0	0	0	0	0	0	0	0	0	0	0	
300	0	1.33333	2.66667	4	5.33333	6.66667	8	9.33333	10.6667	12	13.3333	14.6667	16	17.3333	18.6667	20	21.3333	22.6667	24	25.3333	26.6667	28	29.3333	30.6667	32	33.3333	34.6667	36	37.3333	38.6667	40	41.3333	42.6667	44	45.3333	46.6667	48	49.3333	50.6667	52	53.3333	54.6667	56	57.3333	58.6667	60	61.3333	62.6667	64	65.3333	66.6667	68	69.3333	70.6667	72	73.3333	74.6667	76	77.3333	78.6667	80	81.3333	82.6667	84	85.3333	86.6667	88	89.3333	90.6667	92	93.3333	94.6667	96	97.3333	98.6667	100	
0	0	0	0	0	0	0	0	0	0	0	0	0	0	0	0	0	0	0	0	0	2	2	3	2	5	12	5	3	7	5	10	5	8	9	2	2	14	7	3	0	7	4	4	2	2	2	0	2	0	1	0	0	1	3	0	1	0	0	0	0	0	0	0	0	0	0	0	0	0	0	0	0	0	0	0	
310	0	1.29032	2.58065	3.87097	5.16129	6.45161	7.74194	9.03226	10.3226	11.6129	12.9032	14.1935	15.4839	16.7742	18.0645	19.3548	20.6452	21.9355	23.2258	24.5161	25.8065	27.0968	28.3871	29.6774	30.9677	32.2581	33.5484	34.8387	36.129	37.4194	38.7097	40	41.2903	42.5806	43.871	45.1613	46.4516	47.7419	49.0323	50.3226	51.6129	52.9032	54.1935	55.4839	56.7742	58.0645	59.3548	60.6452	61.9355	63.2258	64.5161	65.8065	67.0968	68.3871	69.6774	70.9677	72.2581	73.5484	74.8387	76.129	77.4194	78.7097	80	81.2903	82.5806	83.871	85.1613	86.4516	87.7419	89.0323	90.3226	91.6129	92.9032	94.1935	95.4839	96.7742	98.0645	99.3548	
0	0	0	0	0	0	0	0	0	0	0	0	0	0	0	0	0	0	0	0	0	0	0	3	1	2	9	2	3	4	1	3	1	1	1	1	1	1	1	2	1	3	0	0	3	2	0	1	2	0	0	1	0	1	0	3	0	0	1	0	0	0	0	0	0	0	0	0	0	0	0	0	0	0	0	0	0	0	
320	0	1.25	2.5	3.75	5	6.25	7.5	8.75	10	11.25	12.5	13.75	15	16.25	17.5	18.75	20	21.25	22.5	23.75	25	26.25	27.5	28.75	30	31.25	32.5	33.75	35	36.25	37.5	38.75	40	41.25	42.5	43.75	45	46.25	47.5	48.75	50	51.25	52.5	53.75	55	56.25	57.5	58.75	60	61.25	62.5	63.75	65	66.25	67.5	68.75	70	71.25	72.5	73.75	75	76.25	77.5	78.75	80	81.25	82.5	83.75	85	86.25	87.5	88.75	90	91.25	92.5	93.75	95	96.25	97.5	98.75	100	
0	0	0	0	0	0	0	0	0	0	0	0	0	0	0	0	0	0	0	0	0	0	0	0	0	0	0	0	1	0	1	0	0	0	0	5	2	0	0	0	1	0	1	0	1	0	0	1	0	0	0	0	0	1	0	0	0	1	3	0	0	0	0	0	0	0	0	0	0	0	0	0	0	0	0	0	0	0	0	0	0	
330	0	1.21212	2.42424	3.63636	4.84848	6.06061	7.27273	8.48485	9.69697	10.9091	12.1212	13.3333	14.5455	15.7576	16.9697	18.1818	19.3939	20.6061	21.8182	23.0303	24.2424	25.4545	26.6667	27.8788	29.0909	30.303	31.5152	32.7273	33.9394	35.1515	36.3636	37.5758	38.7879	40	41.2121	42.4242	43.6364	44.8485	46.0606	47.2727	48.4848	49.697	50.9091	52.1212	53.3333	54.5455	55.7576	56.9697	58.1818	59.3939	60.6061	61.8182	63.0303	64.2424	65.4545	66.6667	67.8788	69.0909	70.303	71.5152	72.7273	73.9394	75.1515	76.3636	77.5758	78.7879	80	81.2121	82.4242	83.6364	84.8485	86.0606	87.2727	88.4848	89.697	90.9091	92.1212	93.3333	94.5455	95.7576	96.9697	98.1818	99.3939	
0	0	0	0	0	0	0	0	0	0	0	0	0	0	0	0	0	0	0	0	0	0	0	0	0	0	0	0	0	4	1	3	0	0	0	0	1	1	0	0	1	0	1	3	0	0	0	1	0	0	2	0	0	0	0	1	3	0	0	1	1	0	0	0	0	0	0	0	0	0	0	0	0	0	0	0	0	0	0	0	0	0	0	
340	0	1.17647	2.35294	3.52941	4.70588	5.88235	7.05882	8.23529	9.41176	10.5882	11.7647	12.9412	14.1176	15.2941	16.4706	17.6471	18.8235	20	21.1765	22.3529	23.5294	24.7059	25.8824	27.0588	28.2353	29.4118	30.5882	31.7647	32.9412	34.1176	35.2941	36.4706	37.6471	38.8235	40	41.1765	42.3529	43.5294	44.7059	45.8824	47.0588	48.2353	49.4118	50.5882	51.7647	52.9412	54.1176	55.2941	56.4706	57.6471	58.8235	60	61.1765	62.3529	63.5294	64.7059	65.8824	67.0588	68.2353	69.4118	70.5882	71.7647	72.9412	74.1176	75.2941	76.4706	77.6471	78.8235	80	81.1765	82.3529	83.5294	84.7059	85.8824	87.0588	88.2353	89.4118	90.5882	91.7647	92.9412	94.1176	95.2941	96.4706	97.6471	98.8235	100	
0	0	0	0	0	0	0	0	0	0	0	0	0	0	0	0	0	0	0	0	0	0	0	0	0	0	0	0	0	0	0	0	0	0	0	0	0	0	0	0	0	1	0	0	0	0	0	0	0	1	0	1	0	0	0	0	0	0	0	0	0	1	1	0	0	0	0	0	0	0	0	0	0	0	0	0	0	0	0	0	0	0	0	0	0	0	
350	0	1.14286	2.28571	3.42857	4.57143	5.71429	6.85714	8	9.14286	10.2857	11.4286	12.5714	13.7143	14.8571	16	17.1429	18.2857	19.4286	20.5714	21.7143	22.8571	24	25.1429	26.2857	27.4286	28.5714	29.7143	30.8571	32	33.1429	34.2857	35.4286	36.5714	37.7143	38.8571	40	41.1429	42.2857	43.4286	44.5714	45.7143	46.8571	48	49.1429	50.2857	51.4286	52.5714	53.7143	54.8571	56	57.1429	58.2857	59.4286	60.5714	61.7143	62.8571	64	65.1429	66.2857	67.4286	68.5714	69.7143	70.8571	72	73.1429	74.2857	75.4286	76.5714	77.7143	78.8571	80	81.1429	82.2857	83.4286	84.5714	85.7143	86.8571	88	89.1429	90.2857	91.4286	92.5714	93.7143	94.8571	96	97.1429	98.2857	99.4286	
0	0	0	0	0	0	0	0	0	0	0	0	0	0	0	0	0	0	0	0	0	0	1	0	0	0	0	0	0	0	0	0	1	0	0	0	0	1	0	0	0	0	0	0	2	0	0	0	1	0	0	0	0	0	1	0	0	0	0	0	0	0	0	1	0	0	0	0	0	0	0	0	0	0	0	0	0	0	0	0	0	0	0	0	0	0	0	0	
360	0	1.11111	2.22222	3.33333	4.44444	5.55556	6.66667	7.77778	8.88889	10	11.1111	12.2222	13.3333	14.4444	15.5556	16.6667	17.7778	18.8889	20	21.1111	22.2222	23.3333	24.4444	25.5556	26.6667	27.7778	28.8889	30	31.1111	32.2222	33.3333	34.4444	35.5556	36.6667	37.7778	38.8889	40	41.1111	42.2222	43.3333	44.4444	45.5556	46.6667	47.7778	48.8889	50	51.1111	52.2222	53.3333	54.4444	55.5556	56.6667	57.7778	58.8889	60	61.1111	62.2222	63.3333	64.4444	65.5556	66.6667	67.7778	68.8889	70	71.1111	72.2222	73.3333	74.4444	75.5556	76.6667	77.7778	78.8889	80	81.1111	82.2222	83.3333	84.4444	85.5556	86.6667	87.7778	88.8889	90	91.1111	92.2222	93.3333	94.4444	95.5556	96.6667	97.7778	98.8889	100	
0	0	0	0	0	0	0	0	0	0	0	0	0	0	0	0	0	0	0	0	0	0	0	0	0	1	0	0	0	0	0	0	0	0	0	0	0	0	1	0	0	0	0	0	0	0	0	0	0	0	0	1	0	0	0	1	0	0	0	0	1	0	0	0	1	0	0	0	0	0	0	0	0	0	0	0	0	0	0	0	0	0	0	0	0	0	0	0	0	0	0	
370	0	1.08108	2.16216	3.24324	4.32432	5.40541	6.48649	7.56757	8.64865	9.72973	10.8108	11.8919	12.973	14.0541	15.1351	16.2162	17.2973	18.3784	19.4595	20.5405	21.6216	22.7027	23.7838	24.8649	25.9459	27.027	28.1081	29.1892	30.2703	31.3514	32.4324	33.5135	34.5946	35.6757	36.7568	37.8378	38.9189	40	41.0811	42.1622	43.2432	44.3243	45.4054	46.4865	47.5676	48.6486	49.7297	50.8108	51.8919	52.973	54.0541	55.1351	56.2162	57.2973	58.3784	59.4595	60.5405	61.6216	62.7027	63.7838	64.8649	65.9459	67.027	68.1081	69.1892	70.2703	71.3514	72.4324	73.5135	74.5946	75.6757	76.7568	77.8378	78.9189	80	81.0811	82.1622	83.2432	84.3243	85.4054	86.4865	87.5676	88.6486	89.7297	90.8108	91.8919	92.973	94.0541	95.1351	96.2162	97.2973	98.3784	99.4595	
0	0	0	0	0	0	0	0	0	0	0	0	0	0	0	0	0	0	0	0	0	0	0	0	0	0	0	0	0	0	0	0	0	0	0	0	0	0	0	0	0	0	0	0	0	0	0	0	1	0	0	0	0	0	0	0	0	0	0	0	0	0	0	0	1	0	0	0	0	0	0	0	0	0	0	0	0	0	0	0	0	0	0	0	0	0	0	0	0	0	0	0	0	
380	0	1.05263	2.10526	3.15789	4.21053	5.26316	6.31579	7.36842	8.42105	9.47368	10.5263	11.5789	12.6316	13.6842	14.7368	15.7895	16.8421	17.8947	18.9474	20	21.0526	22.1053	23.1579	24.2105	25.2632	26.3158	27.3684	28.4211	29.4737	30.5263	31.5789	32.6316	33.6842	34.7368	35.7895	36.8421	37.8947	38.9474	40	41.0526	42.1053	43.1579	44.2105	45.2632	46.3158	47.3684	48.4211	49.4737	50.5263	51.5789	52.6316	53.6842	54.7368	55.7895	56.8421	57.8947	58.9474	60	61.0526	62.1053	63.1579	64.2105	65.2632	66.3158	67.3684	68.4211	69.4737	70.5263	71.5789	72.6316	73.6842	74.7368	75.7895	76.8421	77.8947	78.9474	80	81.0526	82.1053	83.1579	84.2105	85.2632	86.3158	87.3684	88.4211	89.4737	90.5263	91.5789	92.6316	93.6842	94.7368	95.7895	96.8421	97.8947	98.9474	100	
0	0	0	0	0	0	0	0	0	0	0	0	0	0	0	0	0	0	0	0	0	0	0	0	0	0	0	0	0	0	0	0	0	0	0	0	0	0	0	0	0	0	1	0	0	0	0	0	0	0	0	0	0	0	0	0	0	0	0	1	0	0	0	1	0	0	0	0	1	0	0	0	0	0	0	0	0	0	0	0	0	0	0	0	0	0	0	0	0	0	0	0	0	0	0	0	
390	0	1.02564	2.05128	3.07692	4.10256	5.12821	6.15385	7.17949	8.20513	9.23077	10.2564	11.2821	12.3077	13.3333	14.359	15.3846	16.4103	17.4359	18.4615	19.4872	20.5128	21.5385	22.5641	23.5897	24.6154	25.641	26.6667	27.6923	28.7179	29.7436	30.7692	31.7949	32.8205	33.8462	34.8718	35.8974	36.9231	37.9487	38.9744	40	41.0256	42.0513	43.0769	44.1026	45.1282	46.1538	47.1795	48.2051	49.2308	50.2564	51.2821	52.3077	53.3333	54.359	55.3846	56.4103	57.4359	58.4615	59.4872	60.5128	61.5385	62.5641	63.5897	64.6154	65.641	66.6667	67.6923	68.7179	69.7436	70.7692	71.7949	72.8205	73.8462	74.8718	75.8974	76.9231	77.9487	78.9744	80	81.0256	82.0513	83.0769	84.1026	85.1282	86.1538	87.1795	88.2051	89.2308	90.2564	91.2821	92.3077	93.3333	94.359	95.3846	96.4103	97.4359	98.4615	99.4872	
0	0	0	0	0	0	0	0	0	0	0	0	0	0	0	0	0	0	0	0	0	0	0	0	0	0	0	0	0	0	0	0	1	1	0	0	0	0	0	2	0	0	0	0	0	0	0	0	0	0	1	0	0	0	0	1	0	0	0	0	0	0	0	0	0	0	0	0	0	0	0	0	0	0	0	0	0	0	0	0	0	0	0	0	0	0	0	0	0	0	0	0	0	0	0	0	0	0	
400	0	1	2	3	4	5	6	7	8	9	10	11	12	13	14	15	16	17	18	19	20	21	22	23	24	25	26	27	28	29	30	31	32	33	34	35	36	37	38	39	40	41	42	43	44	45	46	47	48	49	50	51	52	53	54	55	56	57	58	59	60	61	62	63	64	65	66	67	68	69	70	71	72	73	74	75	76	77	78	79	80	81	82	83	84	85	86	87	88	89	90	91	92	93	94	95	96	97	98	99	100	
0	0	0	0	0	0	0	0	0	0	0	0	0	0	0	0	0	0	0	0	0	0	0	0	0	0	0	0	0	0	0	0	0	1	0	0	0	0	0	0	1	0	0	0	0	1	0	1	0	0	0	0	0	0	0	1	0	0	0	0	0	2	0	0	0	0	0	0	0	0	0	0	0	0	0	0	0	0	0	0	0	0	0	0	0	0	0	0	0	0	0	0	0	0	0	0	0	0	0	0	0	
410	0	0.97561	1.95122	2.92683	3.90244	4.87805	5.85366	6.82927	7.80488	8.78049	9.7561	10.7317	11.7073	12.6829	13.6585	14.6341	15.6098	16.5854	17.561	18.5366	19.5122	20.4878	21.4634	22.439	23.4146	24.3902	25.3659	26.3415	27.3171	28.2927	29.2683	30.2439	31.2195	32.1951	33.1707	34.1463	35.122	36.0976	37.0732	38.0488	39.0244	40	40.9756	41.9512	42.9268	43.9024	44.878	45.8537	46.8293	47.8049	48.7805	49.7561	50.7317	51.7073	52.6829	53.6585	54.6341	55.6098	56.5854	57.561	58.5366	59.5122	60.4878	61.4634	62.439	63.4146	64.3902	65.3659	66.3415	67.3171	68.2927	69.2683	70.2439	71.2195	72.1951	73.1707	74.1463	75.122	76.0976	77.0732	78.0488	79.0244	80	80.9756	81.9512	82.9268	83.9024	84.878	85.8537	86.8293	87.8049	88.7805	89.7561	90.7317	91.7073	92.6829	93.6585	94.6341	95.6098	96.5854	97.561	98.5366	99.5122	
0	0	0	0	0	0	0	0	0	0	0	0	0	0	0	0	0	0	0	0	0	0	0	0	0	0	0	0	0	0	0	0	0	0	0	0	0	0	0	0	0	0	0	0	0	0	0	0	0	0	1	0	0	0	0	0	0	1	1	0	0	0	0	0	0	0	0	0	0	0	0	0	0	0	0	0	0	0	0	0	0	0	0	0	0	0	0	0	0	0	0	0	0	0	0	0	0	0	0	0	0	0	0	
420	0	0.952381	1.90476	2.85714	3.80952	4.7619	5.71429	6.66667	7.61905	8.57143	9.52381	10.4762	11.4286	12.381	13.3333	14.2857	15.2381	16.1905	17.1429	18.0952	19.0476	20	20.9524	21.9048	22.8571	23.8095	24.7619	25.7143	26.6667	27.619	28.5714	29.5238	30.4762	31.4286	32.381	33.3333	34.2857	35.2381	36.1905	37.1429	38.0952	39.0476	40	40.9524	41.9048	42.8571	43.8095	44.7619	45.7143	46.6667	47.619	48.5714	49.5238	50.4762	51.4286	52.381	53.3333	54.2857	55.2381	56.1905	57.1429	58.0952	59.0476	60	60.9524	61.9048	62.8571	63.8095	64.7619	65.7143	66.6667	67.619	68.5714	69.5238	70.4762	71.4286	72.381	73.3333	74.2857	75.2381	76.1905	77.1429	78.0952	79.0476	80	80.9524	81.9048	82.8571	83.8095	84.7619	85.7143	86.6667	87.619	88.5714	89.5238	90.4762	91.4286	92.381	93.3333	94.2857	95.2381	96.1905	97.1429	98.0952	99.0476	100	
0	0	0	0	0	0	0	0	0	0	0	0	0	0	0	0	0	0	0	0	0	0	0	0	0	0	0	0	0	0	0	0	0	0	0	0	0	0	0	0	0	1	0	0	0	0	0	0	0	0	0	0	0	0	0	0	1	0	0	0	0	0	0	0	0	1	0	0	0	0	1	0	0	0	0	0	0	0	0	0	0	0	0	0	0	0	0	0	0	0	0	0	0	0	0	0	0	0	0	0	0	0	0	0	0	0	
430	0	0.930233	1.86047	2.7907	3.72093	4.65116	5.5814	6.51163	7.44186	8.37209	9.30233	10.2326	11.1628	12.093	13.0233	13.9535	14.8837	15.814	16.7442	17.6744	18.6047	19.5349	20.4651	21.3953	22.3256	23.2558	24.186	25.1163	26.0465	26.9767	27.907	28.8372	29.7674	30.6977	31.6279	32.5581	33.4884	34.4186	35.3488	36.2791	37.2093	38.1395	39.0698	40	40.9302	41.8605	42.7907	43.7209	44.6512	45.5814	46.5116	47.4419	48.3721	49.3023	50.2326	51.1628	52.093	53.0233	53.9535	54.8837	55.814	56.7442	57.6744	58.6047	59.5349	60.4651	61.3953	62.3256	63.2558	64.186	65.1163	66.0465	66.9767	67.907	68.8372	69.7674	70.6977	71.6279	72.5581	73.4884	74.4186	75.3488	76.2791	77.2093	78.1395	79.0698	80	80.9302	81.8605	82.7907	83.7209	84.6512	85.5814	86.5116	87.4419	88.3721	89.3023	90.2326	91.1628	92.093	93.0233	93.9535	94.8837	95.814	96.7442	97.6744	98.6047	99.5349	
0	0	0	0	0	0	0	0	0	0	0	0	0	0	0	0	0	0	0	0	0	0	0	0	0	0	0	0	1	0	0	0	0	0	0	0	0	0	0	0	0	0	0	0	1	1	0	0	1	0	0	1	0	0	0	0	0	0	0	0	0	0	2	0	0	0	0	0	0	0	0	0	0	0	0	0	0	0	0	0	0	0	0	0	0	0	0	0	0	0	0	0	0	0	0	0	0	0	0	0	0	0	0	0	0	0	0	0	
440	0	0.909091	1.81818	2.72727	3.63636	4.54545	5.45455	6.36364	7.27273	8.18182	9.09091	10	10.9091	11.8182	12.7273	13.6364	14.5455	15.4545	16.3636	17.2727	18.1818	19.0909	20	20.9091	21.8182	22.7273	23.6364	24.5455	25.4545	26.3636	27.2727	28.1818	29.0909	30	30.9091	31.8182	32.7273	33.6364	34.5455	35.4545	36.3636	37.2727	38.1818	39.0909	40	40.9091	41.8182	42.7273	43.6364	44.5455	45.4545	46.3636	47.2727	48.1818	49.0909	50	50.9091	51.8182	52.7273	53.6364	54.5455	55.4545	56.3636	57.2727	58.1818	59.0909	60	60.9091	61.8182	62.7273	63.6364	64.5455	65.4545	66.3636	67.2727	68.1818	69.0909	70	70.9091	71.8182	72.7273	73.6364	74.5455	75.4545	76.3636	77.2727	78.1818	79.0909	80	80.9091	81.8182	82.7273	83.6364	84.5455	85.4545	86.3636	87.2727	88.1818	89.0909	90	90.9091	91.8182	92.7273	93.6364	94.5455	95.4545	96.3636	97.2727	98.1818	99.0909	100	
0	0	0	0	0	0	0	0	0	0	0	0	0	0	0	0	0	0	0	0	0	0	0	0	0	0	0	0	0	0	0	0	0	0	0	0	1	1	0	0	0	0	0	0	0	0	0	0	0	0	0	0	0	0	0	0	0	0	0	0	0	0	0	0	0	0	0	0	0	0	0	0	0	0	0	0	0	0	0	0	0	0	0	0	0	0	0	0	0	0	0	0	0	0	0	0	0	0	0	0	0	0	0	0	0	0	0	0	0	0	0	
450	0	0.888889	1.77778	2.66667	3.55556	4.44444	5.33333	6.22222	7.11111	8	8.88889	9.77778	10.6667	11.5556	12.4444	13.3333	14.2222	15.1111	16	16.8889	17.7778	18.6667	19.5556	20.4444	21.3333	22.2222	23.1111	24	24.8889	25.7778	26.6667	27.5556	28.4444	29.3333	30.2222	31.1111	32	32.8889	33.7778	34.6667	35.5556	36.4444	37.3333	38.2222	39.1111	40	40.8889	41.7778	42.6667	43.5556	44.4444	45.3333	46.2222	47.1111	48	48.8889	49.7778	50.6667	51.5556	52.4444	53.3333	54.2222	55.1111	56	56.8889	57.7778	58.6667	59.5556	60.4444	61.3333	62.2222	63.1111	64	64.8889	65.7778	66.6667	67.5556	68.4444	69.3333	70.2222	71.1111	72	72.8889	73.7778	74.6667	75.5556	76.4444	77.3333	78.2222	79.1111	80	80.8889	81.7778	82.6667	83.5556	84.4444	85.3333	86.2222	87.1111	88	88.8889	89.7778	90.6667	91.5556	92.4444	93.3333	94.2222	95.1111	96	96.8889	97.7778	98.6667	99.5556	
0	0	0	0	0	0	0	0	0	0	0	0	0	0	0	0	0	0	0	0	0	0	0	0	0	0	0	0	0	0	0	0	0	0	0	0	0	0	0	0	0	0	0	0	0	0	0	0	0	0	0	0	1	0	0	0	0	0	0	0	0	0	0	0	0	0	0	0	0	0	0	0	2	0	0	0	0	0	0	0	0	0	0	0	0	0	0	0	0	0	0	0	0	0	0	0	0	0	0	0	0	0	0	0	0	0	0	0	0	0	0	0	0	
460	0	0.869565	1.73913	2.6087	3.47826	4.34783	5.21739	6.08696	6.95652	7.82609	8.69565	9.56522	10.4348	11.3043	12.1739	13.0435	13.913	14.7826	15.6522	16.5217	17.3913	18.2609	19.1304	20	20.8696	21.7391	22.6087	23.4783	24.3478	25.2174	26.087	26.9565	27.8261	28.6957	29.5652	30.4348	31.3043	32.1739	33.0435	33.913	34.7826	35.6522	36.5217	37.3913	38.2609	39.1304	40	40.8696	41.7391	42.6087	43.4783	44.3478	45.2174	46.087	46.9565	47.8261	48.6957	49.5652	50.4348	51.3043	52.1739	53.0435	53.913	54.7826	55.6522	56.5217	57.3913	58.2609	59.1304	60	60.8696	61.7391	62.6087	63.4783	64.3478	65.2174	66.087	66.9565	67.8261	68.6957	69.5652	70.4348	71.3043	72.1739	73.0435	73.913	74.7826	75.6522	76.5217	77.3913	78.2609	79.1304	80	80.8696	81.7391	82.6087	83.4783	84.3478	85.2174	86.087	86.9565	87.8261	88.6957	89.5652	90.4348	91.3043	92.1739	93.0435	93.913	94.7826	95.6522	96.5217	97.3913	98.2609	99.1304	100	
0	0	0	0	0	0	0	0	0	0	0	0	0	0	0	0	0	0	0	0	0	0	0	0	0	0	0	0	0	0	0	0	0	0	0	0	0	0	0	0	0	0	0	0	0	0	1	0	0	0	0	0	0	0	2	0	0	0	0	0	0	0	0	0	0	0	0	0	0	0	0	0	0	0	0	0	0	0	0	0	0	0	0	0	0	0	0	0	0	0	0	0	0	0	0	0	0	0	0	0	0	0	0	0	0	0	0	0	0	0	0	0	0	0	0	0	
470	0	0.851064	1.70213	2.55319	3.40426	4.25532	5.10638	5.95745	6.80851	7.65957	8.51064	9.3617	10.2128	11.0638	11.9149	12.766	13.617	14.4681	15.3191	16.1702	17.0213	17.8723	18.7234	19.5745	20.4255	21.2766	22.1277	22.9787	23.8298	24.6809	25.5319	26.383	27.234	28.0851	28.9362	29.7872	30.6383	31.4894	32.3404	33.1915	34.0426	34.8936	35.7447	36.5957	37.4468	38.2979	39.1489	40	40.8511	41.7021	42.5532	43.4043	44.2553	45.1064	45.9574	46.8085	47.6596	48.5106	49.3617	50.2128	51.0638	51.9149	52.766	53.617	54.4681	55.3191	56.1702	57.0213	57.8723	58.7234	59.5745	60.4255	61.2766	62.1277	62.9787	63.8298	64.6809	65.5319	66.383	67.234	68.0851	68.9362	69.7872	70.6383	71.4894	72.3404	73.1915	74.0426	74.8936	75.7447	76.5957	77.4468	78.2979	79.1489	80	80.8511	81.7021	82.5532	83.4043	84.2553	85.1064	85.9574	86.8085	87.6596	88.5106	89.3617	90.2128	91.0638	91.9149	92.766	93.617	94.4681	95.3191	96.1702	97.0213	97.8723	98.7234	99.5745	
0	0	0	0	0	0	0	0	0	0	0	0	0	0	0	0	0	0	0	0	0	0	0	0	0	0	0	0	0	0	0	0	0	0	0	0	0	0	0	0	0	0	0	0	0	0	0	0	0	0	0	0	0	0	0	0	0	0	0	0	0	1	0	0	0	0	0	0	1	0	0	0	0	1	0	0	0	0	0	0	0	0	0	0	0	0	0	0	0	0	0	0	0	0	0	0	0	0	0	0	0	0	0	0	0	0	0	0	0	0	0	0	0	0	0	0	0	0	
480	0	0.833333	1.66667	2.5	3.33333	4.16667	5	5.83333	6.66667	7.5	8.33333	9.16667	10	10.8333	11.6667	12.5	13.3333	14.1667	15	15.8333	16.6667	17.5	18.3333	19.1667	20	20.8333	21.6667	22.5	23.3333	24.1667	25	25.8333	26.6667	27.5	28.3333	29.1667	30	30.8333	31.6667	32.5	33.3333	34.1667	35	35.8333	36.6667	37.5	38.3333	39.1667	40	40.8333	41.6667	42.5	43.3333	44.1667	45	45.8333	46.6667	47.5	48.3333	49.1667	50	50.8333	51.6667	52.5	53.3333	54.1667	55	55.8333	56.6667	57.5	58.3333	59.1667	60	60.8333	61.6667	62.5	63.3333	64.1667	65	65.8333	66.6667	67.5	68.3333	69.1667	70	70.8333	71.6667	72.5	73.3333	74.1667	75	75.8333	76.6667	77.5	78.3333	79.1667	80	80.8333	81.6667	82.5	83.3333	84.1667	85	85.8333	86.6667	87.5	88.3333	89.1667	90	90.8333	91.6667	92.5	93.3333	94.1667	95	95.8333	96.6667	97.5	98.3333	99.1667	100	
0	0	0	0	0	0	0	0	0	0	0	0	0	0	0	0	0	0	0	0	0	0	0	0	0	0	0	0	0	0	0	0	0	0	0	0	0	0	0	0	0	0	0	0	0	0	0	0	0	0	0	3	0	0	0	0	1	0	0	0	0	0	0	0	0	0	0	0	0	0	0	0	0	0	0	0	0	0	0	0	0	0	0	0	0	0	0	0	0	0	0	0	0	0	0	0	0	0	0	0	0	0	0	0	0	0	0	0	0	0	0	0	0	0	0	0	0	0	0	0	0	
490	0	0.816327	1.63265	2.44898	3.26531	4.08163	4.89796	5.71429	6.53061	7.34694	8.16327	8.97959	9.79592	10.6122	11.4286	12.2449	13.0612	13.8776	14.6939	15.5102	16.3265	17.1429	17.9592	18.7755	19.5918	20.4082	21.2245	22.0408	22.8571	23.6735	24.4898	25.3061	26.1224	26.9388	27.7551	28.5714	29.3878	30.2041	31.0204	31.8367	32.6531	33.4694	34.2857	35.102	35.9184	36.7347	37.551	38.3673	39.1837	40	40.8163	41.6327	42.449	43.2653	44.0816	44.898	45.7143	46.5306	47.3469	48.1633	48.9796	49.7959	50.6122	51.4286	52.2449	53.0612	53.8776	54.6939	55.5102	56.3265	57.1429	57.9592	58.7755	59.5918	60.4082	61.2245	62.0408	62.8571	63.6735	64.4898	65.3061	66.1224	66.9388	67.7551	68.5714	69.3878	70.2041	71.0204	71.8367	72.6531	73.4694	74.2857	75.102	75.9184	76.7347	77.551	78.3673	79.1837	80	80.8163	81.6327	82.449	83.2653	84.0816	84.898	85.7143	86.5306	87.3469	88.1633	88.9796	89.7959	90.6122	91.4286	92.2449	93.0612	93.8776	94.6939	95.5102	96.3265	97.1429	97.9592	98.7755	99.5918	
0	0	0	0	0	0	0	0	0	0	0	0	0	0	0	0	0	0	0	0	0	0	0	0	0	0	0	0	0	0	0	0	0	0	0	0	0	0	0	0	0	0	0	0	2	0	0	0	0	0	0	0	0	0	0	1	0	0	0	0	0	0	0	0	0	0	0	0	0	0	0	0	0	0	0	0	0	0	0	0	0	0	0	0	0	0	0	0	0	0	0	0	0	0	0	0	0	0	0	0	0	0	0	0	0	0	0	0	0	0	0	0	0	0	0	0	0	0	0	0	0	0	0	
500	0	0.8	1.6	2.4	3.2	4	4.8	5.6	6.4	7.2	8	8.8	9.6	10.4	11.2	12	12.8	13.6	14.4	15.2	16	16.8	17.6	18.4	19.2	20	20.8	21.6	22.4	23.2	24	24.8	25.6	26.4	27.2	28	28.8	29.6	30.4	31.2	32	32.8	33.6	34.4	35.2	36	36.8	37.6	38.4	39.2	40	40.8	41.6	42.4	43.2	44	44.8	45.6	46.4	47.2	48	48.8	49.6	50.4	51.2	52	52.8	53.6	54.4	55.2	56	56.8	57.6	58.4	59.2	60	60.8	61.6	62.4	63.2	64	64.8	65.6	66.4	67.2	68	68.8	69.6	70.4	71.2	72	72.8	73.6	74.4	75.2	76	76.8	77.6	78.4	79.2	80	80.8	81.6	82.4	83.2	84	84.8	85.6	86.4	87.2	88	88.8	89.6	90.4	91.2	92	92.8	93.6	94.4	95.2	96	96.8	97.6	98.4	99.2	100	
0	0	0	0	0	0	0	0	0	0	0	0	0	0	0	0	0	0	0	0	0	0	0	0	0	0	0	0	0	0	0	0	0	0	0	0	0	0	0	0	0	0	0	0	0	0	0	0	0	0	0	0	0	0	0	0	1	0	0	1	0	0	0	0	0	0	0	0	0	0	0	0	0	0	0	0	0	0	0	0	0	0	0	0	0	0	0	0	0	0	0	0	0	0	0	0	0	0	0	0	0	0	0	0	0	0	0	0	0	0	0	0	0	0	0	0	0	0	0	0	0	0	0	0	0	0	
510	0	0.784314	1.56863	2.35294	3.13725	3.92157	4.70588	5.4902	6.27451	7.05882	7.84314	8.62745	9.41176	10.1961	10.9804	11.7647	12.549	13.3333	14.1176	14.902	15.6863	16.4706	17.2549	18.0392	18.8235	19.6078	20.3922	21.1765	21.9608	22.7451	23.5294	24.3137	25.098	25.8824	26.6667	27.451	28.2353	29.0196	29.8039	30.5882	31.3725	32.1569	32.9412	33.7255	34.5098	35.2941	36.0784	36.8627	37.6471	38.4314	39.2157	40	40.7843	41.5686	42.3529	43.1373	43.9216	44.7059	45.4902	46.2745	47.0588	47.8431	48.6275	49.4118	50.1961	50.9804	51.7647	52.549	53.3333	54.1176	54.902	55.6863	56.4706	57.2549	58.0392	58.8235	59.6078	60.3922	61.1765	61.9608	62.7451	63.5294	64.3137	65.098	65.8824	66.6667	67.451	68.2353	69.0196	69.8039	70.5882	71.3725	72.1569	72.9412	73.7255	74.5098	75.2941	76.0784	76.8627	77.6471	78.4314	79.2157	80	80.7843	81.5686	82.3529	83.1373	83.9216	84.7059	85.4902	86.2745	87.0588	87.8431	88.6275	89.4118	90.1961	90.9804	91.7647	92.549	93.3333	94.1176	94.902	95.6863	96.4706	97.2549	98.0392	98.8235	99.6078	
0	0	0	0	0	0	0	0	0	0	0	0	0	0	0	0	0	0	0	0	0	0	0	0	0	0	0	0	0	0	0	0	0	0	0	0	0	0	0	0	0	0	0	0	0	0	0	0	0	0	0	0	0	0	0	0	0	0	0	0	0	0	0	1	0	0	0	0	0	0	0	0	0	0	0	0	0	0	0	0	0	0	0	0	0	0	0	0	0	0	0	0	0	0	0	0	0	0	0	0	0	0	0	0	0	0	0	0	0	0	0	0	0	0	0	0	0	0	0	0	0	0	0	0	0	0	0	0	
520	0	0.769231	1.53846	2.30769	3.07692	3.84615	4.61538	5.38462	6.15385	6.92308	7.69231	8.46154	9.23077	10	10.7692	11.5385	12.3077	13.0769	13.8462	14.6154	15.3846	16.1538	16.9231	17.6923	18.4615	19.2308	20	20.7692	21.5385	22.3077	23.0769	23.8462	24.6154	25.3846	26.1538	26.9231	27.6923	28.4615	29.2308	30	30.7692	31.5385	32.3077	33.0769	33.8462	34.6154	35.3846	36.1538	36.9231	37.6923	38.4615	39.2308	40	40.7692	41.5385	42.3077	43.0769	43.8462	44.6154	45.3846	46.1538	46.9231	47.6923	48.4615	49.2308	50	50.7692	51.5385	52.3077	53.0769	53.8462	54.6154	55.3846	56.1538	56.9231	57.6923	58.4615	59.2308	60	60.7692	61.5385	62.3077	63.0769	63.8462	64.6154	65.3846	66.1538	66.9231	67.6923	68.4615	69.2308	70	70.7692	71.5385	72.3077	73.0769	73.8462	74.6154	75.3846	76.1538	76.9231	77.6923	78.4615	79.2308	80	80.7692	81.5385	82.3077	83.0769	83.8462	84.6154	85.3846	86.1538	86.9231	87.6923	88.4615	89.2308	90	90.7692	91.5385	92.3077	93.0769	93.8462	94.6154	95.3846	96.1538	96.9231	97.6923	98.4615	99.2308	100	
0	0	0	0	0	0	0	0	0	0	0	0	0	0	0	0	0	0	0	0	0	0	0	0	0	0	0	0	0	0	0	0	0	0	0	0	0	0	0	0	0	0	0	0	1	0	1	0	0	0	0	1	0	0	0	0	0	0	0	0	0	0	0	0	0	0	0	0	0	0	0	0	0	0	0	0	0	0	0	0	0	0	0	0	0	0	0	0	0	0	0	0	0	0	0	0	0	0	0	0	0	0	0	0	0	0	0	0	0	0	0	0	0	0	0	0	0	0	0	0	0	0	0	0	0	0	0	0	0	0	0	
530	0	0.754717	1.50943	2.26415	3.01887	3.77358	4.5283	5.28302	6.03774	6.79245	7.54717	8.30189	9.0566	9.81132	10.566	11.3208	12.0755	12.8302	13.5849	14.3396	15.0943	15.8491	16.6038	17.3585	18.1132	18.8679	19.6226	20.3774	21.1321	21.8868	22.6415	23.3962	24.1509	24.9057	25.6604	26.4151	27.1698	27.9245	28.6792	29.434	30.1887	30.9434	31.6981	32.4528	33.2075	33.9623	34.717	35.4717	36.2264	36.9811	37.7358	38.4906	39.2453	40	40.7547	41.5094	42.2642	43.0189	43.7736	44.5283	45.283	46.0377	46.7925	47.5472	48.3019	49.0566	49.8113	50.566	51.3208	52.0755	52.8302	53.5849	54.3396	55.0943	55.8491	56.6038	57.3585	58.1132	58.8679	59.6226	60.3774	61.1321	61.8868	62.6415	63.3962	64.1509	64.9057	65.6604	66.4151	67.1698	67.9245	68.6792	69.434	70.1887	70.9434	71.6981	72.4528	73.2075	73.9623	74.717	75.4717	76.2264	76.9811	77.7358	78.4906	79.2453	80	80.7547	81.5094	82.2642	83.0189	83.7736	84.5283	85.283	86.0377	86.7925	87.5472	88.3019	89.0566	89.8113	90.566	91.3208	92.0755	92.8302	93.5849	94.3396	95.0943	95.8491	96.6038	97.3585	98.1132	98.8679	99.6226	
0	0	0	0	0	0	0	0	0	0	0	0	0	0	0	0	0	0	0	0	0	0	0	0	0	0	0	0	0	0	0	0	0	0	0	0	0	0	0	0	0	0	0	0	0	0	0	0	0	0	0	0	0	0	0	0	0	0	0	0	0	0	0	0	0	0	0	0	1	0	0	0	0	0	0	0	0	0	0	0	0	0	0	0	0	0	0	0	0	0	0	0	0	0	0	0	0	0	0	0	0	0	0	0	0	0	0	0	0	0	0	0	0	0	0	0	0	0	0	0	0	0	0	0	0	0	0	0	0	0	0	0	0	


