Original cost:  -118229296
17 cost: -118229296 cost+uc-param -118229296 uc 46781914 -118229296
0
[3]
67 cost: -118229296 cost+uc-param -118229296 uc 46781914 -118229296
0
[3]
35 cost: -118229296 cost+uc-param -118229296 uc 46781914 -118229296
1
[3]
35 cost: -118214977 cost+uc-param -118229296 uc 46767595 -118229296
0
[37, 39, 61, 63, 65, 103, 105, 5, 1, 3]
17 cost: -118214977 cost+uc-param -118229296 uc 46767595 -118229296
0
[37, 39, 61, 63, 65, 103, 105, 5, 1, 3]
67 cost: -118214977 cost+uc-param -118229296 uc 46767595 -118229296
0
[37, 39, 61, 63, 65, 103, 105, 5, 1, 3]
69 cost: -118213293 cost+uc-param -118229296 uc 46765911 -118229296
27
[39, 61, 63, 65, 103, 105, 5, 1, 3, 67]
71 cost: -118211948 cost+uc-param -118229296 uc 46764566 -118229296
27
[61, 63, 65, 103, 105, 5, 1, 3, 67, 69]
17 cost: -118123315 cost+uc-param -118229296 uc 46675933 -118229296
0
[68, 95, 97, 99, 101, 103, 105, 5, 1, 3]
35 cost: -118123315 cost+uc-param -118229296 uc 46675933 -118229296
0
[68, 95, 97, 99, 101, 103, 105, 5, 1, 3]
98 cost: -118123315 cost+uc-param -118229296 uc 46675933 -118229296
12
[95, 97, 99, 101, 103, 105, 5, 1, 3, 35]
96 cost: -118122508 cost+uc-param -118229296 uc 46675126 -118229296
49
[97, 99, 101, 103, 105, 5, 1, 3, 35, 98]
17 cost: -118067186 cost+uc-param -118229296 uc 46619804 -118229296
0
[105, 107, 109, 111, 113, 87, 89, 5, 1, 3]
19 cost: -118067162 cost+uc-param -118229296 uc 46619780 -118229296
0
[107, 109, 111, 113, 87, 89, 5, 1, 3, 17]
21 cost: -118062318 cost+uc-param -118229296 uc 46614936 -118229296
27
[109, 111, 113, 87, 89, 5, 1, 3, 17, 19]
DONE! 4 0 -118229296 -118062318 46614936 301
DONE! 4 0 -118229296 -118026384 46579002 355
DONE! 4 0 -118229296 -117957801 46510419 398
DONE! 4 0 -118229296 -117692242 46244860 569
DONE! 4 0 -118229296 -116759106 45311724 908
DONE! 4 0 -118229296 -115802388 44355006 1137
DONE! 4 0 -118229296 -114711074 43263692 1291
DONE! 4 0 -118229296 -112020556 40573174 1626
DONE! 4 0 -118229296 -110947742 39500360 1720
DONE! 4 0 -118229296 -100972076 29524694 2128
DONE! 4 0 -118229296 -91801136 20353754 2578
DONE! 4 0 -118229296 -79255529 7808147 2814
DONE! 4 0 -118229296 -71497597 50215 2961
DONE! 4 0 -118229296 -49378547 -22068835 3211
DONE! 4 0 -118229296 -12027839 -59419543 3284
DONE! 4 0 -118229296 -8123138 -63324244 3299
DONE! 4 0 -118229296 -47908592 -23538790 3226
DONE! 4 0 -118229296 -8123138 -63324244 3299
DONE! 4 0 -118229296 -60469574 -10977808 3138
DONE! 4 0 -118229296 -8123138 -63324244 3299
DONE! 4 0 -118229296 -47908592 -23538790 3226
DONE! 4 0 -118229296 -32015601 -39431781 3253
DONE! 4 0 -118229296 -8123138 -63324244 3299
DONE! 4 0 -118229296 -33485556 -37961826 3238
DONE! 4 0 -118229296 -12027839 -59419543 3284
DONE! 4 0 -118229296 -8123138 -63324244 3299
DONE! 4 0 -118229296 -49378547 -22068835 3211
DONE! 4 0 -118229296 -12027839 -59419543 3284
DONE! 4 0 -118229296 -8123138 -63324244 3299
DONE! 4 0 -118229296 -57975985 -13471397 3165
DONE! 4 0 -118229296 -47908592 -23538790 3226
DONE! 4 0 -118229296 -8123138 -63324244 3299
DONE! 4 0 -118229296 -32015601 -39431781 3253
DONE! 4 0 -118229296 -8123138 -63324244 3299
DONE! 4 0 -118229296 -56940697 -14506685 3180
DONE! 4 0 -118229296 -8123138 -63324244 3299
DONE! 4 0 -118229296 -47908592 -23538790 3226
DONE! 4 0 -118229296 -59434286 -12013096 3153
DONE! 4 0 -118229296 -61005541 -10441841 3123
DONE! 4 0 -118229296 -50092476 -21354906 3196
DONE! 4 0 -118229296 -13176435 -58270947 3269
DONE! 4 0 -118229296 -12027839 -59419543 3284
DONE! 4 0 -118229296 -8123138 -63324244 3299
DONE! 4 0 -118229296 -47908592 -23538790 3226
DONE! 4 0 -118229296 -8123138 -63324244 3299
DONE! 4 0 -118229296 -8123138 -63324244 3299
DONE! 4 0 -118229296 -12027839 -59419543 3284
DONE! 4 0 -118229296 -49378547 -22068835 3211
DONE! 4 0 -118229296 -58511952 -12935430 3150
DONE! 4 0 -118229296 -34199485 -37247897 3223
DONE! 4 0 -118229296 -13176435 -58270947 3269
DONE! 4 0 -118229296 -8123138 -63324244 3299
DONE! 4 0 -118229296 -12027839 -59419543 3284
DONE! 4 0 -118229296 -13176435 -58270947 3269
DONE! 4 0 -118229296 -12027839 -59419543 3284
DONE! 4 0 -118229296 -8123138 -63324244 3299
DONE! 4 0 -118229296 -50092476 -21354906 3196
DONE! 4 0 -118229296 -49378547 -22068835 3211
DONE! 4 0 -118229296 -8123138 -63324244 3299
DONE! 4 0 -118229296 -12027839 -59419543 3284
DONE! 4 0 -118229296 -33485556 -37961826 3238
DONE! 4 0 -118229296 -8123138 -63324244 3299
DONE! 4 0 -118229296 -12027839 -59419543 3284
DONE! 4 0 -118229296 -8123138 -63324244 3299
DONE! 4 0 -118229296 -47908592 -23538790 3226
DONE! 4 0 -118229296 -32015601 -39431781 3253
DONE! 4 0 -118229296 -8123138 -63324244 3299
DONE! 4 0 -118229296 -61386676 -10060706 3108
DONE! 4 0 -118229296 -47908592 -23538790 3226
DONE! 4 0 -118229296 -8123138 -63324244 3299
DONE! 4 0 -118229296 -8123138 -63324244 3299
DONE! 4 0 -118229296 -12027839 -59419543 3284
DONE! 4 0 -118229296 -49378547 -22068835 3211
DONE! 4 0 -118229296 -13176435 -58270947 3269
DONE! 4 0 -118229296 -12027839 -59419543 3284
DONE! 4 0 -118229296 -8123138 -63324244 3299
DONE! 4 0 -118229296 -50092476 -21354906 3196
DONE! 4 0 -118229296 -13833044 -57614338 3254
DONE! 4 0 -118229296 -12027839 -59419543 3284
DONE! 4 0 -118229296 -8123138 -63324244 3299
DONE! 4 0 -118229296 -13176435 -58270947 3269
DONE! 4 0 -118229296 -50571123 -20876259 3181
DONE! 4 0 -118229296 -58893087 -12554295 3135
DONE! 4 0 -118229296 -13176435 -58270947 3269
DONE! 4 0 -118229296 -12027839 -59419543 3284
DONE! 4 0 -118229296 -8123138 -63324244 3299
DONE! 4 0 -118229296 -13833044 -57614338 3254
DONE! 4 0 -118229296 -34678132 -36769250 3208
DONE! 4 0 -118229296 -50571123 -20876259 3181
DONE! 4 0 -118229296 -13833044 -57614338 3254
DONE! 4 0 -118229296 -13176435 -58270947 3269
DONE! 4 0 -118229296 -8123138 -63324244 3299
DONE! 4 0 -118229296 -12027839 -59419543 3284
DONE! 4 0 -118229296 -34199485 -37247897 3223
DONE! 4 0 -118229296 -13176435 -58270947 3269
DONE! 4 0 -118229296 -12027839 -59419543 3284
DONE! 4 0 -118229296 -8123138 -63324244 3299
DONE! 4 0 -118229296 -13176435 -58270947 3269
DONE! 4 0 -118229296 -8123138 -63324244 3299
DONE! 4 0 -118229296 -12027839 -59419543 3284
DONE! 4 0 -118229296 -50092476 -21354906 3196
DONE! 4 0 -118229296 -12027839 -59419543 3284
DONE! 4 0 -118229296 -8123138 -63324244 3299
DONE! 4 0 -118229296 -33485556 -37961826 3238
DONE! 4 0 -118229296 -8123138 -63324244 3299
DONE! 4 0 -118229296 -12027839 -59419543 3284
DONE! 4 0 -118229296 -49378547 -22068835 3211
DONE! 4 0 -118229296 -8123138 -63324244 3299
DONE! 4 0 -118229296 -47908592 -23538790 3226
DONE! 4 0 -118229296 -8123138 -63324244 3299
DONE! 4 0 -118229296 -32015601 -39431781 3253
DONE! 4 0 -118229296 -59189073 -12258309 3120
DONE! 4 0 -118229296 -13176435 -58270947 3269
DONE! 4 0 -118229296 -12027839 -59419543 3284
DONE! 4 0 -118229296 -8123138 -63324244 3299
DONE! 4 0 -118229296 -13833044 -57614338 3254
DONE! 4 0 -118229296 -14288224 -57159158 3239
DONE! 4 0 -118229296 -35035800 -36411582 3193
DONE! 4 0 -118229296 -50928791 -20518591 3166
DONE! 4 0 -118229296 -14288224 -57159158 3239
DONE! 4 0 -118229296 -13833044 -57614338 3254
DONE! 4 0 -118229296 -13176435 -58270947 3269
DONE! 4 0 -118229296 -12027839 -59419543 3284
DONE! 4 0 -118229296 -8123138 -63324244 3299
DONE! 4 0 -118229296 -13176435 -58270947 3269
DONE! 4 0 -118229296 -8123138 -63324244 3299
DONE! 4 0 -118229296 -12027839 -59419543 3284
DONE! 4 0 -118229296 -34199485 -37247897 3223
DONE! 4 0 -118229296 -50092476 -21354906 3196
DONE! 4 0 -118229296 -13176435 -58270947 3269
DONE! 4 0 -118229296 -8123138 -63324244 3299
DONE! 4 0 -118229296 -12027839 -59419543 3284
DONE! 4 0 -118229296 -47908592 -23538790 3226
DONE! 4 0 -118229296 -8123138 -63324244 3299
DONE! 4 0 -118229296 -32015601 -39431781 3253
DONE! 4 0 -118229296 -8123138 -63324244 3299
DONE! 4 0 -118229296 -49378547 -22068835 3211
DONE! 4 0 -118229296 -12027839 -59419543 3284
DONE! 4 0 -118229296 -8123138 -63324244 3299
DONE! 4 0 -118229296 -12027839 -59419543 3284
DONE! 4 0 -118229296 -8123138 -63324244 3299
DONE! 4 0 -118229296 -33485556 -37961826 3238
DONE! 4 0 -118229296 -13833044 -57614338 3254
DONE! 4 0 -118229296 -12027839 -59419543 3284
DONE! 4 0 -118229296 -8123138 -63324244 3299
DONE! 4 0 -118229296 -13176435 -58270947 3269
DONE! 4 0 -118229296 -50571123 -20876259 3181
DONE! 4 0 -118229296 -13176435 -58270947 3269
DONE! 4 0 -118229296 -8123138 -63324244 3299
DONE! 4 0 -118229296 -12027839 -59419543 3284
DONE! 4 0 -118229296 -13833044 -57614338 3254
DONE! 4 0 -118229296 -34678132 -36769250 3208
DONE! 4 0 -118229296 -61682662 -9764720 3093
DONE! 4 0 -118229296 -8123138 -63324244 3299
DONE! 4 0 -118229296 -12027839 -59419543 3284
DONE! 4 0 -118229296 -13176435 -58270947 3269
DONE! 4 0 -118229296 -50092476 -21354906 3196
DONE! 4 0 -118229296 -47908592 -23538790 3226
DONE! 4 0 -118229296 -8123138 -63324244 3299
DONE! 4 0 -118229296 -49378547 -22068835 3211
DONE! 4 0 -118229296 -12027839 -59419543 3284
DONE! 4 0 -118229296 -8123138 -63324244 3299
DONE! 4 0 -118229296 -50571123 -20876259 3181
DONE! 4 0 -118229296 -13833044 -57614338 3254
DONE! 4 0 -118229296 -12027839 -59419543 3284
DONE! 4 0 -118229296 -8123138 -63324244 3299
DONE! 4 0 -118229296 -13176435 -58270947 3269
DONE! 4 0 -118229296 -50928791 -20518591 3166
DONE! 4 0 -118229296 -14288224 -57159158 3239
DONE! 4 0 -118229296 -13833044 -57614338 3254
DONE! 4 0 -118229296 -13176435 -58270947 3269
DONE! 4 0 -118229296 -12027839 -59419543 3284
DONE! 4 0 -118229296 -8123138 -63324244 3299
DONE! 4 0 -118229296 -51211918 -20235464 3151
DONE! 4 0 -118229296 -14633033 -56814349 3224
DONE! 4 0 -118229296 -13176435 -58270947 3269
DONE! 4 0 -118229296 -8123138 -63324244 3299
DONE! 4 0 -118229296 -12027839 -59419543 3284
DONE! 4 0 -118229296 -13833044 -57614338 3254
DONE! 4 0 -118229296 -14288224 -57159158 3239
DONE! 4 0 -118229296 -47908592 -23538790 3226
DONE! 4 0 -118229296 -8123138 -63324244 3299
DONE! 4 0 -118229296 -8123138 -63324244 3299
DONE! 4 0 -118229296 -12027839 -59419543 3284
DONE! 4 0 -118229296 -49378547 -22068835 3211
DONE! 4 0 -118229296 -50092476 -21354906 3196
DONE! 4 0 -118229296 -8123138 -63324244 3299
DONE! 4 0 -118229296 -12027839 -59419543 3284
DONE! 4 0 -118229296 -13176435 -58270947 3269
DONE! 4 0 -118229296 -50571123 -20876259 3181
DONE! 4 0 -118229296 -13833044 -57614338 3254
DONE! 4 0 -118229296 -13176435 -58270947 3269
DONE! 4 0 -118229296 -12027839 -59419543 3284
DONE! 4 0 -118229296 -8123138 -63324244 3299
DONE! 4 0 -118229296 -14288224 -57159158 3239
DONE! 4 0 -118229296 -13176435 -58270947 3269
DONE! 4 0 -118229296 -8123138 -63324244 3299
DONE! 4 0 -118229296 -12027839 -59419543 3284
DONE! 4 0 -118229296 -13833044 -57614338 3254
DONE! 4 0 -118229296 -50928791 -20518591 3166
DONE! 4 0 -118229296 -61923226 -9524156 3078
DONE! 4 0 -118229296 -59429637 -12017745 3105
DONE! 4 0 -118229296 -12027839 -59419543 3284
DONE! 4 0 -118229296 -8123138 -63324244 3299
DONE! 4 0 -118229296 -13176435 -58270947 3269
DONE! 4 0 -118229296 -13833044 -57614338 3254
DONE! 4 0 -118229296 -14288224 -57159158 3239
DONE! 4 0 -118229296 -14633033 -56814349 3224
DONE! 4 0 -118229296 -35318927 -36128455 3178
DONE! 4 0 -118229296 -14633033 -56814349 3224
DONE! 4 0 -118229296 -12027839 -59419543 3284
DONE! 4 0 -118229296 -8123138 -63324244 3299
DONE! 4 0 -118229296 -13176435 -58270947 3269
DONE! 4 0 -118229296 -13833044 -57614338 3254
DONE! 4 0 -118229296 -14288224 -57159158 3239
DONE! 4 0 -118229296 -51211918 -20235464 3151
DONE! 4 0 -118229296 -50571123 -20876259 3181
DONE! 4 0 -118229296 -13833044 -57614338 3254
DONE! 4 0 -118229296 -8123138 -63324244 3299
DONE! 4 0 -118229296 -12027839 -59419543 3284
DONE! 4 0 -118229296 -13176435 -58270947 3269
DONE! 4 0 -118229296 -34678132 -36769250 3208
DONE! 4 0 -118229296 -13833044 -57614338 3254
DONE! 4 0 -118229296 -12027839 -59419543 3284
DONE! 4 0 -118229296 -8123138 -63324244 3299
DONE! 4 0 -118229296 -13176435 -58270947 3269
DONE! 4 0 -118229296 -13176435 -58270947 3269
DONE! 4 0 -118229296 -8123138 -63324244 3299
DONE! 4 0 -118229296 -12027839 -59419543 3284
DONE! 4 0 -118229296 -50092476 -21354906 3196
DONE! 4 0 -118229296 -13176435 -58270947 3269
DONE! 4 0 -118229296 -8123138 -63324244 3299
DONE! 4 0 -118229296 -12027839 -59419543 3284
DONE! 4 0 -118229296 -34199485 -37247897 3223
DONE! 4 0 -118229296 -8123138 -63324244 3299
DONE! 4 0 -118229296 -47908592 -23538790 3226
DONE! 4 0 -118229296 -8123138 -63324244 3299
DONE! 4 0 -118229296 -32015601 -39431781 3253
DONE! 4 0 -118229296 -33485556 -37961826 3238
DONE! 4 0 -118229296 -12027839 -59419543 3284
DONE! 4 0 -118229296 -8123138 -63324244 3299
DONE! 4 0 -118229296 -49378547 -22068835 3211
DONE! 4 0 -118229296 -12027839 -59419543 3284
DONE! 4 0 -118229296 -8123138 -63324244 3299
DONE! 4 0 -118229296 -35035800 -36411582 3193
DONE! 4 0 -118229296 -14288224 -57159158 3239
DONE! 4 0 -118229296 -13176435 -58270947 3269
DONE! 4 0 -118229296 -12027839 -59419543 3284
DONE! 4 0 -118229296 -8123138 -63324244 3299
DONE! 4 0 -118229296 -13833044 -57614338 3254
DONE! 4 0 -118229296 -13176435 -58270947 3269
DONE! 4 0 -118229296 -8123138 -63324244 3299
DONE! 4 0 -118229296 -12027839 -59419543 3284
DONE! 4 0 -118229296 -13833044 -57614338 3254
DONE! 4 0 -118229296 -14288224 -57159158 3239
DONE! 4 0 -118229296 -50928791 -20518591 3166
DONE! 4 0 -118229296 -67893553 -3553829 3032
DONE! 4 0 -118229296 -64865359 -6582023 3049
DONE! 4 0 -118229296 -8123138 -63324244 3299
DONE! 4 0 -118229296 -12027839 -59419543 3284
DONE! 4 0 -118229296 -13176435 -58270947 3269
DONE! 4 0 -118229296 -50092476 -21354906 3196
DONE! 4 0 -118229296 -39606346 -31841036 3213
DONE! 4 0 -118229296 -12027839 -59419543 3284
DONE! 4 0 -118229296 -8123138 -63324244 3299
DONE! 4 0 -118229296 -13176435 -58270947 3269
DONE! 4 0 -118229296 -8123138 -63324244 3299
DONE! 4 0 -118229296 -12027839 -59419543 3284
DONE! 4 0 -118229296 -49378547 -22068835 3211
DONE! 4 0 -118229296 -38892417 -32554965 3228
DONE! 4 0 -118229296 -12027839 -59419543 3284
DONE! 4 0 -118229296 -8123138 -63324244 3299
DONE! 4 0 -118229296 -8123138 -63324244 3299
DONE! 4 0 -118229296 -37422462 -34024920 3243
DONE! 4 0 -118229296 -8123138 -63324244 3299
DONE! 4 0 -118229296 -47908592 -23538790 3226
DONE! 4 0 -118229296 -8123138 -63324244 3299
DONE! 4 0 -118229296 -12027839 -59419543 3284
DONE! 4 0 -118229296 -13176435 -58270947 3269
DONE! 4 0 -118229296 -13833044 -57614338 3254
DONE! 4 0 -118229296 -50571123 -20876259 3181
DONE! 4 0 -118229296 -40084993 -31362389 3198
DONE! 4 0 -118229296 -13833044 -57614338 3254
DONE! 4 0 -118229296 -8123138 -63324244 3299
DONE! 4 0 -118229296 -12027839 -59419543 3284
DONE! 4 0 -118229296 -13176435 -58270947 3269
DONE! 4 0 -118229296 -40442661 -31004721 3183
DONE! 4 0 -118229296 -13833044 -57614338 3254
DONE! 4 0 -118229296 -12027839 -59419543 3284
DONE! 4 0 -118229296 -8123138 -63324244 3299
DONE! 4 0 -118229296 -13176435 -58270947 3269
DONE! 4 0 -118229296 -14288224 -57159158 3239
DONE! 4 0 -118229296 -14288224 -57159158 3239
DONE! 4 0 -118229296 -13833044 -57614338 3254
DONE! 4 0 -118229296 -13176435 -58270947 3269
DONE! 4 0 -118229296 -12027839 -59419543 3284
DONE! 4 0 -118229296 -8123138 -63324244 3299
DONE! 4 0 -118229296 -50928791 -20518591 3166
DONE! 4 0 -118229296 -51211918 -20235464 3151
DONE! 4 0 -118229296 -12027839 -59419543 3284
DONE! 4 0 -118229296 -8123138 -63324244 3299
DONE! 4 0 -118229296 -13176435 -58270947 3269
DONE! 4 0 -118229296 -13833044 -57614338 3254
DONE! 4 0 -118229296 -14288224 -57159158 3239
DONE! 4 0 -118229296 -14633033 -56814349 3224
DONE! 4 0 -118229296 -40725788 -30721594 3168
DONE! 4 0 -118229296 -13176435 -58270947 3269
DONE! 4 0 -118229296 -8123138 -63324244 3299
DONE! 4 0 -118229296 -12027839 -59419543 3284
DONE! 4 0 -118229296 -13833044 -57614338 3254
DONE! 4 0 -118229296 -14288224 -57159158 3239
DONE! 4 0 -118229296 -14633033 -56814349 3224
DONE! 4 0 -118229296 -58895032 -12552350 3095
DONE! 4 0 -118229296 -51211918 -20235464 3151
DONE! 4 0 -118229296 -13833044 -57614338 3254
DONE! 4 0 -118229296 -13176435 -58270947 3269
DONE! 4 0 -118229296 -8123138 -63324244 3299
DONE! 4 0 -118229296 -12027839 -59419543 3284
DONE! 4 0 -118229296 -14288224 -57159158 3239
DONE! 4 0 -118229296 -14633033 -56814349 3224
DONE! 4 0 -118229296 -13833044 -57614338 3254
DONE! 4 0 -118229296 -12027839 -59419543 3284
DONE! 4 0 -118229296 -8123138 -63324244 3299
DONE! 4 0 -118229296 -13176435 -58270947 3269
DONE! 4 0 -118229296 -14288224 -57159158 3239
DONE! 4 0 -118229296 -14633033 -56814349 3224
DONE! 4 0 -118229296 -35318927 -36128455 3178
DONE! 4 0 -118229296 -32015601 -39431781 3253
DONE! 4 0 -118229296 -8123138 -63324244 3299
DONE! 4 0 -118229296 -8123138 -63324244 3299
DONE! 4 0 -118229296 -47908592 -23538790 3226
DONE! 4 0 -118229296 -33485556 -37961826 3238
DONE! 4 0 -118229296 -8123138 -63324244 3299
DONE! 4 0 -118229296 -12027839 -59419543 3284
DONE! 4 0 -118229296 -49378547 -22068835 3211
DONE! 4 0 -118229296 -8123138 -63324244 3299
DONE! 4 0 -118229296 -12027839 -59419543 3284
DONE! 4 0 -118229296 -34199485 -37247897 3223
DONE! 4 0 -118229296 -13176435 -58270947 3269
DONE! 4 0 -118229296 -8123138 -63324244 3299
DONE! 4 0 -118229296 -12027839 -59419543 3284
DONE! 4 0 -118229296 -50092476 -21354906 3196
DONE! 4 0 -118229296 -12027839 -59419543 3284
DONE! 4 0 -118229296 -8123138 -63324244 3299
DONE! 4 0 -118229296 -13176435 -58270947 3269
DONE! 4 0 -118229296 -13833044 -57614338 3254
DONE! 4 0 -118229296 -13176435 -58270947 3269
DONE! 4 0 -118229296 -12027839 -59419543 3284
DONE! 4 0 -118229296 -8123138 -63324244 3299
DONE! 4 0 -118229296 -50571123 -20876259 3181
DONE! 4 0 -118229296 -13833044 -57614338 3254
DONE! 4 0 -118229296 -13176435 -58270947 3269
DONE! 4 0 -118229296 -12027839 -59419543 3284
DONE! 4 0 -118229296 -8123138 -63324244 3299
DONE! 4 0 -118229296 -34678132 -36769250 3208
DONE! 4 0 -118229296 -50928791 -20518591 3166
DONE! 4 0 -118229296 -13833044 -57614338 3254
DONE! 4 0 -118229296 -8123138 -63324244 3299
DONE! 4 0 -118229296 -12027839 -59419543 3284
DONE! 4 0 -118229296 -13176435 -58270947 3269
DONE! 4 0 -118229296 -14288224 -57159158 3239
DONE! 4 0 -118229296 -35035800 -36411582 3193
DONE! 4 0 -118229296 -14288224 -57159158 3239
DONE! 4 0 -118229296 -13833044 -57614338 3254
DONE! 4 0 -118229296 -13176435 -58270947 3269
DONE! 4 0 -118229296 -12027839 -59419543 3284
DONE! 4 0 -118229296 -8123138 -63324244 3299
DONE! 4 0 -118229296 -59429637 -12017745 3105
DONE! 4 0 -118229296 -48943507 -22503875 3122
DONE! 4 0 -118229296 -13833044 -57614338 3254
DONE! 4 0 -118229296 -13176435 -58270947 3269
DONE! 4 0 -118229296 -8123138 -63324244 3299
DONE! 4 0 -118229296 -12027839 -59419543 3284
DONE! 4 0 -118229296 -34678132 -36769250 3208
DONE! 4 0 -118229296 -13176435 -58270947 3269
DONE! 4 0 -118229296 -8123138 -63324244 3299
DONE! 4 0 -118229296 -12027839 -59419543 3284
DONE! 4 0 -118229296 -13833044 -57614338 3254
DONE! 4 0 -118229296 -40084993 -31362389 3198
DONE! 4 0 -118229296 -33485556 -37961826 3238
DONE! 4 0 -118229296 -8123138 -63324244 3299
DONE! 4 0 -118229296 -12027839 -59419543 3284
DONE! 4 0 -118229296 -8123138 -63324244 3299
DONE! 4 0 -118229296 -12027839 -59419543 3284
DONE! 4 0 -118229296 -38892417 -32554965 3228
DONE! 4 0 -118229296 -8123138 -63324244 3299
DONE! 4 0 -118229296 -32015601 -39431781 3253
DONE! 4 0 -118229296 -8123138 -63324244 3299
DONE! 4 0 -118229296 -37422462 -34024920 3243
DONE! 4 0 -118229296 -8123138 -63324244 3299
DONE! 4 0 -118229296 -12027839 -59419543 3284
DONE! 4 0 -118229296 -13176435 -58270947 3269
DONE! 4 0 -118229296 -39606346 -31841036 3213
DONE! 4 0 -118229296 -8123138 -63324244 3299
DONE! 4 0 -118229296 -12027839 -59419543 3284
DONE! 4 0 -118229296 -13176435 -58270947 3269
DONE! 4 0 -118229296 -34199485 -37247897 3223
DONE! 4 0 -118229296 -14288224 -57159158 3239
DONE! 4 0 -118229296 -13833044 -57614338 3254
DONE! 4 0 -118229296 -13176435 -58270947 3269
DONE! 4 0 -118229296 -8123138 -63324244 3299
DONE! 4 0 -118229296 -12027839 -59419543 3284
DONE! 4 0 -118229296 -40442661 -31004721 3183
DONE! 4 0 -118229296 -12027839 -59419543 3284
DONE! 4 0 -118229296 -8123138 -63324244 3299
DONE! 4 0 -118229296 -13176435 -58270947 3269
DONE! 4 0 -118229296 -13833044 -57614338 3254
DONE! 4 0 -118229296 -14288224 -57159158 3239
DONE! 4 0 -118229296 -35035800 -36411582 3193
DONE! 4 0 -118229296 -14288224 -57159158 3239
DONE! 4 0 -118229296 -13176435 -58270947 3269
DONE! 4 0 -118229296 -12027839 -59419543 3284
DONE! 4 0 -118229296 -8123138 -63324244 3299
DONE! 4 0 -118229296 -13833044 -57614338 3254
DONE! 4 0 -118229296 -14633033 -56814349 3224
DONE! 4 0 -118229296 -35318927 -36128455 3178
DONE! 4 0 -118229296 -14288224 -57159158 3239
DONE! 4 0 -118229296 -13833044 -57614338 3254
DONE! 4 0 -118229296 -8123138 -63324244 3299
DONE! 4 0 -118229296 -12027839 -59419543 3284
DONE! 4 0 -118229296 -13176435 -58270947 3269
DONE! 4 0 -118229296 -14633033 -56814349 3224
DONE! 4 0 -118229296 -40725788 -30721594 3168
DONE! 4 0 -118229296 -8123138 -63324244 3299
DONE! 4 0 -118229296 -47908592 -23538790 3226
DONE! 4 0 -118229296 -37422462 -34024920 3243
DONE! 4 0 -118229296 -8123138 -63324244 3299
DONE! 4 0 -118229296 -49378547 -22068835 3211
DONE! 4 0 -118229296 -8123138 -63324244 3299
DONE! 4 0 -118229296 -12027839 -59419543 3284
DONE! 4 0 -118229296 -8123138 -63324244 3299
DONE! 4 0 -118229296 -12027839 -59419543 3284
DONE! 4 0 -118229296 -38892417 -32554965 3228
DONE! 4 0 -118229296 -13176435 -58270947 3269
DONE! 4 0 -118229296 -12027839 -59419543 3284
DONE! 4 0 -118229296 -8123138 -63324244 3299
DONE! 4 0 -118229296 -50092476 -21354906 3196
DONE! 4 0 -118229296 -13176435 -58270947 3269
DONE! 4 0 -118229296 -12027839 -59419543 3284
DONE! 4 0 -118229296 -8123138 -63324244 3299
DONE! 4 0 -118229296 -39606346 -31841036 3213
DONE! 4 0 -118229296 -8123138 -63324244 3299
DONE! 4 0 -118229296 -12027839 -59419543 3284
DONE! 4 0 -118229296 -13176435 -58270947 3269
DONE! 4 0 -118229296 -13833044 -57614338 3254
DONE! 4 0 -118229296 -50571123 -20876259 3181
DONE! 4 0 -118229296 -40084993 -31362389 3198
DONE! 4 0 -118229296 -13176435 -58270947 3269
DONE! 4 0 -118229296 -8123138 -63324244 3299
DONE! 4 0 -118229296 -12027839 -59419543 3284
DONE! 4 0 -118229296 -13833044 -57614338 3254
DONE! 4 0 -118229296 -58358482 -13088900 3125
DONE! 4 0 -118229296 -48406957 -23040425 3152
DONE! 4 0 -118229296 -40084993 -31362389 3198
DONE! 4 0 -118229296 -13833044 -57614338 3254
DONE! 4 0 -118229296 -13176435 -58270947 3269
DONE! 4 0 -118229296 -8123138 -63324244 3299
DONE! 4 0 -118229296 -12027839 -59419543 3284
DONE! 4 0 -118229296 -34678132 -36769250 3208
DONE! 4 0 -118229296 -13176435 -58270947 3269
DONE! 4 0 -118229296 -12027839 -59419543 3284
DONE! 4 0 -118229296 -8123138 -63324244 3299
DONE! 4 0 -118229296 -13833044 -57614338 3254
DONE! 4 0 -118229296 -13176435 -58270947 3269
DONE! 4 0 -118229296 -8123138 -63324244 3299
DONE! 4 0 -118229296 -12027839 -59419543 3284
DONE! 4 0 -118229296 -39606346 -31841036 3213
DONE! 4 0 -118229296 -12027839 -59419543 3284
DONE! 4 0 -118229296 -8123138 -63324244 3299
DONE! 4 0 -118229296 -13176435 -58270947 3269
DONE! 4 0 -118229296 -34199485 -37247897 3223
DONE! 4 0 -118229296 -12027839 -59419543 3284
DONE! 4 0 -118229296 -8123138 -63324244 3299
DONE! 4 0 -118229296 -38892417 -32554965 3228
DONE! 4 0 -118229296 -8123138 -63324244 3299
DONE! 4 0 -118229296 -12027839 -59419543 3284
DONE! 4 0 -118229296 -33485556 -37961826 3238
DONE! 4 0 -118229296 -37422462 -34024920 3243
DONE! 4 0 -118229296 -8123138 -63324244 3299
DONE! 4 0 -118229296 -32015601 -39431781 3253
DONE! 4 0 -118229296 -8123138 -63324244 3299
DONE! 4 0 -118229296 -13176435 -58270947 3269
DONE! 4 0 -118229296 -8123138 -63324244 3299
DONE! 4 0 -118229296 -12027839 -59419543 3284
DONE! 4 0 -118229296 -13833044 -57614338 3254
DONE! 4 0 -118229296 -34678132 -36769250 3208
DONE! 4 0 -118229296 -13176435 -58270947 3269
DONE! 4 0 -118229296 -8123138 -63324244 3299
DONE! 4 0 -118229296 -12027839 -59419543 3284
DONE! 4 0 -118229296 -13833044 -57614338 3254
DONE! 4 0 -118229296 -50571123 -20876259 3181
DONE! 4 0 -118229296 -12027839 -59419543 3284
DONE! 4 0 -118229296 -8123138 -63324244 3299
DONE! 4 0 -118229296 -13176435 -58270947 3269
DONE! 4 0 -118229296 -34199485 -37247897 3223
DONE! 4 0 -118229296 -50092476 -21354906 3196
DONE! 4 0 -118229296 -13176435 -58270947 3269
DONE! 4 0 -118229296 -8123138 -63324244 3299
DONE! 4 0 -118229296 -12027839 -59419543 3284
DONE! 4 0 -118229296 -47908592 -23538790 3226
DONE! 4 0 -118229296 -8123138 -63324244 3299
DONE! 4 0 -118229296 -32015601 -39431781 3253
DONE! 4 0 -118229296 -8123138 -63324244 3299
DONE! 4 0 -118229296 -12027839 -59419543 3284
DONE! 4 0 -118229296 -8123138 -63324244 3299
DONE! 4 0 -118229296 -33485556 -37961826 3238
DONE! 4 0 -118229296 -49378547 -22068835 3211
DONE! 4 0 -118229296 -8123138 -63324244 3299
DONE! 4 0 -118229296 -12027839 -59419543 3284
DONE! 4 0 -118229296 -58893087 -12554295 3135
DONE! 4 0 -118229296 -57975985 -13471397 3165
DONE! 4 0 -118229296 -8123138 -63324244 3299
DONE! 4 0 -118229296 -12027839 -59419543 3284
DONE! 4 0 -118229296 -49378547 -22068835 3211
DONE! 4 0 -118229296 -33485556 -37961826 3238
DONE! 4 0 -118229296 -12027839 -59419543 3284
DONE! 4 0 -118229296 -8123138 -63324244 3299
DONE! 4 0 -118229296 -8123138 -63324244 3299
DONE! 4 0 -118229296 -32015601 -39431781 3253
DONE! 4 0 -118229296 -47908592 -23538790 3226
DONE! 4 0 -118229296 -8123138 -63324244 3299
DONE! 4 0 -118229296 -47489855 -23957527 3182
DONE! 4 0 -118229296 -38892417 -32554965 3228
DONE! 4 0 -118229296 -12027839 -59419543 3284
DONE! 4 0 -118229296 -8123138 -63324244 3299
