Original cost:  -118229296
17 cost: -118229296 cost+uc-param -118229296 uc 46781914 -118229296
0
[3]
35 cost: -118229296 cost+uc-param -118229296 uc 46781914 -118229296
1
[3]
67 cost: -118229296 cost+uc-param -118229296 uc 46781914 -118229296
0
[3]
17 cost: -118220088 cost+uc-param -118229296 uc 46772706 -118229296
0
[77, 79, 81, 83, 85, 19, 21, 5, 1, 3]
35 cost: -118220088 cost+uc-param -118229296 uc 46772706 -118229296
1
[77, 79, 81, 83, 85, 19, 21, 5, 1, 3]
98 cost: -118220089 cost+uc-param -118229296 uc 46772707 -118229296
14
[79, 81, 83, 85, 19, 21, 5, 1, 3, 35]
96 cost: -118219899 cost+uc-param -118229296 uc 46772517 -118229296
53
[81, 83, 85, 19, 21, 5, 1, 3, 35, 98]
35 cost: -118208344 cost+uc-param -118229296 uc 46760962 -118229296
0
[68, 95, 97, 99, 101, 103, 105, 5, 1, 3]
17 cost: -118208344 cost+uc-param -118229296 uc 46760962 -118229296
0
[68, 95, 97, 99, 101, 103, 105, 5, 1, 3]
19 cost: -118208320 cost+uc-param -118229296 uc 46760938 -118229296
0
[95, 97, 99, 101, 103, 105, 5, 1, 3, 17]
21 cost: -118205158 cost+uc-param -118229296 uc 46757776 -118229296
28
[97, 99, 101, 103, 105, 5, 1, 3, 17, 19]
35 cost: -118067553 cost+uc-param -118229296 uc 46620171 -118229296
0
[68, 95, 97, 99, 101, 103, 105, 5, 1, 3]
98 cost: -118067553 cost+uc-param -118229296 uc 46620171 -118229296
13
[95, 97, 99, 101, 103, 105, 5, 1, 3, 35]
96 cost: -118066746 cost+uc-param -118229296 uc 46619364 -118229296
49
[97, 99, 101, 103, 105, 5, 1, 3, 35, 98]
DONE! 4 0 -118229296 -117691217 46243835 568
DONE! 4 0 -118229296 -117420547 45973165 661
DONE! 4 0 -118229296 -116061906 44614524 1041
DONE! 4 0 -118229296 -101232025 29784643 1915
DONE! 4 0 -118229296 -92503239 21055857 2495
DONE! 4 0 -118229296 -72645563 1198181 2839
DONE! 4 0 -118229296 -45474521 -25972861 3050
DONE! 4 0 -118229296 -43115944 -28331438 3111
DONE! 4 0 -118229296 -39734963 -31712419 3157
DONE! 4 0 -118229296 -33722609 -37724773 3213
DONE! 4 0 -118229296 -13134505 -58312877 3279
DONE! 4 0 -118229296 -12976868 -58470514 3309
DONE! 4 0 -118229296 -12802746 -58644636 3334
DONE! 4 0 -118229296 -12690750 -58756632 3349
DONE! 4 0 -118229296 -12256560 -59190822 3394
DONE! 4 0 -118229296 -12065004 -59382378 3409
DONE! 4 0 -118229296 -11838186 -59609196 3424
DONE! 4 0 -118229296 -11563192 -59884190 3439
DONE! 4 0 -118229296 -10106594 -61340788 3484
DONE! 4 0 -118229296 -5053297 -66394085 3514
DONE! 4 0 -118229296 -8957998 -62489384 3499
DONE! 4 0 -118229296 -10763203 -60684179 3469
DONE! 4 0 -118229296 -11218383 -60228999 3454
DONE! 4 0 -118229296 -12421184 -59026198 3379
DONE! 4 0 -118229296 -12564561 -58882821 3364
DONE! 4 0 -118229296 -12846262 -58601120 3329
DONE! 4 0 -118229296 -12690750 -58756632 3349
DONE! 4 0 -118229296 -12421184 -59026198 3379
DONE! 4 0 -118229296 -12256560 -59190822 3394
DONE! 4 0 -118229296 -11563192 -59884190 3439
DONE! 4 0 -118229296 -11218383 -60228999 3454
DONE! 4 0 -118229296 -10763203 -60684179 3469
DONE! 4 0 -118229296 -10106594 -61340788 3484
DONE! 4 0 -118229296 -5053297 -66394085 3514
DONE! 4 0 -118229296 -8957998 -62489384 3499
DONE! 4 0 -118229296 -11838186 -59609196 3424
DONE! 4 0 -118229296 -12065004 -59382378 3409
DONE! 4 0 -118229296 -12564561 -58882821 3364
DONE! 4 0 -118229296 -12739502 -58707880 3344
DONE! 4 0 -118229296 -12564561 -58882821 3364
DONE! 4 0 -118229296 -12421184 -59026198 3379
DONE! 4 0 -118229296 -12065004 -59382378 3409
DONE! 4 0 -118229296 -11838186 -59609196 3424
DONE! 4 0 -118229296 -11218383 -60228999 3454
DONE! 4 0 -118229296 -8957998 -62489384 3499
DONE! 4 0 -118229296 -5053297 -66394085 3514
DONE! 4 0 -118229296 -10106594 -61340788 3484
DONE! 4 0 -118229296 -10763203 -60684179 3469
DONE! 4 0 -118229296 -11563192 -59884190 3439
DONE! 4 0 -118229296 -12256560 -59190822 3394
DONE! 4 0 -118229296 -12256560 -59190822 3394
DONE! 4 0 -118229296 -12065004 -59382378 3409
DONE! 4 0 -118229296 -10763203 -60684179 3469
DONE! 4 0 -118229296 -10106594 -61340788 3484
DONE! 4 0 -118229296 -8957998 -62489384 3499
DONE! 4 0 -118229296 -5053297 -66394085 3514
DONE! 4 0 -118229296 -11218383 -60228999 3454
DONE! 4 0 -118229296 -11563192 -59884190 3439
DONE! 4 0 -118229296 -11838186 -59609196 3424
DONE! 4 0 -118229296 -12421184 -59026198 3379
DONE! 4 0 -118229296 -12483721 -58963661 3374
DONE! 4 0 -118229296 -12065004 -59382378 3409
DONE! 4 0 -118229296 -11838186 -59609196 3424
DONE! 4 0 -118229296 -11563192 -59884190 3439
DONE! 4 0 -118229296 -10763203 -60684179 3469
DONE! 4 0 -118229296 -10106594 -61340788 3484
DONE! 4 0 -118229296 -5053297 -66394085 3514
DONE! 4 0 -118229296 -8957998 -62489384 3499
DONE! 4 0 -118229296 -11218383 -60228999 3454
DONE! 4 0 -118229296 -12256560 -59190822 3394
DONE! 4 0 -118229296 -12328432 -59118950 3389
DONE! 4 0 -118229296 -12148707 -59298675 3404
DONE! 4 0 -118229296 -11937380 -59510002 3419
DONE! 4 0 -118229296 -11369412 -60077970 3449
DONE! 4 0 -118229296 -10962722 -60484660 3464
DONE! 4 0 -118229296 -8957998 -62489384 3499
DONE! 4 0 -118229296 -5053297 -66394085 3514
DONE! 4 0 -118229296 -10106594 -61340788 3484
DONE! 4 0 -118229296 -8957998 -62489384 3499
DONE! 4 0 -118229296 -5053297 -66394085 3514
DONE! 4 0 -118229296 -5053297 -66394085 3514
DONE! 4 0 -118229296 -6768345 -64679037 3509
DONE! 4 0 -118229296 -9462150 -61985232 3494
DONE! 4 0 -118229296 -10394605 -61052777 3479
DONE! 4 0 -118229296 -10763203 -60684179 3469
DONE! 4 0 -118229296 -10106594 -61340788 3484
DONE! 4 0 -118229296 -5053297 -66394085 3514
DONE! 4 0 -118229296 -8957998 -62489384 3499
DONE! 4 0 -118229296 -11218383 -60228999 3454
DONE! 4 0 -118229296 -10763203 -60684179 3469
DONE! 4 0 -118229296 -8957998 -62489384 3499
DONE! 4 0 -118229296 -5053297 -66394085 3514
DONE! 4 0 -118229296 -10106594 -61340788 3484
DONE! 4 0 -118229296 -11683552 -59763830 3434
DONE! 4 0 -118229296 -11218383 -60228999 3454
DONE! 4 0 -118229296 -10106594 -61340788 3484
DONE! 4 0 -118229296 -8957998 -62489384 3499
DONE! 4 0 -118229296 -5053297 -66394085 3514
DONE! 4 0 -118229296 -10763203 -60684179 3469
DONE! 4 0 -118229296 -11563192 -59884190 3439
DONE! 4 0 -118229296 -11838186 -59609196 3424
DONE! 4 0 -118229296 -11563192 -59884190 3439
DONE! 4 0 -118229296 -10763203 -60684179 3469
DONE! 4 0 -118229296 -5053297 -66394085 3514
DONE! 4 0 -118229296 -8957998 -62489384 3499
DONE! 4 0 -118229296 -10106594 -61340788 3484
DONE! 4 0 -118229296 -11218383 -60228999 3454
DONE! 4 0 -118229296 -11218383 -60228999 3454
DONE! 4 0 -118229296 -8957998 -62489384 3499
DONE! 4 0 -118229296 -5053297 -66394085 3514
DONE! 4 0 -118229296 -10106594 -61340788 3484
DONE! 4 0 -118229296 -10763203 -60684179 3469
DONE! 4 0 -118229296 -11563192 -59884190 3439
DONE! 4 0 -118229296 -11838186 -59609196 3424
DONE! 4 0 -118229296 -12065004 -59382378 3409
DONE! 4 0 -118229296 -12619548 -58827834 3359
DONE! 4 0 -118229296 -12885089 -58562293 3324
DONE! 4 0 -118229296 -12668069 -58779313 3354
DONE! 4 0 -118229296 -12483721 -58963661 3374
DONE! 4 0 -118229296 -12065004 -59382378 3409
DONE! 4 0 -118229296 -5053297 -66394085 3514
DONE! 4 0 -118229296 -8957998 -62489384 3499
DONE! 4 0 -118229296 -10106594 -61340788 3484
DONE! 4 0 -118229296 -10763203 -60684179 3469
DONE! 4 0 -118229296 -11218383 -60228999 3454
DONE! 4 0 -118229296 -11563192 -59884190 3439
DONE! 4 0 -118229296 -11838186 -59609196 3424
DONE! 4 0 -118229296 -12148707 -59298675 3404
DONE! 4 0 -118229296 -10106594 -61340788 3484
DONE! 4 0 -118229296 -5053297 -66394085 3514
DONE! 4 0 -118229296 -8957998 -62489384 3499
DONE! 4 0 -118229296 -10763203 -60684179 3469
DONE! 4 0 -118229296 -11218383 -60228999 3454
DONE! 4 0 -118229296 -11563192 -59884190 3439
DONE! 4 0 -118229296 -10962722 -60484660 3464
DONE! 4 0 -118229296 -6768345 -64679037 3509
DONE! 4 0 -118229296 -5053297 -66394085 3514
DONE! 4 0 -118229296 -9462150 -61985232 3494
DONE! 4 0 -118229296 -5053297 -66394085 3514
DONE! 4 0 -118229296 -8957998 -62489384 3499
DONE! 4 0 -118229296 -10394605 -61052777 3479
DONE! 4 0 -118229296 -8957998 -62489384 3499
DONE! 4 0 -118229296 -5053297 -66394085 3514
DONE! 4 0 -118229296 -10106594 -61340788 3484
DONE! 4 0 -118229296 -10763203 -60684179 3469
DONE! 4 0 -118229296 -10106594 -61340788 3484
DONE! 4 0 -118229296 -5053297 -66394085 3514
DONE! 4 0 -118229296 -8957998 -62489384 3499
DONE! 4 0 -118229296 -11369412 -60077970 3449
DONE! 4 0 -118229296 -11218383 -60228999 3454
DONE! 4 0 -118229296 -10106594 -61340788 3484
DONE! 4 0 -118229296 -5053297 -66394085 3514
DONE! 4 0 -118229296 -8957998 -62489384 3499
DONE! 4 0 -118229296 -10763203 -60684179 3469
DONE! 4 0 -118229296 -11683552 -59763830 3434
DONE! 4 0 -118229296 -11937380 -59510002 3419
DONE! 4 0 -118229296 -11563192 -59884190 3439
DONE! 4 0 -118229296 -11218383 -60228999 3454
DONE! 4 0 -118229296 -10763203 -60684179 3469
DONE! 4 0 -118229296 -10106594 -61340788 3484
DONE! 4 0 -118229296 -8957998 -62489384 3499
DONE! 4 0 -118229296 -5053297 -66394085 3514
DONE! 4 0 -118229296 -11838186 -59609196 3424
DONE! 4 0 -118229296 -12328432 -59118950 3389
DONE! 4 0 -118229296 -11838186 -59609196 3424
DONE! 4 0 -118229296 -11563192 -59884190 3439
DONE! 4 0 -118229296 -11218383 -60228999 3454
DONE! 4 0 -118229296 -10106594 -61340788 3484
DONE! 4 0 -118229296 -8957998 -62489384 3499
DONE! 4 0 -118229296 -5053297 -66394085 3514
DONE! 4 0 -118229296 -10763203 -60684179 3469
DONE! 4 0 -118229296 -12065004 -59382378 3409
DONE! 4 0 -118229296 -12256560 -59190822 3394
DONE! 4 0 -118229296 -12421184 -59026198 3379
DONE! 4 0 -118229296 -12065004 -59382378 3409
DONE! 4 0 -118229296 -11838186 -59609196 3424
DONE! 4 0 -118229296 -11563192 -59884190 3439
DONE! 4 0 -118229296 -10763203 -60684179 3469
DONE! 4 0 -118229296 -8957998 -62489384 3499
DONE! 4 0 -118229296 -5053297 -66394085 3514
DONE! 4 0 -118229296 -10106594 -61340788 3484
DONE! 4 0 -118229296 -11218383 -60228999 3454
DONE! 4 0 -118229296 -12256560 -59190822 3394
DONE! 4 0 -118229296 -12538477 -58908905 3369
DONE! 4 0 -118229296 -12328432 -59118950 3389
DONE! 4 0 -118229296 -12065004 -59382378 3409
DONE! 4 0 -118229296 -10763203 -60684179 3469
DONE! 4 0 -118229296 -10106594 -61340788 3484
DONE! 4 0 -118229296 -5053297 -66394085 3514
DONE! 4 0 -118229296 -8957998 -62489384 3499
DONE! 4 0 -118229296 -11218383 -60228999 3454
DONE! 4 0 -118229296 -11563192 -59884190 3439
DONE! 4 0 -118229296 -11838186 -59609196 3424
DONE! 4 0 -118229296 -11563192 -59884190 3439
DONE! 4 0 -118229296 -11218383 -60228999 3454
DONE! 4 0 -118229296 -8957998 -62489384 3499
DONE! 4 0 -118229296 -5053297 -66394085 3514
DONE! 4 0 -118229296 -10106594 -61340788 3484
DONE! 4 0 -118229296 -10763203 -60684179 3469
DONE! 4 0 -118229296 -11838186 -59609196 3424
DONE! 4 0 -118229296 -11937380 -59510002 3419
DONE! 4 0 -118229296 -11563192 -59884190 3439
DONE! 4 0 -118229296 -11218383 -60228999 3454
DONE! 4 0 -118229296 -10763203 -60684179 3469
DONE! 4 0 -118229296 -10106594 -61340788 3484
DONE! 4 0 -118229296 -5053297 -66394085 3514
DONE! 4 0 -118229296 -8957998 -62489384 3499
DONE! 4 0 -118229296 -11683552 -59763830 3434
DONE! 4 0 -118229296 -11218383 -60228999 3454
DONE! 4 0 -118229296 -10106594 -61340788 3484
DONE! 4 0 -118229296 -8957998 -62489384 3499
DONE! 4 0 -118229296 -5053297 -66394085 3514
DONE! 4 0 -118229296 -10763203 -60684179 3469
DONE! 4 0 -118229296 -10962722 -60484660 3464
DONE! 4 0 -118229296 -5053297 -66394085 3514
DONE! 4 0 -118229296 -8957998 -62489384 3499
DONE! 4 0 -118229296 -5053297 -66394085 3514
DONE! 4 0 -118229296 -6768345 -64679037 3509
DONE! 4 0 -118229296 -9462150 -61985232 3494
DONE! 4 0 -118229296 -10394605 -61052777 3479
DONE! 4 0 -118229296 -10106594 -61340788 3484
DONE! 4 0 -118229296 -8957998 -62489384 3499
DONE! 4 0 -118229296 -5053297 -66394085 3514
DONE! 4 0 -118229296 -5053297 -66394085 3514
DONE! 4 0 -118229296 -8957998 -62489384 3499
DONE! 4 0 -118229296 -10106594 -61340788 3484
DONE! 4 0 -118229296 -10763203 -60684179 3469
DONE! 4 0 -118229296 -11369412 -60077970 3449
DONE! 4 0 -118229296 -12148707 -59298675 3404
DONE! 4 0 -118229296 -12256560 -59190822 3394
DONE! 4 0 -118229296 -8957998 -62489384 3499
DONE! 4 0 -118229296 -5053297 -66394085 3514
DONE! 4 0 -118229296 -10106594 -61340788 3484
DONE! 4 0 -118229296 -10763203 -60684179 3469
DONE! 4 0 -118229296 -11218383 -60228999 3454
DONE! 4 0 -118229296 -11563192 -59884190 3439
DONE! 4 0 -118229296 -11838186 -59609196 3424
DONE! 4 0 -118229296 -12065004 -59382378 3409
DONE! 4 0 -118229296 -12390738 -59056644 3384
DONE! 4 0 -118229296 -11563192 -59884190 3439
DONE! 4 0 -118229296 -11218383 -60228999 3454
DONE! 4 0 -118229296 -10763203 -60684179 3469
DONE! 4 0 -118229296 -10106594 -61340788 3484
DONE! 4 0 -118229296 -5053297 -66394085 3514
DONE! 4 0 -118229296 -8957998 -62489384 3499
DONE! 4 0 -118229296 -11838186 -59609196 3424
DONE! 4 0 -118229296 -11218383 -60228999 3454
DONE! 4 0 -118229296 -10106594 -61340788 3484
DONE! 4 0 -118229296 -5053297 -66394085 3514
DONE! 4 0 -118229296 -8957998 -62489384 3499
DONE! 4 0 -118229296 -10763203 -60684179 3469
DONE! 4 0 -118229296 -11563192 -59884190 3439
DONE! 4 0 -118229296 -10962722 -60484660 3464
DONE! 4 0 -118229296 -9462150 -61985232 3494
DONE! 4 0 -118229296 -5053297 -66394085 3514
DONE! 4 0 -118229296 -6768345 -64679037 3509
DONE! 4 0 -118229296 -5053297 -66394085 3514
DONE! 4 0 -118229296 -8957998 -62489384 3499
DONE! 4 0 -118229296 -10394605 -61052777 3479
DONE! 4 0 -118229296 -10106594 -61340788 3484
DONE! 4 0 -118229296 -8957998 -62489384 3499
DONE! 4 0 -118229296 -5053297 -66394085 3514
DONE! 4 0 -118229296 -10763203 -60684179 3469
DONE! 4 0 -118229296 -5053297 -66394085 3514
DONE! 4 0 -118229296 -8957998 -62489384 3499
DONE! 4 0 -118229296 -10106594 -61340788 3484
DONE! 4 0 -118229296 -11369412 -60077970 3449
DONE! 4 0 -118229296 -5053297 -66394085 3514
DONE! 4 0 -118229296 -8957998 -62489384 3499
DONE! 4 0 -118229296 -10106594 -61340788 3484
DONE! 4 0 -118229296 -10763203 -60684179 3469
DONE! 4 0 -118229296 -11218383 -60228999 3454
DONE! 4 0 -118229296 -11683552 -59763830 3434
DONE! 4 0 -118229296 -11937380 -59510002 3419
DONE! 4 0 -118229296 -12148707 -59298675 3404
DONE! 4 0 -118229296 -11218383 -60228999 3454
DONE! 4 0 -118229296 -8957998 -62489384 3499
DONE! 4 0 -118229296 -5053297 -66394085 3514
DONE! 4 0 -118229296 -10106594 -61340788 3484
DONE! 4 0 -118229296 -10763203 -60684179 3469
DONE! 4 0 -118229296 -11563192 -59884190 3439
DONE! 4 0 -118229296 -11838186 -59609196 3424
DONE! 4 0 -118229296 -12065004 -59382378 3409
DONE! 4 0 -118229296 -12020852 -59426530 3414
DONE! 4 0 -118229296 -11782515 -59664867 3429
DONE! 4 0 -118229296 -11218383 -60228999 3454
DONE! 4 0 -118229296 -5053297 -66394085 3514
DONE! 4 0 -118229296 -8957998 -62489384 3499
DONE! 4 0 -118229296 -10106594 -61340788 3484
DONE! 4 0 -118229296 -10763203 -60684179 3469
DONE! 4 0 -118229296 -11369412 -60077970 3449
DONE! 4 0 -118229296 -10962722 -60484660 3464
DONE! 4 0 -118229296 -8957998 -62489384 3499
DONE! 4 0 -118229296 -5053297 -66394085 3514
DONE! 4 0 -118229296 -9462150 -61985232 3494
DONE! 4 0 -118229296 -5053297 -66394085 3514
DONE! 4 0 -118229296 -6768345 -64679037 3509
DONE! 4 0 -118229296 -10394605 -61052777 3479
DONE! 4 0 -118229296 -10106594 -61340788 3484
DONE! 4 0 -118229296 -5053297 -66394085 3514
DONE! 4 0 -118229296 -8957998 -62489384 3499
DONE! 4 0 -118229296 -10763203 -60684179 3469
DONE! 4 0 -118229296 -10106594 -61340788 3484
DONE! 4 0 -118229296 -5053297 -66394085 3514
DONE! 4 0 -118229296 -8957998 -62489384 3499
DONE! 4 0 -118229296 -11489541 -59957841 3444
DONE! 4 0 -118229296 -10763203 -60684179 3469
DONE! 4 0 -118229296 -8957998 -62489384 3499
DONE! 4 0 -118229296 -5053297 -66394085 3514
DONE! 4 0 -118229296 -10106594 -61340788 3484
DONE! 4 0 -118229296 -10962722 -60484660 3464
DONE! 4 0 -118229296 -10106594 -61340788 3484
DONE! 4 0 -118229296 -5053297 -66394085 3514
DONE! 4 0 -118229296 -8957998 -62489384 3499
DONE! 4 0 -118229296 -10394605 -61052777 3479
DONE! 4 0 -118229296 -9462150 -61985232 3494
DONE! 4 0 -118229296 -6768345 -64679037 3509
DONE! 4 0 -118229296 -5053297 -66394085 3514
DONE! 4 0 -118229296 -5053297 -66394085 3514
DONE! 4 0 -118229296 -8957998 -62489384 3499
DONE! 4 0 -118229296 -11113520 -60333862 3459
DONE! 4 0 -118229296 -10106594 -61340788 3484
DONE! 4 0 -118229296 -8957998 -62489384 3499
DONE! 4 0 -118229296 -5053297 -66394085 3514
DONE! 4 0 -118229296 -10394605 -61052777 3479
DONE! 4 0 -118229296 -5053297 -66394085 3514
DONE! 4 0 -118229296 -8957998 -62489384 3499
DONE! 4 0 -118229296 -5053297 -66394085 3514
DONE! 4 0 -118229296 -6768345 -64679037 3509
DONE! 4 0 -118229296 -9462150 -61985232 3494
DONE! 4 0 -118229296 -10593893 -60853489 3474
DONE! 4 0 -118229296 -6768345 -64679037 3509
DONE! 4 0 -118229296 -5053297 -66394085 3514
DONE! 4 0 -118229296 -9462150 -61985232 3494
DONE! 4 0 -118229296 -8957998 -62489384 3499
DONE! 4 0 -118229296 -5053297 -66394085 3514
DONE! 4 0 -118229296 -7272266 -64175116 3504
DONE! 4 0 -118229296 -6768345 -64679037 3509
DONE! 4 0 -118229296 -5053297 -66394085 3514
DONE! 4 0 -118229296 -9749930 -61697452 3489
DONE! 4 0 -118229296 -10763203 -60684179 3469
DONE! 4 0 -118229296 -5053297 -66394085 3514
DONE! 4 0 -118229296 -8957998 -62489384 3499
DONE! 4 0 -118229296 -10106594 -61340788 3484
DONE! 4 0 -118229296 -8957998 -62489384 3499
DONE! 4 0 -118229296 -5053297 -66394085 3514
DONE! 4 0 -118229296 -6768345 -64679037 3509
DONE! 4 0 -118229296 -5053297 -66394085 3514
DONE! 4 0 -118229296 -9462150 -61985232 3494
DONE! 4 0 -118229296 -10394605 -61052777 3479
DONE! 4 0 -118229296 -10106594 -61340788 3484
DONE! 4 0 -118229296 -5053297 -66394085 3514
DONE! 4 0 -118229296 -8957998 -62489384 3499
DONE! 4 0 -118229296 -10962722 -60484660 3464
DONE! 4 0 -118229296 -11369412 -60077970 3449
DONE! 4 0 -118229296 -10763203 -60684179 3469
DONE! 4 0 -118229296 -8957998 -62489384 3499
DONE! 4 0 -118229296 -5053297 -66394085 3514
DONE! 4 0 -118229296 -10106594 -61340788 3484
DONE! 4 0 -118229296 -11218383 -60228999 3454
DONE! 4 0 -118229296 -11683552 -59763830 3434
DONE! 4 0 -118229296 -11218383 -60228999 3454
DONE! 4 0 -118229296 -10763203 -60684179 3469
DONE! 4 0 -118229296 -5053297 -66394085 3514
DONE! 4 0 -118229296 -8957998 -62489384 3499
DONE! 4 0 -118229296 -10106594 -61340788 3484
DONE! 4 0 -118229296 -11563192 -59884190 3439
DONE! 4 0 -118229296 -11838186 -59609196 3424
DONE! 4 0 -118229296 -11218383 -60228999 3454
DONE! 4 0 -118229296 -5053297 -66394085 3514
DONE! 4 0 -118229296 -8957998 -62489384 3499
DONE! 4 0 -118229296 -10106594 -61340788 3484
DONE! 4 0 -118229296 -10763203 -60684179 3469
DONE! 4 0 -118229296 -11563192 -59884190 3439
DONE! 4 0 -118229296 -11937380 -59510002 3419
DONE! 4 0 -118229296 -11369412 -60077970 3449
DONE! 4 0 -118229296 -10763203 -60684179 3469
DONE! 4 0 -118229296 -8957998 -62489384 3499
DONE! 4 0 -118229296 -5053297 -66394085 3514
DONE! 4 0 -118229296 -10106594 -61340788 3484
DONE! 4 0 -118229296 -10962722 -60484660 3464
DONE! 4 0 -118229296 -6768345 -64679037 3509
DONE! 4 0 -118229296 -5053297 -66394085 3514
DONE! 4 0 -118229296 -9462150 -61985232 3494
DONE! 4 0 -118229296 -5053297 -66394085 3514
DONE! 4 0 -118229296 -8957998 -62489384 3499
DONE! 4 0 -118229296 -10394605 -61052777 3479
DONE! 4 0 -118229296 -5053297 -66394085 3514
DONE! 4 0 -118229296 -8957998 -62489384 3499
DONE! 4 0 -118229296 -10106594 -61340788 3484
DONE! 4 0 -118229296 -11218383 -60228999 3454
DONE! 4 0 -118229296 -10106594 -61340788 3484
DONE! 4 0 -118229296 -5053297 -66394085 3514
DONE! 4 0 -118229296 -8957998 -62489384 3499
DONE! 4 0 -118229296 -10763203 -60684179 3469
DONE! 4 0 -118229296 -11683552 -59763830 3434
DONE! 4 0 -118229296 -11563192 -59884190 3439
DONE! 4 0 -118229296 -11218383 -60228999 3454
DONE! 4 0 -118229296 -10763203 -60684179 3469
DONE! 4 0 -118229296 -10106594 -61340788 3484
DONE! 4 0 -118229296 -8957998 -62489384 3499
DONE! 4 0 -118229296 -5053297 -66394085 3514
DONE! 4 0 -118229296 -12220348 -59227034 3399
DONE! 4 0 -118229296 -12619548 -58827834 3359
DONE! 4 0 -118229296 -12148707 -59298675 3404
DONE! 4 0 -118229296 -11683552 -59763830 3434
DONE! 4 0 -118229296 -11369412 -60077970 3449
DONE! 4 0 -118229296 -8957998 -62489384 3499
DONE! 4 0 -118229296 -5053297 -66394085 3514
DONE! 4 0 -118229296 -10106594 -61340788 3484
DONE! 4 0 -118229296 -10763203 -60684179 3469
DONE! 4 0 -118229296 -10394605 -61052777 3479
DONE! 4 0 -118229296 -5053297 -66394085 3514
DONE! 4 0 -118229296 -8957998 -62489384 3499
DONE! 4 0 -118229296 -9462150 -61985232 3494
DONE! 4 0 -118229296 -5053297 -66394085 3514
DONE! 4 0 -118229296 -6768345 -64679037 3509
DONE! 4 0 -118229296 -10106594 -61340788 3484
DONE! 4 0 -118229296 -5053297 -66394085 3514
DONE! 4 0 -118229296 -8957998 -62489384 3499
DONE! 4 0 -118229296 -10962722 -60484660 3464
DONE! 4 0 -118229296 -11218383 -60228999 3454
DONE! 4 0 -118229296 -8957998 -62489384 3499
DONE! 4 0 -118229296 -5053297 -66394085 3514
DONE! 4 0 -118229296 -10106594 -61340788 3484
DONE! 4 0 -118229296 -10763203 -60684179 3469
DONE! 4 0 -118229296 -5053297 -66394085 3514
DONE! 4 0 -118229296 -8957998 -62489384 3499
DONE! 4 0 -118229296 -10106594 -61340788 3484
DONE! 4 0 -118229296 -10763203 -60684179 3469
DONE! 4 0 -118229296 -11218383 -60228999 3454
DONE! 4 0 -118229296 -11563192 -59884190 3439
DONE! 4 0 -118229296 -11937380 -59510002 3419
DONE! 4 0 -118229296 -11218383 -60228999 3454
DONE! 4 0 -118229296 -10763203 -60684179 3469
DONE! 4 0 -118229296 -5053297 -66394085 3514
DONE! 4 0 -118229296 -8957998 -62489384 3499
DONE! 4 0 -118229296 -10106594 -61340788 3484
DONE! 4 0 -118229296 -11563192 -59884190 3439
DONE! 4 0 -118229296 -11838186 -59609196 3424
DONE! 4 0 -118229296 -11838186 -59609196 3424
DONE! 4 0 -118229296 -11563192 -59884190 3439
DONE! 4 0 -118229296 -11218383 -60228999 3454
DONE! 4 0 -118229296 -10106594 -61340788 3484
DONE! 4 0 -118229296 -8957998 -62489384 3499
DONE! 4 0 -118229296 -5053297 -66394085 3514
DONE! 4 0 -118229296 -10763203 -60684179 3469
DONE! 4 0 -118229296 -12065004 -59382378 3409
DONE! 4 0 -118229296 -12328432 -59118950 3389
DONE! 4 0 -118229296 -11563192 -59884190 3439
DONE! 4 0 -118229296 -10106594 -61340788 3484
DONE! 4 0 -118229296 -8957998 -62489384 3499
DONE! 4 0 -118229296 -5053297 -66394085 3514
DONE! 4 0 -118229296 -10763203 -60684179 3469
DONE! 4 0 -118229296 -11218383 -60228999 3454
DONE! 4 0 -118229296 -11838186 -59609196 3424
DONE! 4 0 -118229296 -12065004 -59382378 3409
DONE! 4 0 -118229296 -12256560 -59190822 3394
DONE! 4 0 -118229296 -12483721 -58963661 3374
DONE! 4 0 -118229296 -12421184 -59026198 3379
DONE! 4 0 -118229296 -12065004 -59382378 3409
DONE! 4 0 -118229296 -11838186 -59609196 3424
DONE! 4 0 -118229296 -11563192 -59884190 3439
DONE! 4 0 -118229296 -10763203 -60684179 3469
DONE! 4 0 -118229296 -5053297 -66394085 3514
DONE! 4 0 -118229296 -8957998 -62489384 3499
DONE! 4 0 -118229296 -10106594 -61340788 3484
DONE! 4 0 -118229296 -11218383 -60228999 3454
DONE! 4 0 -118229296 -12256560 -59190822 3394
DONE! 4 0 -118229296 -12564561 -58882821 3364
DONE! 4 0 -118229296 -12065004 -59382378 3409
DONE! 4 0 -118229296 -11838186 -59609196 3424
DONE! 4 0 -118229296 -11563192 -59884190 3439
DONE! 4 0 -118229296 -11218383 -60228999 3454
DONE! 4 0 -118229296 -10763203 -60684179 3469
DONE! 4 0 -118229296 -10106594 -61340788 3484
DONE! 4 0 -118229296 -8957998 -62489384 3499
DONE! 4 0 -118229296 -5053297 -66394085 3514
DONE! 4 0 -118229296 -12256560 -59190822 3394
DONE! 4 0 -118229296 -12421184 -59026198 3379
DONE! 4 0 -118229296 -12782787 -58664595 3339
DONE! 4 0 -118229296 -12739502 -58707880 3344
DONE! 4 0 -118229296 -12564561 -58882821 3364
DONE! 4 0 -118229296 -12256560 -59190822 3394
DONE! 4 0 -118229296 -11563192 -59884190 3439
DONE! 4 0 -118229296 -10106594 -61340788 3484
DONE! 4 0 -118229296 -8957998 -62489384 3499
DONE! 4 0 -118229296 -5053297 -66394085 3514
DONE! 4 0 -118229296 -10763203 -60684179 3469
DONE! 4 0 -118229296 -11218383 -60228999 3454
DONE! 4 0 -118229296 -11838186 -59609196 3424
DONE! 4 0 -118229296 -12065004 -59382378 3409
DONE! 4 0 -118229296 -12421184 -59026198 3379
DONE! 4 0 -118229296 -12619548 -58827834 3359
DONE! 4 0 -118229296 -12483721 -58963661 3374
DONE! 4 0 -118229296 -12256560 -59190822 3394
DONE! 4 0 -118229296 -12065004 -59382378 3409
DONE! 4 0 -118229296 -11838186 -59609196 3424
DONE! 4 0 -118229296 -11218383 -60228999 3454
DONE! 4 0 -118229296 -10763203 -60684179 3469
DONE! 4 0 -118229296 -5053297 -66394085 3514
DONE! 4 0 -118229296 -8957998 -62489384 3499
DONE! 4 0 -118229296 -10106594 -61340788 3484
DONE! 4 0 -118229296 -11563192 -59884190 3439
DONE! 4 0 -118229296 -12148707 -59298675 3404
DONE! 4 0 -118229296 -11937380 -59510002 3419
DONE! 4 0 -118229296 -11563192 -59884190 3439
DONE! 4 0 -118229296 -10763203 -60684179 3469
DONE! 4 0 -118229296 -10106594 -61340788 3484
DONE! 4 0 -118229296 -8957998 -62489384 3499
DONE! 4 0 -118229296 -5053297 -66394085 3514
DONE! 4 0 -118229296 -11218383 -60228999 3454
DONE! 4 0 -118229296 -11683552 -59763830 3434
DONE! 4 0 -118229296 -10962722 -60484660 3464
DONE! 4 0 -118229296 -8957998 -62489384 3499
DONE! 4 0 -118229296 -5053297 -66394085 3514
DONE! 4 0 -118229296 -10106594 -61340788 3484
DONE! 4 0 -118229296 -10394605 -61052777 3479
DONE! 4 0 -118229296 -8957998 -62489384 3499
DONE! 4 0 -118229296 -5053297 -66394085 3514
DONE! 4 0 -118229296 -9462150 -61985232 3494
DONE! 4 0 -118229296 -5053297 -66394085 3514
DONE! 4 0 -118229296 -6768345 -64679037 3509
DONE! 4 0 -118229296 -10106594 -61340788 3484
DONE! 4 0 -118229296 -8957998 -62489384 3499
DONE! 4 0 -118229296 -5053297 -66394085 3514
DONE! 4 0 -118229296 -10763203 -60684179 3469
DONE! 4 0 -118229296 -11369412 -60077970 3449
DONE! 4 0 -118229296 -11218383 -60228999 3454
DONE! 4 0 -118229296 -10106594 -61340788 3484
DONE! 4 0 -118229296 -5053297 -66394085 3514
DONE! 4 0 -118229296 -8957998 -62489384 3499
DONE! 4 0 -118229296 -10763203 -60684179 3469
DONE! 4 0 -118229296 -10763203 -60684179 3469
DONE! 4 0 -118229296 -8957998 -62489384 3499
DONE! 4 0 -118229296 -5053297 -66394085 3514
DONE! 4 0 -118229296 -10106594 -61340788 3484
DONE! 4 0 -118229296 -11218383 -60228999 3454
DONE! 4 0 -118229296 -11563192 -59884190 3439
DONE! 4 0 -118229296 -11838186 -59609196 3424
DONE! 4 0 -118229296 -11563192 -59884190 3439
DONE! 4 0 -118229296 -11218383 -60228999 3454
DONE! 4 0 -118229296 -8957998 -62489384 3499
DONE! 4 0 -118229296 -5053297 -66394085 3514
DONE! 4 0 -118229296 -10106594 -61340788 3484
DONE! 4 0 -118229296 -10763203 -60684179 3469
DONE! 4 0 -118229296 -11838186 -59609196 3424
DONE! 4 0 -118229296 -12065004 -59382378 3409
DONE! 4 0 -118229296 -12328432 -59118950 3389
DONE! 4 0 -118229296 -11838186 -59609196 3424
DONE! 4 0 -118229296 -11563192 -59884190 3439
DONE! 4 0 -118229296 -11218383 -60228999 3454
DONE! 4 0 -118229296 -10763203 -60684179 3469
DONE! 4 0 -118229296 -8957998 -62489384 3499
DONE! 4 0 -118229296 -5053297 -66394085 3514
DONE! 4 0 -118229296 -10106594 -61340788 3484
DONE! 4 0 -118229296 -12065004 -59382378 3409
DONE! 4 0 -118229296 -12256560 -59190822 3394
DONE! 4 0 -118229296 -12421184 -59026198 3379
DONE! 4 0 -118229296 -12256560 -59190822 3394
DONE! 4 0 -118229296 -12065004 -59382378 3409
DONE! 4 0 -118229296 -11838186 -59609196 3424
DONE! 4 0 -118229296 -11563192 -59884190 3439
DONE! 4 0 -118229296 -10106594 -61340788 3484
DONE! 4 0 -118229296 -8957998 -62489384 3499
DONE! 4 0 -118229296 -5053297 -66394085 3514
DONE! 4 0 -118229296 -10763203 -60684179 3469
DONE! 4 0 -118229296 -11218383 -60228999 3454
DONE! 4 0 -118229296 -12421184 -59026198 3379
DONE! 4 0 -118229296 -12564561 -58882821 3364
DONE! 4 0 -118229296 -12690750 -58756632 3349
DONE! 4 0 -118229296 -12941885 -58505497 3314
DONE! 4 0 -118229296 -12802746 -58644636 3334
DONE! 4 0 -118229296 -12690750 -58756632 3349
DONE! 4 0 -118229296 -12564561 -58882821 3364
DONE! 4 0 -118229296 -12256560 -59190822 3394
DONE! 4 0 -118229296 -12065004 -59382378 3409
DONE! 4 0 -118229296 -11563192 -59884190 3439
DONE! 4 0 -118229296 -10763203 -60684179 3469
DONE! 4 0 -118229296 -5053297 -66394085 3514
DONE! 4 0 -118229296 -8957998 -62489384 3499
DONE! 4 0 -118229296 -10106594 -61340788 3484
DONE! 4 0 -118229296 -11218383 -60228999 3454
DONE! 4 0 -118229296 -11838186 -59609196 3424
DONE! 4 0 -118229296 -12421184 -59026198 3379
DONE! 4 0 -118229296 -12739502 -58707880 3344
DONE! 4 0 -118229296 -12564561 -58882821 3364
DONE! 4 0 -118229296 -12421184 -59026198 3379
DONE! 4 0 -118229296 -12256560 -59190822 3394
DONE! 4 0 -118229296 -11838186 -59609196 3424
DONE! 4 0 -118229296 -11563192 -59884190 3439
DONE! 4 0 -118229296 -11218383 -60228999 3454
DONE! 4 0 -118229296 -8957998 -62489384 3499
DONE! 4 0 -118229296 -5053297 -66394085 3514
DONE! 4 0 -118229296 -10106594 -61340788 3484
DONE! 4 0 -118229296 -10763203 -60684179 3469
DONE! 4 0 -118229296 -12065004 -59382378 3409
DONE! 4 0 -118229296 -12421184 -59026198 3379
DONE! 4 0 -118229296 -11838186 -59609196 3424
DONE! 4 0 -118229296 -11563192 -59884190 3439
DONE! 4 0 -118229296 -10763203 -60684179 3469
DONE! 4 0 -118229296 -8957998 -62489384 3499
DONE! 4 0 -118229296 -5053297 -66394085 3514
DONE! 4 0 -118229296 -10106594 -61340788 3484
DONE! 4 0 -118229296 -11218383 -60228999 3454
DONE! 4 0 -118229296 -12065004 -59382378 3409
DONE! 4 0 -118229296 -12256560 -59190822 3394
DONE! 4 0 -118229296 -12483721 -58963661 3374
DONE! 4 0 -118229296 -12328432 -59118950 3389
DONE! 4 0 -118229296 -12148707 -59298675 3404
DONE! 4 0 -118229296 -11563192 -59884190 3439
DONE! 4 0 -118229296 -10106594 -61340788 3484
DONE! 4 0 -118229296 -5053297 -66394085 3514
DONE! 4 0 -118229296 -8957998 -62489384 3499
DONE! 4 0 -118229296 -10763203 -60684179 3469
DONE! 4 0 -118229296 -11218383 -60228999 3454
DONE! 4 0 -118229296 -11838186 -59609196 3424
DONE! 4 0 -118229296 -11937380 -59510002 3419
DONE! 4 0 -118229296 -11683552 -59763830 3434
DONE! 4 0 -118229296 -10106594 -61340788 3484
DONE! 4 0 -118229296 -8957998 -62489384 3499
DONE! 4 0 -118229296 -5053297 -66394085 3514
DONE! 4 0 -118229296 -10763203 -60684179 3469
DONE! 4 0 -118229296 -11218383 -60228999 3454
DONE! 4 0 -118229296 -8957998 -62489384 3499
DONE! 4 0 -118229296 -5053297 -66394085 3514
DONE! 4 0 -118229296 -10106594 -61340788 3484
DONE! 4 0 -118229296 -10763203 -60684179 3469
DONE! 4 0 -118229296 -10962722 -60484660 3464
DONE! 4 0 -118229296 -5053297 -66394085 3514
DONE! 4 0 -118229296 -8957998 -62489384 3499
DONE! 4 0 -118229296 -9462150 -61985232 3494
DONE! 4 0 -118229296 -5053297 -66394085 3514
DONE! 4 0 -118229296 -6768345 -64679037 3509
DONE! 4 0 -118229296 -10394605 -61052777 3479
DONE! 4 0 -118229296 -5053297 -66394085 3514
DONE! 4 0 -118229296 -8957998 -62489384 3499
DONE! 4 0 -118229296 -10106594 -61340788 3484
DONE! 4 0 -118229296 -11369412 -60077970 3449
DONE! 4 0 -118229296 -11563192 -59884190 3439
DONE! 4 0 -118229296 -11218383 -60228999 3454
DONE! 4 0 -118229296 -8957998 -62489384 3499
DONE! 4 0 -118229296 -5053297 -66394085 3514
DONE! 4 0 -118229296 -10106594 -61340788 3484
DONE! 4 0 -118229296 -10763203 -60684179 3469
DONE! 4 0 -118229296 -12065004 -59382378 3409
DONE! 4 0 -118229296 -11563192 -59884190 3439
DONE! 4 0 -118229296 -10763203 -60684179 3469
DONE! 4 0 -118229296 -5053297 -66394085 3514
DONE! 4 0 -118229296 -8957998 -62489384 3499
DONE! 4 0 -118229296 -10106594 -61340788 3484
DONE! 4 0 -118229296 -11218383 -60228999 3454
DONE! 4 0 -118229296 -11838186 -59609196 3424
DONE! 4 0 -118229296 -12256560 -59190822 3394
DONE! 4 0 -118229296 -12065004 -59382378 3409
DONE! 4 0 -118229296 -11563192 -59884190 3439
DONE! 4 0 -118229296 -10763203 -60684179 3469
DONE! 4 0 -118229296 -10106594 -61340788 3484
DONE! 4 0 -118229296 -8957998 -62489384 3499
DONE! 4 0 -118229296 -5053297 -66394085 3514
DONE! 4 0 -118229296 -11218383 -60228999 3454
DONE! 4 0 -118229296 -11838186 -59609196 3424
DONE! 4 0 -118229296 -12619548 -58827834 3359
DONE! 4 0 -118229296 -12690750 -58756632 3349
DONE! 4 0 -118229296 -12256560 -59190822 3394
DONE! 4 0 -118229296 -12065004 -59382378 3409
DONE! 4 0 -118229296 -10763203 -60684179 3469
DONE! 4 0 -118229296 -8957998 -62489384 3499
DONE! 4 0 -118229296 -5053297 -66394085 3514
DONE! 4 0 -118229296 -10106594 -61340788 3484
DONE! 4 0 -118229296 -11218383 -60228999 3454
DONE! 4 0 -118229296 -11563192 -59884190 3439
DONE! 4 0 -118229296 -11838186 -59609196 3424
DONE! 4 0 -118229296 -12421184 -59026198 3379
DONE! 4 0 -118229296 -12564561 -58882821 3364
DONE! 4 0 -118229296 -12846262 -58601120 3329
DONE! 4 0 -118229296 -12902827 -58544555 3319
DONE! 4 0 -118229296 -12802746 -58644636 3334
DONE! 4 0 -118229296 -12256560 -59190822 3394
DONE! 4 0 -118229296 -11563192 -59884190 3439
DONE! 4 0 -118229296 -5053297 -66394085 3514
DONE! 4 0 -118229296 -8957998 -62489384 3499
DONE! 4 0 -118229296 -10106594 -61340788 3484
DONE! 4 0 -118229296 -10763203 -60684179 3469
DONE! 4 0 -118229296 -11218383 -60228999 3454
DONE! 4 0 -118229296 -11838186 -59609196 3424
DONE! 4 0 -118229296 -12065004 -59382378 3409
DONE! 4 0 -118229296 -12421184 -59026198 3379
DONE! 4 0 -118229296 -12564561 -58882821 3364
DONE! 4 0 -118229296 -12690750 -58756632 3349
DONE! 4 0 -118229296 -13059609 -58387773 3294
DONE! 4 0 -118229296 -12802746 -58644636 3334
DONE! 4 0 -118229296 -12690750 -58756632 3349
DONE! 4 0 -118229296 -12564561 -58882821 3364
DONE! 4 0 -118229296 -12421184 -59026198 3379
DONE! 4 0 -118229296 -12065004 -59382378 3409
DONE! 4 0 -118229296 -11838186 -59609196 3424
DONE! 4 0 -118229296 -11218383 -60228999 3454
DONE! 4 0 -118229296 -10763203 -60684179 3469
DONE! 4 0 -118229296 -8957998 -62489384 3499
DONE! 4 0 -118229296 -5053297 -66394085 3514
DONE! 4 0 -118229296 -10106594 -61340788 3484
DONE! 4 0 -118229296 -11563192 -59884190 3439
DONE! 4 0 -118229296 -12256560 -59190822 3394
DONE! 4 0 -118229296 -12902827 -58544555 3319
DONE! 4 0 -118229296 -12992759 -58454623 3304
DONE! 4 0 -118229296 -12902827 -58544555 3319
DONE! 4 0 -118229296 -12802746 -58644636 3334
DONE! 4 0 -118229296 -12690750 -58756632 3349
DONE! 4 0 -118229296 -12421184 -59026198 3379
DONE! 4 0 -118229296 -11838186 -59609196 3424
DONE! 4 0 -118229296 -11563192 -59884190 3439
DONE! 4 0 -118229296 -8957998 -62489384 3499
DONE! 4 0 -118229296 -5053297 -66394085 3514
DONE! 4 0 -118229296 -10106594 -61340788 3484
DONE! 4 0 -118229296 -10763203 -60684179 3469
DONE! 4 0 -118229296 -11218383 -60228999 3454
DONE! 4 0 -118229296 -12065004 -59382378 3409
DONE! 4 0 -118229296 -12256560 -59190822 3394
DONE! 4 0 -118229296 -12564561 -58882821 3364
DONE! 4 0 -118229296 -12941885 -58505497 3314
DONE! 4 0 -118229296 -12802746 -58644636 3334
DONE! 4 0 -118229296 -12256560 -59190822 3394
DONE! 4 0 -118229296 -11218383 -60228999 3454
DONE! 4 0 -118229296 -10763203 -60684179 3469
DONE! 4 0 -118229296 -10106594 -61340788 3484
DONE! 4 0 -118229296 -5053297 -66394085 3514
DONE! 4 0 -118229296 -8957998 -62489384 3499
DONE! 4 0 -118229296 -11563192 -59884190 3439
DONE! 4 0 -118229296 -11838186 -59609196 3424
DONE! 4 0 -118229296 -12065004 -59382378 3409
DONE! 4 0 -118229296 -12421184 -59026198 3379
DONE! 4 0 -118229296 -12564561 -58882821 3364
DONE! 4 0 -118229296 -12690750 -58756632 3349
DONE! 4 0 -118229296 -12846262 -58601120 3329
DONE! 4 0 -118229296 -12739502 -58707880 3344
DONE! 4 0 -118229296 -12421184 -59026198 3379
DONE! 4 0 -118229296 -12256560 -59190822 3394
DONE! 4 0 -118229296 -12065004 -59382378 3409
DONE! 4 0 -118229296 -11563192 -59884190 3439
