p	min	120	3607
n	1	0
n	2	0
n	3	0
n	4	0
n	5	0
n	6	0
n	7	0
n	8	0
n	9	0
n	10	0
n	11	0
n	12	0
n	13	0
n	14	0
n	15	0
n	16	0
n	17	0
n	18	0
n	19	0
n	20	0
n	21	0
n	22	0
n	23	0
n	24	0
n	25	0
n	26	0
n	27	0
n	28	0
n	29	0
n	30	0
n	31	0
n	32	0
n	33	0
n	34	0
n	35	0
n	36	0
n	37	0
n	38	0
n	39	0
n	40	0
n	41	0
n	42	0
n	43	0
n	44	0
n	45	0
n	46	0
n	47	0
n	48	0
n	49	0
n	50	0
n	51	0
n	52	0
n	53	0
n	54	0
n	55	0
n	56	0
n	57	0
n	58	0
n	59	0
n	60	0
n	61	0
n	62	0
n	63	0
n	64	0
n	65	0
n	66	0
n	67	0
n	68	0
n	69	0
n	70	0
n	71	0
n	72	0
n	73	0
n	74	0
n	75	0
n	76	0
n	77	0
n	78	0
n	79	0
n	80	0
n	81	0
n	82	0
n	83	0
n	84	0
n	85	0
n	86	0
n	87	0
n	88	0
n	89	0
n	90	0
n	91	0
n	92	0
n	93	0
n	94	0
n	95	0
n	96	0
n	97	0
n	98	0
n	99	0
n	100	0
n	101	0
n	102	0
n	103	0
n	104	0
n	105	0
n	106	0
n	107	0
n	108	0
n	109	0
n	110	0
n	111	0
n	112	0
n	113	0
n	114	0
n	115	0
n	116	0
n	117	0
n	118	0
n	119	0
n	120	0
a	1	3	1	1	0
a	1	5	0	0	0
a	1	6	0	0	0
a	2	5	0	0	0
a	2	6	0	0	0
a	3	7	0	1	0
a	3	7	0	1	0
a	3	7	0	1	0
a	3	7	0	1	0
a	3	9	0	1	0
a	3	9	0	1	0
a	3	9	0	1	0
a	3	9	0	1	0
a	3	11	0	1	0
a	3	11	0	1	0
a	3	11	0	1	0
a	3	11	0	1	0
a	3	13	0	1	0
a	3	13	0	1	0
a	3	13	0	1	0
a	3	13	0	1	0
a	3	15	0	1	0
a	3	15	0	1	0
a	3	15	0	1	0
a	3	15	0	1	0
a	3	19	0	1	0
a	3	19	0	1	0
a	3	19	0	1	0
a	3	19	0	1	0
a	3	21	0	1	0
a	3	21	0	1	0
a	3	21	0	1	0
a	3	21	0	1	0
a	3	23	0	1	0
a	3	23	0	1	0
a	3	23	0	1	0
a	3	23	0	1	0
a	3	25	0	1	0
a	3	25	0	1	0
a	3	25	0	1	0
a	3	25	0	1	0
a	3	27	0	1	0
a	3	27	0	1	0
a	3	27	0	1	0
a	3	27	0	1	0
a	3	29	0	1	0
a	3	29	0	1	0
a	3	29	0	1	0
a	3	29	0	1	0
a	3	31	0	1	0
a	3	31	0	1	0
a	3	31	0	1	0
a	3	31	0	1	0
a	3	33	0	1	0
a	3	33	0	1	0
a	3	33	0	1	0
a	3	33	0	1	0
a	3	37	0	1	0
a	3	37	0	1	0
a	3	37	0	1	0
a	3	37	0	1	0
a	3	39	0	1	0
a	3	39	0	1	0
a	3	39	0	1	0
a	3	39	0	1	0
a	3	41	0	1	0
a	3	41	0	1	0
a	3	41	0	1	0
a	3	41	0	1	0
a	3	43	0	1	0
a	3	43	0	1	0
a	3	43	0	1	0
a	3	43	0	1	0
a	3	45	0	1	0
a	3	45	0	1	0
a	3	45	0	1	0
a	3	45	0	1	0
a	3	47	0	1	0
a	3	47	0	1	0
a	3	47	0	1	0
a	3	47	0	1	0
a	3	49	0	1	0
a	3	49	0	1	0
a	3	49	0	1	0
a	3	49	0	1	0
a	3	51	0	1	0
a	3	51	0	1	0
a	3	51	0	1	0
a	3	51	0	1	0
a	3	53	0	1	0
a	3	53	0	1	0
a	3	53	0	1	0
a	3	53	0	1	0
a	3	55	0	1	0
a	3	55	0	1	0
a	3	55	0	1	0
a	3	55	0	1	0
a	3	57	0	1	0
a	3	57	0	1	0
a	3	57	0	1	0
a	3	57	0	1	0
a	3	59	0	1	0
a	3	59	0	1	0
a	3	59	0	1	0
a	3	59	0	1	0
a	3	61	0	1	0
a	3	61	0	1	0
a	3	61	0	1	0
a	3	61	0	1	0
a	3	63	0	1	0
a	3	63	0	1	0
a	3	63	0	1	0
a	3	63	0	1	0
a	3	65	0	1	0
a	3	65	0	1	0
a	3	65	0	1	0
a	3	65	0	1	0
a	3	69	0	1	0
a	3	69	0	1	0
a	3	69	0	1	0
a	3	69	0	1	0
a	3	71	0	1	0
a	3	71	0	1	0
a	3	71	0	1	0
a	3	71	0	1	0
a	3	73	0	1	0
a	3	73	0	1	0
a	3	73	0	1	0
a	3	73	0	1	0
a	3	75	0	1	0
a	3	75	0	1	0
a	3	75	0	1	0
a	3	75	0	1	0
a	3	77	0	1	0
a	3	77	0	1	0
a	3	77	0	1	0
a	3	77	0	1	0
a	3	79	0	1	0
a	3	79	0	1	0
a	3	79	0	1	0
a	3	79	0	1	0
a	3	81	0	1	0
a	3	81	0	1	0
a	3	81	0	1	0
a	3	81	0	1	0
a	3	83	0	1	0
a	3	83	0	1	0
a	3	83	0	1	0
a	3	83	0	1	0
a	3	85	0	1	0
a	3	85	0	1	0
a	3	85	0	1	0
a	3	85	0	1	0
a	3	87	0	1	0
a	3	87	0	1	0
a	3	87	0	1	0
a	3	87	0	1	0
a	3	89	0	1	0
a	3	89	0	1	0
a	3	89	0	1	0
a	3	89	0	1	0
a	3	91	0	1	0
a	3	91	0	1	0
a	3	91	0	1	0
a	3	91	0	1	0
a	3	93	0	1	0
a	3	93	0	1	0
a	3	93	0	1	0
a	3	93	0	1	0
a	3	95	0	1	0
a	3	95	0	1	0
a	3	95	0	1	0
a	3	95	0	1	0
a	3	97	0	1	0
a	3	97	0	1	0
a	3	97	0	1	0
a	3	97	0	1	0
a	3	99	0	1	0
a	3	99	0	1	0
a	3	99	0	1	0
a	3	99	0	1	0
a	3	101	0	1	0
a	3	101	0	1	0
a	3	101	0	1	0
a	3	101	0	1	0
a	3	103	0	1	0
a	3	103	0	1	0
a	3	103	0	1	0
a	3	103	0	1	0
a	3	105	0	1	0
a	3	105	0	1	0
a	3	105	0	1	0
a	3	105	0	1	0
a	3	107	0	1	0
a	3	107	0	1	0
a	3	107	0	1	0
a	3	107	0	1	0
a	3	109	0	1	0
a	3	109	0	1	0
a	3	109	0	1	0
a	3	109	0	1	0
a	3	111	0	1	0
a	3	111	0	1	0
a	3	111	0	1	0
a	3	111	0	1	0
a	3	113	0	1	0
a	3	113	0	1	0
a	3	113	0	1	0
a	3	113	0	1	0
a	3	115	0	1	0
a	3	115	0	1	0
a	3	115	0	1	0
a	3	115	0	1	0
a	3	117	0	1	0
a	3	117	0	1	0
a	3	117	0	1	0
a	3	117	0	1	0
a	4	2	0	4	0
a	5	1	0	4	0
a	5	2	0	4	0
a	6	1	0	4	0
a	6	2	0	4	0
a	6	8	0	0	0
a	6	8	0	0	0
a	6	8	0	0	0
a	6	8	0	0	0
a	6	10	0	0	0
a	6	10	0	0	0
a	6	10	0	0	0
a	6	10	0	0	0
a	6	12	0	0	0
a	6	12	0	0	0
a	6	12	0	0	0
a	6	12	0	0	0
a	6	14	0	0	0
a	6	14	0	0	0
a	6	14	0	0	0
a	6	14	0	0	0
a	6	16	0	0	0
a	6	16	0	0	0
a	6	16	0	0	0
a	6	16	0	0	0
a	6	18	0	0	0
a	6	18	0	0	0
a	6	18	0	0	0
a	6	18	0	0	0
a	6	20	0	0	0
a	6	20	0	0	0
a	6	20	0	0	0
a	6	20	0	0	0
a	6	22	0	0	0
a	6	22	0	0	0
a	6	22	0	0	0
a	6	22	0	0	0
a	6	24	0	0	0
a	6	24	0	0	0
a	6	24	0	0	0
a	6	24	0	0	0
a	6	26	0	0	0
a	6	26	0	0	0
a	6	26	0	0	0
a	6	26	0	0	0
a	6	28	0	0	0
a	6	28	0	0	0
a	6	28	0	0	0
a	6	28	0	0	0
a	6	30	0	0	0
a	6	30	0	0	0
a	6	30	0	0	0
a	6	30	0	0	0
a	6	32	0	0	0
a	6	32	0	0	0
a	6	32	0	0	0
a	6	32	0	0	0
a	6	34	0	0	0
a	6	34	0	0	0
a	6	34	0	0	0
a	6	34	0	0	0
a	6	36	0	0	0
a	6	36	0	0	0
a	6	36	0	0	0
a	6	36	0	0	0
a	6	38	0	0	0
a	6	38	0	0	0
a	6	38	0	0	0
a	6	38	0	0	0
a	6	40	0	0	0
a	6	40	0	0	0
a	6	40	0	0	0
a	6	40	0	0	0
a	6	42	0	0	0
a	6	42	0	0	0
a	6	42	0	0	0
a	6	42	0	0	0
a	6	44	0	0	0
a	6	44	0	0	0
a	6	44	0	0	0
a	6	44	0	0	0
a	6	46	0	0	0
a	6	46	0	0	0
a	6	46	0	0	0
a	6	46	0	0	0
a	6	48	0	0	0
a	6	48	0	0	0
a	6	48	0	0	0
a	6	48	0	0	0
a	6	50	0	0	0
a	6	50	0	0	0
a	6	50	0	0	0
a	6	50	0	0	0
a	6	52	0	0	0
a	6	52	0	0	0
a	6	52	0	0	0
a	6	52	0	0	0
a	6	54	0	0	0
a	6	54	0	0	0
a	6	54	0	0	0
a	6	54	0	0	0
a	6	56	0	0	0
a	6	56	0	0	0
a	6	56	0	0	0
a	6	56	0	0	0
a	6	58	0	0	0
a	6	58	0	0	0
a	6	58	0	0	0
a	6	58	0	0	0
a	6	60	0	0	0
a	6	60	0	0	0
a	6	60	0	0	0
a	6	60	0	0	0
a	6	62	0	0	0
a	6	62	0	0	0
a	6	62	0	0	0
a	6	62	0	0	0
a	6	64	0	0	0
a	6	64	0	0	0
a	6	64	0	0	0
a	6	64	0	0	0
a	6	66	0	0	0
a	6	66	0	0	0
a	6	66	0	0	0
a	6	66	0	0	0
a	6	68	0	0	0
a	6	68	0	0	0
a	6	68	0	0	0
a	6	68	0	0	0
a	6	70	0	0	0
a	6	70	0	0	0
a	6	70	0	0	0
a	6	70	0	0	0
a	6	72	0	0	0
a	6	72	0	0	0
a	6	72	0	0	0
a	6	72	0	0	0
a	6	74	0	0	0
a	6	74	0	0	0
a	6	74	0	0	0
a	6	74	0	0	0
a	6	76	0	0	0
a	6	76	0	0	0
a	6	76	0	0	0
a	6	76	0	0	0
a	6	78	0	0	0
a	6	78	0	0	0
a	6	78	0	0	0
a	6	78	0	0	0
a	6	80	0	0	0
a	6	80	0	0	0
a	6	80	0	0	0
a	6	80	0	0	0
a	6	82	0	0	0
a	6	82	0	0	0
a	6	82	0	0	0
a	6	82	0	0	0
a	6	84	0	0	0
a	6	84	0	0	0
a	6	84	0	0	0
a	6	84	0	0	0
a	6	86	0	0	0
a	6	86	0	0	0
a	6	86	0	0	0
a	6	86	0	0	0
a	6	88	0	0	0
a	6	88	0	0	0
a	6	88	0	0	0
a	6	88	0	0	0
a	6	90	0	0	0
a	6	90	0	0	0
a	6	90	0	0	0
a	6	90	0	0	0
a	6	92	0	0	0
a	6	92	0	0	0
a	6	92	0	0	0
a	6	92	0	0	0
a	6	94	0	0	0
a	6	94	0	0	0
a	6	94	0	0	0
a	6	94	0	0	0
a	6	96	0	0	0
a	6	96	0	0	0
a	6	96	0	0	0
a	6	96	0	0	0
a	6	98	0	0	0
a	6	98	0	0	0
a	6	98	0	0	0
a	6	98	0	0	0
a	6	100	0	0	0
a	6	100	0	0	0
a	6	100	0	0	0
a	6	100	0	0	0
a	6	102	0	0	0
a	6	102	0	0	0
a	6	102	0	0	0
a	6	102	0	0	0
a	6	104	0	0	0
a	6	104	0	0	0
a	6	104	0	0	0
a	6	104	0	0	0
a	6	106	0	0	0
a	6	106	0	0	0
a	6	106	0	0	0
a	6	106	0	0	0
a	6	108	0	0	0
a	6	108	0	0	0
a	6	108	0	0	0
a	6	108	0	0	0
a	6	110	0	0	0
a	6	110	0	0	0
a	6	110	0	0	0
a	6	110	0	0	0
a	6	112	0	0	0
a	6	112	0	0	0
a	6	112	0	0	0
a	6	112	0	0	0
a	6	114	0	0	0
a	6	114	0	0	0
a	6	114	0	0	0
a	6	114	0	0	0
a	6	116	0	0	0
a	6	116	0	0	0
a	6	116	0	0	0
a	6	116	0	0	0
a	6	118	0	0	0
a	6	118	0	0	0
a	6	118	0	0	0
a	6	118	0	0	0
a	7	5	0	1	0
a	7	5	0	1	0
a	7	5	0	1	0
a	7	5	0	1	0
a	8	90	0	1	-278
a	8	90	0	1	-74
a	8	90	0	1	-38
a	8	90	0	1	-23
a	8	90	0	1	-15
a	8	90	0	1	-9
a	8	90	0	1	-6
a	8	90	0	1	-3
a	8	4	0	0	0
a	8	4	0	0	0
a	8	4	0	0	0
a	8	4	0	0	0
a	9	11	0	1	-179677
a	9	11	0	1	-51923
a	9	11	0	1	-29140
a	9	11	0	1	-19812
a	9	11	0	1	-14701
a	9	11	0	1	-11468
a	9	11	0	1	-9237
a	9	11	0	1	-7604
a	9	11	0	1	-6357
a	9	11	0	1	-5373
a	9	11	0	1	-4577
a	9	11	0	1	-3920
a	9	11	0	1	-3368
a	9	11	0	1	-2898
a	9	5	0	1	0
a	9	5	0	1	0
a	9	5	0	1	0
a	9	5	0	1	0
a	10	8	0	1	-957984
a	10	8	0	1	-256693
a	10	8	0	1	-132116
a	10	8	0	1	-81112
a	10	8	0	1	-53165
a	10	8	0	1	-35487
a	10	8	0	1	-23288
a	10	8	0	1	-14359
a	10	4	0	0	0
a	10	4	0	0	0
a	10	4	0	0	0
a	10	4	0	0	0
a	10	53	0	1	-388
a	10	53	0	1	-107
a	10	53	0	1	-57
a	10	53	0	1	-37
a	10	53	0	1	-25
a	10	53	0	1	-18
a	10	53	0	1	-13
a	10	53	0	1	-10
a	11	5	0	1	0
a	11	5	0	1	0
a	11	5	0	1	0
a	11	5	0	1	0
a	11	13	0	1	-17674
a	11	13	0	1	-4813
a	11	13	0	1	-2526
a	11	13	0	1	-1590
a	11	13	0	1	-1077
a	11	13	0	1	-753
a	11	13	0	1	-529
a	11	13	0	1	-365
a	11	13	0	1	-240
a	11	13	0	1	-141
a	11	13	0	1	-95
a	11	13	0	1	-61
a	11	13	0	1	-23
a	11	13	0	1	-10
a	12	10	0	1	-179677
a	12	10	0	1	-51923
a	12	10	0	1	-29140
a	12	10	0	1	-19812
a	12	10	0	1	-14701
a	12	10	0	1	-11468
a	12	10	0	1	-9237
a	12	10	0	1	-7604
a	12	10	0	1	-6357
a	12	10	0	1	-5373
a	12	10	0	1	-4577
a	12	10	0	1	-3920
a	12	10	0	1	-3368
a	12	10	0	1	-2898
a	12	10	0	1	-2493
a	12	10	0	1	-2141
a	12	4	0	0	0
a	12	4	0	0	0
a	12	4	0	0	0
a	12	4	0	0	0
a	13	5	0	1	0
a	13	5	0	1	0
a	13	5	0	1	0
a	13	5	0	1	0
a	13	15	0	1	-1999617
a	13	15	0	1	-579208
a	13	15	0	1	-325872
a	13	15	0	1	-222151
a	13	15	0	1	-165317
a	13	15	0	1	-129369
a	13	15	0	1	-104561
a	13	15	0	1	-86404
a	13	15	0	1	-72536
a	13	15	0	1	-61596
a	13	15	0	1	-52746
a	13	15	0	1	-45438
a	13	15	0	1	-39301
a	13	15	0	1	-34075
a	14	12	0	1	-17674
a	14	12	0	1	-4813
a	14	12	0	1	-2526
a	14	12	0	1	-1590
a	14	12	0	1	-1077
a	14	12	0	1	-753
a	14	12	0	1	-529
a	14	12	0	1	-365
a	14	12	0	1	-240
a	14	12	0	1	-141
a	14	12	0	1	-95
a	14	12	0	1	-61
a	14	12	0	1	-23
a	14	12	0	1	-10
a	14	12	0	1	-5
a	14	12	0	1	-2
a	14	4	0	0	0
a	14	4	0	0	0
a	14	4	0	0	0
a	14	4	0	0	0
a	15	73	0	1	-225
a	15	73	0	1	-57
a	15	73	0	1	-27
a	15	73	0	1	-14
a	15	73	0	1	-8
a	15	73	0	1	-3
a	15	73	0	1	-1
a	15	73	0	1	1
a	15	73	0	1	2
a	15	73	0	1	4
a	15	73	0	1	5
a	15	73	0	1	5
a	15	73	0	1	6
a	15	73	0	1	7
a	15	5	0	1	0
a	15	5	0	1	0
a	15	5	0	1	0
a	15	5	0	1	0
a	16	4	0	0	0
a	16	4	0	0	0
a	16	4	0	0	0
a	16	4	0	0	0
a	16	14	0	1	-1999617
a	16	14	0	1	-579208
a	16	14	0	1	-325872
a	16	14	0	1	-222151
a	16	14	0	1	-165317
a	16	14	0	1	-129369
a	16	14	0	1	-104561
a	16	14	0	1	-86404
a	16	14	0	1	-72536
a	16	14	0	1	-61596
a	16	14	0	1	-52746
a	16	14	0	1	-45438
a	16	14	0	1	-39301
a	16	14	0	1	-34075
a	16	14	0	1	-29570
a	16	14	0	1	-25648
a	17	5	0	1	0
a	17	5	0	1	0
a	17	5	0	1	0
a	17	5	0	1	0
a	18	4	0	0	0
a	18	4	0	0	0
a	18	4	0	0	0
a	18	4	0	0	0
a	19	5	0	1	0
a	19	5	0	1	0
a	19	5	0	1	0
a	19	5	0	1	0
a	19	21	0	1	-2995566
a	19	21	0	1	-870346
a	19	21	0	1	-491239
a	19	21	0	1	-336025
a	19	21	0	1	-250976
a	19	21	0	1	-197181
a	19	21	0	1	-160058
a	19	21	0	1	-132886
a	19	21	0	1	-112133
a	19	21	0	1	-95762
a	19	21	0	1	-82518
a	19	21	0	1	-71582
a	19	21	0	1	-62399
a	19	21	0	1	-54578
a	20	18	0	1	-24
a	20	18	0	1	0
a	20	18	0	1	4
a	20	18	0	1	6
a	20	18	0	1	7
a	20	18	0	1	8
a	20	18	0	1	8
a	20	18	0	1	8
a	20	18	0	1	9
a	20	18	0	1	9
a	20	18	0	1	9
a	20	18	0	1	9
a	20	18	0	1	9
a	20	18	0	1	9
a	20	18	0	1	9
a	20	18	0	1	10
a	20	18	0	1	10
a	20	18	0	1	10
a	20	18	0	1	10
a	20	18	0	1	10
a	20	18	0	1	10
a	20	18	0	1	10
a	20	18	0	1	10
a	20	18	0	1	10
a	20	18	0	1	10
a	20	18	0	1	10
a	20	18	0	1	10
a	20	18	0	1	10
a	20	18	0	1	10
a	20	18	0	1	10
a	20	18	0	1	10
a	20	18	0	1	10
a	20	18	0	1	10
a	20	18	0	1	10
a	20	18	0	1	10
a	20	18	0	1	10
a	20	18	0	1	10
a	20	18	0	1	10
a	20	18	0	1	10
a	20	18	0	1	10
a	20	18	0	1	10
a	20	18	0	1	10
a	20	18	0	1	10
a	20	18	0	1	10
a	20	18	0	1	10
a	20	18	0	1	10
a	20	18	0	1	10
a	20	18	0	1	10
a	20	18	0	1	10
a	20	18	0	1	10
a	20	18	0	1	10
a	20	18	0	1	10
a	20	18	0	1	10
a	20	18	0	1	10
a	20	18	0	1	10
a	20	18	0	1	10
a	20	18	0	1	10
a	20	18	0	1	10
a	20	18	0	1	10
a	20	18	0	1	10
a	20	18	0	1	10
a	20	18	0	1	10
a	20	18	0	1	10
a	20	18	0	1	10
a	20	18	0	1	10
a	20	18	0	1	10
a	20	18	0	1	10
a	20	18	0	1	10
a	20	18	0	1	10
a	20	18	0	1	10
a	20	18	0	1	10
a	20	18	0	1	10
a	20	18	0	1	10
a	20	18	0	1	10
a	20	18	0	1	10
a	20	18	0	1	10
a	20	18	0	1	10
a	20	18	0	1	10
a	20	18	0	1	10
a	20	18	0	1	10
a	20	18	0	1	10
a	20	18	0	1	10
a	20	18	0	1	10
a	20	18	0	1	10
a	20	18	0	1	10
a	20	18	0	1	10
a	20	18	0	1	10
a	20	18	0	1	10
a	20	18	0	1	10
a	20	18	0	1	10
a	20	18	0	1	10
a	20	18	0	1	10
a	20	18	0	1	10
a	20	18	0	1	10
a	20	18	0	1	10
a	20	18	0	1	10
a	20	18	0	1	10
a	20	18	0	1	10
a	20	18	0	1	10
a	20	4	0	0	0
a	20	4	0	0	0
a	20	4	0	0	0
a	20	4	0	0	0
a	20	86	0	1	-645
a	20	86	0	1	-184
a	20	86	0	1	-101
a	20	86	0	1	-68
a	20	86	0	1	-49
a	20	86	0	1	-38
a	20	86	0	1	-30
a	20	86	0	1	-24
a	20	86	0	1	-19
a	20	86	0	1	-16
a	20	86	0	1	-13
a	20	86	0	1	-10
a	20	86	0	1	-8
a	20	86	0	1	-7
a	20	86	0	1	-5
a	20	86	0	1	-4
a	21	23	0	1	-205
a	21	23	0	1	-84
a	21	23	0	1	-53
a	21	23	0	1	-26
a	21	23	0	1	-21
a	21	23	0	1	-15
a	21	23	0	1	-9
a	21	23	0	1	-8
a	21	23	0	1	-5
a	21	23	0	1	-5
a	21	23	0	1	-2
a	21	23	0	1	-2
a	21	23	0	1	-1
a	21	23	0	1	0
a	22	20	0	1	-2995566
a	22	20	0	1	-870346
a	22	20	0	1	-491239
a	22	20	0	1	-336025
a	22	20	0	1	-250976
a	22	20	0	1	-197181
a	22	20	0	1	-160058
a	22	20	0	1	-132886
a	22	20	0	1	-112133
a	22	20	0	1	-95762
a	22	20	0	1	-82518
a	22	20	0	1	-71582
a	22	20	0	1	-62399
a	22	20	0	1	-54578
a	22	20	0	1	-47837
a	22	20	0	1	-41967
a	22	4	0	0	0
a	22	4	0	0	0
a	22	4	0	0	0
a	22	4	0	0	0
a	23	25	0	1	-1371949
a	23	25	0	1	-397027
a	23	25	0	1	-223154
a	23	25	0	1	-151967
a	23	25	0	1	-112961
a	23	25	0	1	-88288
a	23	25	0	1	-71262
a	23	25	0	1	-58800
a	23	25	0	1	-49282
a	23	25	0	1	-41774
a	23	25	0	1	-35699
a	23	25	0	1	-30683
a	23	25	0	1	-26472
a	23	25	0	1	-22885
a	23	5	0	1	0
a	23	5	0	1	0
a	23	5	0	1	0
a	23	5	0	1	0
a	24	4	0	0	0
a	24	4	0	0	0
a	24	4	0	0	0
a	24	4	0	0	0
a	24	22	0	1	-205
a	24	22	0	1	-84
a	24	22	0	1	-53
a	24	22	0	1	-26
a	24	22	0	1	-21
a	24	22	0	1	-15
a	24	22	0	1	-9
a	24	22	0	1	-8
a	24	22	0	1	-5
a	24	22	0	1	-5
a	24	22	0	1	-2
a	24	22	0	1	-2
a	24	22	0	1	-1
a	24	22	0	1	0
a	24	22	0	1	0
a	24	22	0	1	0
a	25	27	0	1	-28012
a	25	27	0	1	-7613
a	25	27	0	1	-3986
a	25	27	0	1	-2502
a	25	27	0	1	-1688
a	25	27	0	1	-1174
a	25	27	0	1	-819
a	25	27	0	1	-559
a	25	27	0	1	-364
a	25	27	0	1	-360
a	25	27	0	1	-204
a	25	27	0	1	-100
a	25	27	0	1	-77
a	25	27	0	1	-54
a	25	5	0	1	0
a	25	5	0	1	0
a	25	5	0	1	0
a	25	5	0	1	0
a	26	24	0	1	-1371949
a	26	24	0	1	-397027
a	26	24	0	1	-223154
a	26	24	0	1	-151967
a	26	24	0	1	-112961
a	26	24	0	1	-88288
a	26	24	0	1	-71262
a	26	24	0	1	-58800
a	26	24	0	1	-49282
a	26	24	0	1	-41774
a	26	24	0	1	-35699
a	26	24	0	1	-30683
a	26	24	0	1	-26472
a	26	24	0	1	-22885
a	26	24	0	1	-19793
a	26	24	0	1	-17101
a	26	4	0	0	0
a	26	4	0	0	0
a	26	4	0	0	0
a	26	4	0	0	0
a	27	5	0	1	0
a	27	5	0	1	0
a	27	5	0	1	0
a	27	5	0	1	0
a	27	29	0	1	-719
a	27	29	0	1	-194
a	27	29	0	1	-101
a	27	29	0	1	-63
a	27	29	0	1	-42
a	27	29	0	1	-29
a	27	29	0	1	-19
a	27	29	0	1	-13
a	27	29	0	1	-8
a	27	29	0	1	-4
a	27	29	0	1	0
a	27	29	0	1	1
a	27	29	0	1	4
a	27	29	0	1	5
a	28	26	0	1	-28012
a	28	26	0	1	-7613
a	28	26	0	1	-3986
a	28	26	0	1	-2502
a	28	26	0	1	-1688
a	28	26	0	1	-1174
a	28	26	0	1	-819
a	28	26	0	1	-559
a	28	26	0	1	-364
a	28	26	0	1	-360
a	28	26	0	1	-204
a	28	26	0	1	-100
a	28	26	0	1	-77
a	28	26	0	1	-54
a	28	26	0	1	-34
a	28	26	0	1	-24
a	28	4	0	0	0
a	28	4	0	0	0
a	28	4	0	0	0
a	28	4	0	0	0
a	29	52	0	1	-277
a	29	52	0	1	-76
a	29	52	0	1	-41
a	29	52	0	1	-26
a	29	52	0	1	-18
a	29	5	0	1	0
a	29	5	0	1	0
a	29	5	0	1	0
a	29	5	0	1	0
a	29	31	0	1	-607459
a	29	31	0	1	-167058
a	29	31	0	1	-88725
a	29	31	0	1	-56653
a	29	31	0	1	-39080
a	29	31	0	1	-27965
a	29	31	0	1	-20294
a	29	31	0	1	-14680
a	29	31	0	1	-10392
a	30	28	0	1	-719
a	30	28	0	1	-194
a	30	28	0	1	-101
a	30	28	0	1	-63
a	30	28	0	1	-42
a	30	28	0	1	-29
a	30	28	0	1	-19
a	30	28	0	1	-13
a	30	28	0	1	-8
a	30	28	0	1	-4
a	30	28	0	1	0
a	30	28	0	1	1
a	30	28	0	1	4
a	30	28	0	1	5
a	30	28	0	1	7
a	30	28	0	1	9
a	30	4	0	0	0
a	30	4	0	0	0
a	30	4	0	0	0
a	30	4	0	0	0
a	31	33	0	1	-227
a	31	33	0	1	-62
a	31	33	0	1	-33
a	31	33	0	1	-21
a	31	33	0	1	-14
a	31	33	0	1	-10
a	31	33	0	1	-7
a	31	33	0	1	-5
a	31	33	0	1	-4
a	31	5	0	1	0
a	31	5	0	1	0
a	31	5	0	1	0
a	31	5	0	1	0
a	32	4	0	0	0
a	32	4	0	0	0
a	32	4	0	0	0
a	32	4	0	0	0
a	32	30	0	1	-607459
a	32	30	0	1	-167058
a	32	30	0	1	-88725
a	32	30	0	1	-56653
a	32	30	0	1	-39080
a	32	30	0	1	-27965
a	33	35	0	1	-940966
a	33	35	0	1	-258638
a	33	35	0	1	-137277
a	33	35	0	1	-87590
a	33	35	0	1	-60364
a	33	35	0	1	-43143
a	33	35	0	1	-31259
a	33	35	0	1	-22561
a	33	35	0	1	-15917
a	33	5	0	1	0
a	33	5	0	1	0
a	33	5	0	1	0
a	33	5	0	1	0
a	34	32	0	1	-227
a	34	32	0	1	-62
a	34	32	0	1	-33
a	34	32	0	1	-21
a	34	32	0	1	-14
a	34	32	0	1	-10
a	34	4	0	0	0
a	34	4	0	0	0
a	34	4	0	0	0
a	34	4	0	0	0
a	35	98	0	1	-271
a	35	98	0	1	-74
a	35	98	0	1	-39
a	35	98	0	1	-25
a	35	98	0	1	-17
a	35	98	0	1	-12
a	35	98	0	1	-8
a	35	98	0	1	-6
a	35	98	0	1	-4
a	35	5	0	1	0
a	35	5	0	1	0
a	35	5	0	1	0
a	35	5	0	1	0
a	36	34	0	1	-940966
a	36	34	0	1	-258638
a	36	34	0	1	-137277
a	36	34	0	1	-87590
a	36	34	0	1	-60364
a	36	34	0	1	-43143
a	36	4	0	0	0
a	36	4	0	0	0
a	36	4	0	0	0
a	36	4	0	0	0
a	37	5	0	1	0
a	37	5	0	1	0
a	37	5	0	1	0
a	37	5	0	1	0
a	37	39	0	1	-1015279
a	37	39	0	1	-294554
a	37	39	0	1	-165998
a	37	39	0	1	-113364
a	37	39	0	1	-84524
a	37	39	0	1	-66282
a	37	39	0	1	-53694
a	37	39	0	1	-44479
a	37	39	0	1	-37442
a	37	39	0	1	-31891
a	37	39	0	1	-27400
a	37	39	0	1	-23691
a	37	39	0	1	-20577
a	37	39	0	1	-17925
a	37	39	0	1	-15639
a	37	39	0	1	-13649
a	37	39	0	1	-11900
a	37	39	0	1	-10351
a	37	39	0	1	-8969
a	37	39	0	1	-7730
a	37	39	0	1	-6611
a	37	39	0	1	-5597
a	37	39	0	1	-4673
a	37	39	0	1	-3827
a	37	39	0	1	-3051
a	38	72	0	1	-525
a	38	72	0	1	-150
a	38	72	0	1	-84
a	38	72	0	1	-56
a	38	72	0	1	-41
a	38	72	0	1	-32
a	38	72	0	1	-25
a	38	72	0	1	-20
a	38	72	0	1	-17
a	38	72	0	1	-14
a	38	72	0	1	-12
a	38	4	0	0	0
a	38	4	0	0	0
a	38	4	0	0	0
a	38	4	0	0	0
a	39	41	0	1	-1318770
a	39	41	0	1	-361149
a	39	41	0	1	-190856
a	39	41	0	1	-121135
a	39	41	0	1	-82931
a	39	41	0	1	-58767
a	39	41	0	1	-42091
a	39	41	0	1	-29885
a	39	5	0	1	0
a	39	5	0	1	0
a	39	5	0	1	0
a	39	5	0	1	0
a	39	61	0	1	-387
a	39	61	0	1	-110
a	39	61	0	1	-60
a	39	61	0	1	-40
a	39	61	0	1	-29
a	39	61	0	1	-22
a	39	61	0	1	-17
a	39	61	0	1	-13
a	39	61	0	1	-11
a	39	61	0	1	-9
a	39	61	0	1	-7
a	39	61	0	1	-5
a	39	61	0	1	-4
a	39	61	0	1	-3
a	39	61	0	1	-2
a	39	61	0	1	-2
a	39	61	0	1	-1
a	40	4	0	0	0
a	40	4	0	0	0
a	40	4	0	0	0
a	40	4	0	0	0
a	40	38	0	1	-1015279
a	40	38	0	1	-294554
a	40	38	0	1	-165998
a	40	38	0	1	-113364
a	40	38	0	1	-84524
a	40	38	0	1	-66282
a	40	38	0	1	-53694
a	40	38	0	1	-44479
a	40	38	0	1	-37442
a	40	38	0	1	-31891
a	40	38	0	1	-27400
a	41	43	0	1	-296480
a	41	43	0	1	-85733
a	41	43	0	1	-48148
a	41	43	0	1	-32761
a	41	43	0	1	-24329
a	41	43	0	1	-18996
a	41	43	0	1	-15316
a	41	43	0	1	-12622
a	41	43	0	1	-10564
a	41	43	0	1	-8941
a	41	43	0	1	-7628
a	41	43	0	1	-6544
a	41	43	0	1	-5634
a	41	43	0	1	-4858
a	41	43	0	1	-4190
a	41	43	0	1	-3608
a	41	43	0	1	-3097
a	41	43	0	1	-2644
a	41	43	0	1	-2240
a	41	5	0	1	0
a	41	5	0	1	0
a	41	5	0	1	0
a	41	5	0	1	0
a	42	4	0	0	0
a	42	4	0	0	0
a	42	4	0	0	0
a	42	4	0	0	0
a	42	118	0	1	-293
a	42	118	0	1	-78
a	42	118	0	1	-39
a	42	118	0	1	-24
a	42	118	0	1	-15
a	42	118	0	1	-10
a	42	118	0	1	-6
a	42	118	0	1	-3
a	42	118	0	1	-1
a	42	118	0	1	0
a	42	118	0	1	1
a	42	118	0	1	2
a	43	5	0	1	0
a	43	5	0	1	0
a	43	5	0	1	0
a	43	5	0	1	0
a	43	45	0	1	-798
a	43	45	0	1	-228
a	43	45	0	1	-127
a	43	45	0	1	-85
a	43	45	0	1	-62
a	43	45	0	1	-48
a	43	45	0	1	-38
a	43	45	0	1	-31
a	43	45	0	1	-25
a	43	45	0	1	-21
a	43	45	0	1	-17
a	43	45	0	1	-14
a	43	45	0	1	-12
a	43	45	0	1	-10
a	43	45	0	1	-8
a	43	45	0	1	-6
a	43	45	0	1	-5
a	43	45	0	1	-4
a	43	45	0	1	-3
a	44	42	0	1	-296480
a	44	42	0	1	-85733
a	44	42	0	1	-48148
a	44	42	0	1	-32761
a	44	42	0	1	-24329
a	44	42	0	1	-18996
a	44	42	0	1	-15316
a	44	42	0	1	-12622
a	44	42	0	1	-10564
a	44	42	0	1	-8941
a	44	42	0	1	-7628
a	44	42	0	1	-6544
a	44	4	0	0	0
a	44	4	0	0	0
a	44	4	0	0	0
a	44	4	0	0	0
a	45	5	0	1	0
a	45	5	0	1	0
a	45	5	0	1	0
a	45	5	0	1	0
a	45	47	0	1	-16
a	45	47	0	1	-3
a	45	47	0	1	-1
a	45	47	0	1	0
a	45	47	0	1	0
a	45	47	0	1	0
a	45	47	0	1	0
a	45	47	0	1	0
a	45	47	0	1	1
a	45	47	0	1	1
a	45	47	0	1	1
a	45	47	0	1	1
a	45	47	0	1	1
a	45	47	0	1	1
a	45	47	0	1	1
a	45	47	0	1	1
a	45	47	0	1	1
a	45	47	0	1	1
a	45	47	0	1	1
a	46	44	0	1	-798
a	46	44	0	1	-228
a	46	44	0	1	-127
a	46	44	0	1	-85
a	46	44	0	1	-62
a	46	44	0	1	-48
a	46	44	0	1	-38
a	46	44	0	1	-31
a	46	44	0	1	-25
a	46	44	0	1	-21
a	46	44	0	1	-17
a	46	44	0	1	-14
a	46	4	0	0	0
a	46	4	0	0	0
a	46	4	0	0	0
a	46	4	0	0	0
a	47	49	0	1	-1324785
a	47	49	0	1	-383329
a	47	49	0	1	-215426
a	47	49	0	1	-146683
a	47	49	0	1	-109015
a	47	49	0	1	-85190
a	47	49	0	1	-68748
a	47	49	0	1	-56714
a	47	49	0	1	-47523
a	47	49	0	1	-40272
a	47	49	0	1	-34406
a	47	49	0	1	-29563
a	47	49	0	1	-25496
a	47	49	0	1	-22032
a	47	49	0	1	-19047
a	47	49	0	1	-16447
a	47	49	0	1	-14163
a	47	49	0	1	-12139
a	47	49	0	1	-10335
a	47	5	0	1	0
a	47	5	0	1	0
a	47	5	0	1	0
a	47	5	0	1	0
a	48	4	0	0	0
a	48	4	0	0	0
a	48	4	0	0	0
a	48	4	0	0	0
a	48	46	0	1	-16
a	48	46	0	1	-3
a	48	46	0	1	-1
a	48	46	0	1	0
a	48	46	0	1	0
a	48	46	0	1	0
a	48	46	0	1	0
a	48	46	0	1	0
a	48	46	0	1	1
a	48	46	0	1	1
a	48	46	0	1	1
a	48	46	0	1	1
a	49	51	0	1	-1520086
a	49	51	0	1	-439922
a	49	51	0	1	-247279
a	49	51	0	1	-168407
a	49	51	0	1	-125190
a	49	51	0	1	-97854
a	49	51	0	1	-78990
a	49	51	0	1	-65182
a	49	51	0	1	-54636
a	49	51	0	1	-46318
a	49	51	0	1	-39588
a	49	51	0	1	-34031
a	49	51	0	1	-29364
a	49	51	0	1	-25390
a	49	51	0	1	-21965
a	49	51	0	1	-18982
a	49	51	0	1	-16361
a	49	51	0	1	-14040
a	49	51	0	1	-11970
a	49	5	0	1	0
a	49	5	0	1	0
a	49	5	0	1	0
a	49	5	0	1	0
a	50	48	0	1	-1324785
a	50	48	0	1	-383329
a	50	48	0	1	-215426
a	50	48	0	1	-146683
a	50	48	0	1	-109015
a	50	48	0	1	-85190
a	50	48	0	1	-68748
a	50	48	0	1	-56714
a	50	48	0	1	-47523
a	50	48	0	1	-40272
a	50	48	0	1	-34406
a	50	48	0	1	-29563
a	50	4	0	0	0
a	50	4	0	0	0
a	50	4	0	0	0
a	50	4	0	0	0
a	51	5	0	1	0
a	51	5	0	1	0
a	51	5	0	1	0
a	51	5	0	1	0
a	51	30	0	1	-277
a	51	30	0	1	-76
a	51	30	0	1	-41
a	51	30	0	1	-26
a	51	30	0	1	-18
a	51	30	0	1	-13
a	51	30	0	1	-10
a	51	30	0	1	-7
a	51	30	0	1	-5
a	51	30	0	1	-4
a	51	53	0	1	-14764
a	51	53	0	1	-4021
a	51	53	0	1	-2111
a	51	53	0	1	-1329
a	51	53	0	1	-901
a	51	53	0	1	-630
a	51	53	0	1	-443
a	51	53	0	1	-306
a	51	53	0	1	-201
a	52	50	0	1	-1520086
a	52	50	0	1	-439922
a	52	50	0	1	-247279
a	52	50	0	1	-168407
a	52	50	0	1	-125190
a	52	50	0	1	-97854
a	52	50	0	1	-78990
a	52	50	0	1	-65182
a	52	50	0	1	-54636
a	52	50	0	1	-46318
a	52	50	0	1	-39588
a	52	50	0	1	-34031
a	52	4	0	0	0
a	52	4	0	0	0
a	52	4	0	0	0
a	52	4	0	0	0
a	53	5	0	1	0
a	53	5	0	1	0
a	53	5	0	1	0
a	53	5	0	1	0
a	53	55	0	1	-338152
a	53	55	0	1	-97930
a	53	55	0	1	-55086
a	53	55	0	1	-37545
a	53	55	0	1	-27933
a	53	55	0	1	-21853
a	53	55	0	1	-17658
a	53	55	0	1	-14587
a	53	55	0	1	-12242
a	53	55	0	1	-10392
a	53	55	0	1	-8895
a	53	55	0	1	-7659
a	53	55	0	1	-6621
a	53	55	0	1	-5737
a	53	55	0	1	-4976
a	53	55	0	1	-4312
a	53	55	0	1	-3729
a	54	52	0	1	-14764
a	54	52	0	1	-4021
a	54	52	0	1	-2111
a	54	52	0	1	-1329
a	54	52	0	1	-901
a	54	52	0	1	-630
a	54	52	0	1	-443
a	54	4	0	0	0
a	54	4	0	0	0
a	54	4	0	0	0
a	54	4	0	0	0
a	54	9	0	1	-388
a	54	9	0	1	-107
a	54	9	0	1	-57
a	54	9	0	1	-37
a	54	9	0	1	-25
a	54	9	0	1	-18
a	54	9	0	1	-13
a	54	9	0	1	-10
a	54	9	0	1	-7
a	54	9	0	1	-5
a	54	9	0	1	-3
a	54	9	0	1	-2
a	54	9	0	1	0
a	54	9	0	1	0
a	55	57	0	1	-463
a	55	57	0	1	-132
a	55	57	0	1	-73
a	55	57	0	1	-48
a	55	57	0	1	-35
a	55	57	0	1	-27
a	55	57	0	1	-21
a	55	57	0	1	-17
a	55	57	0	1	-14
a	55	57	0	1	-11
a	55	57	0	1	-9
a	55	57	0	1	-7
a	55	57	0	1	-6
a	55	57	0	1	-5
a	55	57	0	1	-4
a	55	57	0	1	-3
a	55	57	0	1	-2
a	55	5	0	1	0
a	55	5	0	1	0
a	55	5	0	1	0
a	55	5	0	1	0
a	56	4	0	0	0
a	56	4	0	0	0
a	56	4	0	0	0
a	56	4	0	0	0
a	56	54	0	1	-338152
a	56	54	0	1	-97930
a	56	54	0	1	-55086
a	56	54	0	1	-37545
a	56	54	0	1	-27933
a	56	54	0	1	-21853
a	56	54	0	1	-17658
a	56	54	0	1	-14587
a	56	54	0	1	-12242
a	56	54	0	1	-10392
a	56	54	0	1	-8895
a	56	54	0	1	-7659
a	56	54	0	1	-6621
a	56	54	0	1	-5737
a	56	54	0	1	-4976
a	56	54	0	1	-4312
a	56	54	0	1	-3729
a	56	54	0	1	-3213
a	56	54	0	1	-2753
a	56	54	0	1	-2340
a	56	54	0	1	-1967
a	57	59	0	1	-588725
a	57	59	0	1	-170753
a	57	59	0	1	-96200
a	57	59	0	1	-65677
a	57	59	0	1	-48952
a	57	59	0	1	-38373
a	57	59	0	1	-31072
a	57	59	0	1	-25729
a	57	59	0	1	-21648
a	57	59	0	1	-18429
a	57	59	0	1	-15824
a	57	59	0	1	-13673
a	57	59	0	1	-11867
a	57	59	0	1	-10330
a	57	59	0	1	-9004
a	57	59	0	1	-7850
a	57	59	0	1	-6835
a	57	5	0	1	0
a	57	5	0	1	0
a	57	5	0	1	0
a	57	5	0	1	0
a	58	56	0	1	-463
a	58	56	0	1	-132
a	58	56	0	1	-73
a	58	56	0	1	-48
a	58	56	0	1	-35
a	58	56	0	1	-27
a	58	56	0	1	-21
a	58	56	0	1	-17
a	58	56	0	1	-14
a	58	56	0	1	-11
a	58	56	0	1	-9
a	58	56	0	1	-7
a	58	56	0	1	-6
a	58	56	0	1	-5
a	58	56	0	1	-4
a	58	56	0	1	-3
a	58	56	0	1	-2
a	58	56	0	1	-1
a	58	56	0	1	-1
a	58	56	0	1	0
a	58	56	0	1	0
a	58	4	0	0	0
a	58	4	0	0	0
a	58	4	0	0	0
a	58	4	0	0	0
a	59	64	0	1	-439
a	59	64	0	1	-124
a	59	64	0	1	-68
a	59	64	0	1	-45
a	59	64	0	1	-32
a	59	64	0	1	-24
a	59	64	0	1	-19
a	59	64	0	1	-15
a	59	64	0	1	-11
a	59	64	0	1	-9
a	59	64	0	1	-7
a	59	64	0	1	-5
a	59	5	0	1	0
a	59	5	0	1	0
a	59	5	0	1	0
a	59	5	0	1	0
a	59	61	0	1	-4209
a	59	61	0	1	-1131
a	59	61	0	1	-584
a	59	61	0	1	-360
a	59	61	0	1	-238
a	60	58	0	1	-588725
a	60	58	0	1	-170753
a	60	58	0	1	-96200
a	60	58	0	1	-65677
a	60	58	0	1	-48952
a	60	58	0	1	-38373
a	60	58	0	1	-31072
a	60	58	0	1	-25729
a	60	58	0	1	-21648
a	60	58	0	1	-18429
a	60	58	0	1	-15824
a	60	58	0	1	-13673
a	60	58	0	1	-11867
a	60	58	0	1	-10330
a	60	58	0	1	-9004
a	60	58	0	1	-7850
a	60	58	0	1	-6835
a	60	58	0	1	-5937
a	60	58	0	1	-5136
a	60	58	0	1	-4417
a	60	58	0	1	-3768
a	60	4	0	0	0
a	60	4	0	0	0
a	60	4	0	0	0
a	60	4	0	0	0
a	61	5	0	1	0
a	61	5	0	1	0
a	61	5	0	1	0
a	61	5	0	1	0
a	61	63	0	1	-2943346
a	61	63	0	1	-854369
a	61	63	0	1	-481747
a	61	63	0	1	-329187
a	61	63	0	1	-245594
a	61	63	0	1	-192719
a	61	63	0	1	-156230
a	61	63	0	1	-129523
a	61	63	0	1	-109125
a	61	63	0	1	-93034
a	61	63	0	1	-80017
a	61	63	0	1	-69268
a	61	63	0	1	-60241
a	61	63	0	1	-52554
a	61	63	0	1	-45929
a	61	63	0	1	-40159
a	61	63	0	1	-35090
a	61	63	0	1	-30600
a	61	63	0	1	-26596
a	61	63	0	1	-23003
a	61	63	0	1	-19761
a	61	63	0	1	-16821
a	62	40	0	1	-387
a	62	40	0	1	-110
a	62	40	0	1	-60
a	62	40	0	1	-40
a	62	40	0	1	-29
a	62	40	0	1	-22
a	62	40	0	1	-17
a	62	40	0	1	-13
a	62	40	0	1	-11
a	62	40	0	1	-9
a	62	40	0	1	-7
a	62	60	0	1	-4209
a	62	60	0	1	-1131
a	62	60	0	1	-584
a	62	60	0	1	-360
a	62	60	0	1	-238
a	62	4	0	0	0
a	62	4	0	0	0
a	62	4	0	0	0
a	62	4	0	0	0
a	63	65	0	1	-594915
a	63	65	0	1	-163386
a	63	65	0	1	-86637
a	63	65	0	1	-55214
a	63	65	0	1	-37996
a	63	65	0	1	-27105
a	63	60	0	1	-439
a	63	60	0	1	-124
a	63	60	0	1	-68
a	63	60	0	1	-45
a	63	60	0	1	-32
a	63	60	0	1	-24
a	63	60	0	1	-19
a	63	60	0	1	-15
a	63	60	0	1	-11
a	63	60	0	1	-9
a	63	60	0	1	-7
a	63	60	0	1	-5
a	63	60	0	1	-4
a	63	60	0	1	-3
a	63	60	0	1	-2
a	63	60	0	1	-1
a	63	5	0	1	0
a	63	5	0	1	0
a	63	5	0	1	0
a	63	5	0	1	0
a	64	4	0	0	0
a	64	4	0	0	0
a	64	4	0	0	0
a	64	4	0	0	0
a	64	62	0	1	-2943346
a	64	62	0	1	-854369
a	64	62	0	1	-481747
a	64	62	0	1	-329187
a	64	62	0	1	-245594
a	64	62	0	1	-192719
a	64	62	0	1	-156230
a	64	62	0	1	-129523
a	64	62	0	1	-109125
a	64	62	0	1	-93034
a	64	62	0	1	-80017
a	64	62	0	1	-69268
a	64	62	0	1	-60241
a	64	62	0	1	-52554
a	64	62	0	1	-45929
a	64	62	0	1	-40159
a	65	5	0	1	0
a	65	5	0	1	0
a	65	5	0	1	0
a	65	5	0	1	0
a	65	103	0	1	-361
a	65	103	0	1	-95
a	65	103	0	1	-48
a	65	103	0	1	-29
a	65	103	0	1	-18
a	65	103	0	1	-11
a	66	64	0	1	-594915
a	66	64	0	1	-163386
a	66	64	0	1	-86637
a	66	64	0	1	-55214
a	66	4	0	0	0
a	66	4	0	0	0
a	66	4	0	0	0
a	66	4	0	0	0
a	67	5	0	1	0
a	67	5	0	1	0
a	67	5	0	1	0
a	67	5	0	1	0
a	67	69	0	1	-1018946
a	67	69	0	1	-296076
a	67	69	0	1	-167127
a	67	69	0	1	-114332
a	67	69	0	1	-85403
a	67	69	0	1	-67106
a	67	69	0	1	-54478
a	67	69	0	1	-45236
a	67	69	0	1	-38177
a	67	69	0	1	-32609
a	67	69	0	1	-28104
a	67	69	0	1	-24384
a	67	69	0	1	-21261
a	67	69	0	1	-18600
a	67	69	0	1	-16308
a	67	69	0	1	-14311
a	67	69	0	1	-12557
a	67	69	0	1	-11003
a	67	69	0	1	-9617
a	67	69	0	1	-8374
a	67	69	0	1	-7252
a	67	69	0	1	-6234
a	67	69	0	1	-5307
a	67	69	0	1	-4459
a	67	69	0	1	-3680
a	68	4	0	0	0
a	68	4	0	0	0
a	68	4	0	0	0
a	68	4	0	0	0
a	68	95	0	1	-665
a	68	95	0	1	-194
a	68	95	0	1	-110
a	68	95	0	1	-76
a	68	95	0	1	-57
a	68	95	0	1	-45
a	68	95	0	1	-37
a	68	95	0	1	-30
a	68	95	0	1	-26
a	68	95	0	1	-22
a	68	95	0	1	-19
a	69	75	0	1	-20
a	69	75	0	1	1
a	69	75	0	1	5
a	69	75	0	1	7
a	69	75	0	1	8
a	69	75	0	1	8
a	69	75	0	1	8
a	69	75	0	1	9
a	69	75	0	1	9
a	69	75	0	1	9
a	69	75	0	1	9
a	69	75	0	1	9
a	69	75	0	1	9
a	69	75	0	1	10
a	69	75	0	1	10
a	69	75	0	1	10
a	69	75	0	1	10
a	69	75	0	1	10
a	69	75	0	1	10
a	69	75	0	1	10
a	69	75	0	1	10
a	69	75	0	1	10
a	69	75	0	1	10
a	69	75	0	1	10
a	69	75	0	1	10
a	69	75	0	1	10
a	69	75	0	1	10
a	69	75	0	1	10
a	69	75	0	1	10
a	69	75	0	1	10
a	69	75	0	1	10
a	69	75	0	1	10
a	69	75	0	1	10
a	69	75	0	1	10
a	69	75	0	1	10
a	69	75	0	1	10
a	69	75	0	1	10
a	69	75	0	1	10
a	69	75	0	1	10
a	69	75	0	1	10
a	69	75	0	1	10
a	69	75	0	1	10
a	69	75	0	1	10
a	69	75	0	1	10
a	69	75	0	1	10
a	69	75	0	1	10
a	69	75	0	1	10
a	69	75	0	1	10
a	69	75	0	1	10
a	69	75	0	1	10
a	69	75	0	1	10
a	69	75	0	1	10
a	69	75	0	1	10
a	69	75	0	1	10
a	69	75	0	1	10
a	69	75	0	1	10
a	69	75	0	1	10
a	69	75	0	1	10
a	69	75	0	1	10
a	69	75	0	1	10
a	69	75	0	1	10
a	69	75	0	1	10
a	69	75	0	1	10
a	69	75	0	1	10
a	69	75	0	1	10
a	69	75	0	1	10
a	69	75	0	1	10
a	69	75	0	1	10
a	69	75	0	1	10
a	69	75	0	1	10
a	69	75	0	1	10
a	69	75	0	1	10
a	69	75	0	1	10
a	69	75	0	1	10
a	69	75	0	1	10
a	69	75	0	1	10
a	69	75	0	1	10
a	69	75	0	1	10
a	69	75	0	1	10
a	69	75	0	1	10
a	69	75	0	1	10
a	69	75	0	1	10
a	69	75	0	1	10
a	69	75	0	1	10
a	69	75	0	1	10
a	69	75	0	1	10
a	69	75	0	1	10
a	69	75	0	1	10
a	69	75	0	1	10
a	69	75	0	1	10
a	69	75	0	1	10
a	69	75	0	1	10
a	69	75	0	1	10
a	69	75	0	1	10
a	69	75	0	1	10
a	69	75	0	1	10
a	69	75	0	1	10
a	69	75	0	1	10
a	69	75	0	1	10
a	69	5	0	1	0
a	69	5	0	1	0
a	69	5	0	1	0
a	69	5	0	1	0
a	69	71	0	1	-890085
a	69	71	0	1	-258540
a	69	71	0	1	-145884
a	69	71	0	1	-99760
a	69	71	0	1	-74487
a	69	71	0	1	-58501
a	69	71	0	1	-47469
a	69	71	0	1	-39394
a	69	71	0	1	-33227
a	69	71	0	1	-28363
a	69	71	0	1	-24427
a	69	71	0	1	-21177
a	69	71	0	1	-18448
a	69	71	0	1	-16124
a	69	71	0	1	-14121
a	69	71	0	1	-12377
a	69	71	0	1	-10844
a	69	71	0	1	-9487
a	69	71	0	1	-8276
a	69	71	0	1	-7190
a	69	71	0	1	-6210
a	69	71	0	1	-5321
a	69	71	0	1	-4511
a	69	71	0	1	-3770
a	69	71	0	1	-3089
a	70	68	0	1	-1018946
a	70	68	0	1	-296076
a	70	68	0	1	-167127
a	70	68	0	1	-114332
a	70	68	0	1	-85403
a	70	68	0	1	-67106
a	70	68	0	1	-54478
a	70	68	0	1	-45236
a	70	68	0	1	-38177
a	70	68	0	1	-32609
a	70	68	0	1	-28104
a	70	4	0	0	0
a	70	4	0	0	0
a	70	4	0	0	0
a	70	4	0	0	0
a	71	5	0	1	0
a	71	5	0	1	0
a	71	5	0	1	0
a	71	5	0	1	0
a	71	37	0	1	-525
a	71	37	0	1	-150
a	71	37	0	1	-84
a	71	37	0	1	-56
a	71	37	0	1	-41
a	71	37	0	1	-32
a	71	37	0	1	-25
a	71	37	0	1	-20
a	71	37	0	1	-17
a	71	37	0	1	-14
a	71	37	0	1	-12
a	71	37	0	1	-10
a	71	37	0	1	-8
a	71	37	0	1	-7
a	71	37	0	1	-6
a	71	37	0	1	-4
a	71	37	0	1	-4
a	71	37	0	1	-3
a	71	37	0	1	-2
a	71	37	0	1	-1
a	71	37	0	1	-1
a	71	37	0	1	0
a	71	37	0	1	0
a	71	37	0	1	0
a	71	37	0	1	0
a	72	4	0	0	0
a	72	4	0	0	0
a	72	4	0	0	0
a	72	4	0	0	0
a	72	70	0	1	-890085
a	72	70	0	1	-258540
a	72	70	0	1	-145884
a	72	70	0	1	-99760
a	72	70	0	1	-74487
a	72	70	0	1	-58501
a	72	70	0	1	-47469
a	72	70	0	1	-39394
a	72	70	0	1	-33227
a	72	70	0	1	-28363
a	72	70	0	1	-24427
a	73	75	0	1	-281172
a	73	75	0	1	-81504
a	73	75	0	1	-45891
a	73	75	0	1	-31311
a	73	75	0	1	-23321
a	73	75	0	1	-18268
a	73	75	0	1	-14780
a	73	75	0	1	-12228
a	73	75	0	1	-10278
a	73	75	0	1	-8740
a	73	75	0	1	-7496
a	73	75	0	1	-6469
a	73	75	0	1	-5606
a	73	75	0	1	-4872
a	73	5	0	1	0
a	73	5	0	1	0
a	73	5	0	1	0
a	73	5	0	1	0
a	74	16	0	1	-225
a	74	16	0	1	-57
a	74	16	0	1	-27
a	74	16	0	1	-14
a	74	16	0	1	-8
a	74	16	0	1	-3
a	74	16	0	1	-1
a	74	16	0	1	1
a	74	16	0	1	2
a	74	16	0	1	4
a	74	16	0	1	5
a	74	16	0	1	5
a	74	16	0	1	6
a	74	16	0	1	7
a	74	16	0	1	7
a	74	16	0	1	8
a	74	4	0	0	0
a	74	4	0	0	0
a	74	4	0	0	0
a	74	4	0	0	0
a	75	5	0	1	0
a	75	5	0	1	0
a	75	5	0	1	0
a	75	5	0	1	0
a	75	77	0	1	-1394333
a	75	77	0	1	-404510
a	75	77	0	1	-227955
a	75	77	0	1	-155670
a	75	77	0	1	-116062
a	75	77	0	1	-91009
a	75	77	0	1	-73720
a	75	77	0	1	-61066
a	75	77	0	1	-51401
a	75	77	0	1	-43777
a	75	77	0	1	-37609
a	75	77	0	1	-32516
a	75	77	0	1	-28239
a	75	77	0	1	-24597
a	76	74	0	1	-281172
a	76	74	0	1	-81504
a	76	74	0	1	-45891
a	76	74	0	1	-31311
a	76	74	0	1	-23321
a	76	74	0	1	-18268
a	76	74	0	1	-14780
a	76	74	0	1	-12228
a	76	74	0	1	-10278
a	76	74	0	1	-8740
a	76	74	0	1	-7496
a	76	74	0	1	-6469
a	76	74	0	1	-5606
a	76	74	0	1	-4872
a	76	74	0	1	-4238
a	76	74	0	1	-3687
a	76	4	0	0	0
a	76	4	0	0	0
a	76	4	0	0	0
a	76	4	0	0	0
a	76	70	0	1	-20
a	76	70	0	1	1
a	76	70	0	1	5
a	76	70	0	1	7
a	76	70	0	1	8
a	76	70	0	1	8
a	76	70	0	1	8
a	76	70	0	1	9
a	76	70	0	1	9
a	76	70	0	1	9
a	76	70	0	1	9
a	76	70	0	1	9
a	76	70	0	1	9
a	76	70	0	1	10
a	76	70	0	1	10
a	76	70	0	1	10
a	76	70	0	1	10
a	76	70	0	1	10
a	76	70	0	1	10
a	76	70	0	1	10
a	76	70	0	1	10
a	76	70	0	1	10
a	76	70	0	1	10
a	76	70	0	1	10
a	76	70	0	1	10
a	76	70	0	1	10
a	76	70	0	1	10
a	76	70	0	1	10
a	76	70	0	1	10
a	76	70	0	1	10
a	76	70	0	1	10
a	76	70	0	1	10
a	76	70	0	1	10
a	76	70	0	1	10
a	76	70	0	1	10
a	76	70	0	1	10
a	76	70	0	1	10
a	76	70	0	1	10
a	76	70	0	1	10
a	76	70	0	1	10
a	76	70	0	1	10
a	76	70	0	1	10
a	76	70	0	1	10
a	76	70	0	1	10
a	76	70	0	1	10
a	76	70	0	1	10
a	76	70	0	1	10
a	76	70	0	1	10
a	76	70	0	1	10
a	76	70	0	1	10
a	76	70	0	1	10
a	76	70	0	1	10
a	76	70	0	1	10
a	76	70	0	1	10
a	76	70	0	1	10
a	76	70	0	1	10
a	76	70	0	1	10
a	76	70	0	1	10
a	76	70	0	1	10
a	76	70	0	1	10
a	76	70	0	1	10
a	76	70	0	1	10
a	76	70	0	1	10
a	76	70	0	1	10
a	76	70	0	1	10
a	76	70	0	1	10
a	76	70	0	1	10
a	76	70	0	1	10
a	76	70	0	1	10
a	76	70	0	1	10
a	76	70	0	1	10
a	76	70	0	1	10
a	76	70	0	1	10
a	76	70	0	1	10
a	76	70	0	1	10
a	76	70	0	1	10
a	76	70	0	1	10
a	76	70	0	1	10
a	76	70	0	1	10
a	76	70	0	1	10
a	76	70	0	1	10
a	76	70	0	1	10
a	76	70	0	1	10
a	76	70	0	1	10
a	76	70	0	1	10
a	76	70	0	1	10
a	76	70	0	1	10
a	76	70	0	1	10
a	76	70	0	1	10
a	76	70	0	1	10
a	76	70	0	1	10
a	76	70	0	1	10
a	76	70	0	1	10
a	76	70	0	1	10
a	76	70	0	1	10
a	76	70	0	1	10
a	76	70	0	1	10
a	76	70	0	1	10
a	76	70	0	1	10
a	77	5	0	1	0
a	77	5	0	1	0
a	77	5	0	1	0
a	77	5	0	1	0
a	77	79	0	1	-29005
a	77	79	0	1	-7927
a	77	79	0	1	-4179
a	77	79	0	1	-2644
a	77	79	0	1	-1804
a	77	79	0	1	-1272
a	77	79	0	1	-905
a	77	79	0	1	-636
a	77	79	0	1	-483
a	77	79	0	1	-431
a	77	79	0	1	-269
a	77	79	0	1	-138
a	77	79	0	1	-136
a	77	79	0	1	-74
a	78	76	0	1	-1394333
a	78	76	0	1	-404510
a	78	76	0	1	-227955
a	78	76	0	1	-155670
a	78	76	0	1	-116062
a	78	76	0	1	-91009
a	78	76	0	1	-73720
a	78	76	0	1	-61066
a	78	76	0	1	-51401
a	78	76	0	1	-43777
a	78	76	0	1	-37609
a	78	76	0	1	-32516
a	78	76	0	1	-28239
a	78	76	0	1	-24597
a	78	76	0	1	-21457
a	78	76	0	1	-18724
a	78	4	0	0	0
a	78	4	0	0	0
a	78	4	0	0	0
a	78	4	0	0	0
a	79	81	0	1	-1088752
a	79	81	0	1	-315434
a	79	81	0	1	-177508
a	79	81	0	1	-121038
a	79	81	0	1	-90095
a	79	81	0	1	-70524
a	79	81	0	1	-57018
a	79	81	0	1	-47132
a	79	81	0	1	-39581
a	79	81	0	1	-33626
a	79	81	0	1	-28807
a	79	81	0	1	-24828
a	79	81	0	1	-21487
a	79	81	0	1	-18642
a	79	5	0	1	0
a	79	5	0	1	0
a	79	5	0	1	0
a	79	5	0	1	0
a	80	4	0	0	0
a	80	4	0	0	0
a	80	4	0	0	0
a	80	4	0	0	0
a	80	78	0	1	-29005
a	80	78	0	1	-7927
a	80	78	0	1	-4179
a	80	78	0	1	-2644
a	80	78	0	1	-1804
a	80	78	0	1	-1272
a	80	78	0	1	-905
a	80	78	0	1	-636
a	80	78	0	1	-483
a	80	78	0	1	-431
a	80	78	0	1	-269
a	80	78	0	1	-138
a	80	78	0	1	-136
a	80	78	0	1	-74
a	80	78	0	1	-48
a	80	78	0	1	-34
a	81	83	0	1	-12162
a	81	83	0	1	-3524
a	81	83	0	1	-1984
a	81	83	0	1	-1353
a	81	83	0	1	-1007
a	81	83	0	1	-789
a	81	83	0	1	-638
a	81	83	0	1	-528
a	81	83	0	1	-443
a	81	83	0	1	-377
a	81	83	0	1	-323
a	81	83	0	1	-278
a	81	83	0	1	-241
a	81	83	0	1	-209
a	81	84	0	1	-27
a	81	84	0	1	-1
a	81	84	0	1	3
a	81	84	0	1	5
a	81	84	0	1	6
a	81	84	0	1	7
a	81	84	0	1	7
a	81	84	0	1	7
a	81	84	0	1	8
a	81	84	0	1	8
a	81	84	0	1	8
a	81	84	0	1	8
a	81	84	0	1	8
a	81	84	0	1	8
a	81	84	0	1	8
a	81	84	0	1	8
a	81	84	0	1	9
a	81	84	0	1	9
a	81	84	0	1	9
a	81	84	0	1	9
a	81	84	0	1	9
a	81	84	0	1	9
a	81	84	0	1	9
a	81	84	0	1	9
a	81	84	0	1	9
a	81	84	0	1	9
a	81	84	0	1	9
a	81	84	0	1	9
a	81	84	0	1	9
a	81	84	0	1	9
a	81	84	0	1	9
a	81	84	0	1	9
a	81	84	0	1	9
a	81	84	0	1	9
a	81	84	0	1	9
a	81	84	0	1	9
a	81	84	0	1	9
a	81	84	0	1	9
a	81	84	0	1	9
a	81	84	0	1	9
a	81	84	0	1	9
a	81	84	0	1	9
a	81	84	0	1	9
a	81	84	0	1	9
a	81	84	0	1	9
a	81	84	0	1	9
a	81	84	0	1	9
a	81	84	0	1	9
a	81	84	0	1	9
a	81	84	0	1	9
a	81	84	0	1	9
a	81	84	0	1	9
a	81	84	0	1	9
a	81	84	0	1	9
a	81	84	0	1	9
a	81	84	0	1	9
a	81	84	0	1	9
a	81	84	0	1	9
a	81	84	0	1	9
a	81	84	0	1	9
a	81	84	0	1	9
a	81	84	0	1	9
a	81	84	0	1	9
a	81	84	0	1	9
a	81	84	0	1	9
a	81	84	0	1	9
a	81	84	0	1	9
a	81	84	0	1	9
a	81	84	0	1	9
a	81	84	0	1	9
a	81	84	0	1	9
a	81	84	0	1	9
a	81	84	0	1	9
a	81	84	0	1	9
a	81	84	0	1	9
a	81	84	0	1	9
a	81	84	0	1	9
a	81	84	0	1	9
a	81	84	0	1	9
a	81	84	0	1	9
a	81	84	0	1	9
a	81	84	0	1	9
a	81	84	0	1	9
a	81	84	0	1	9
a	81	84	0	1	9
a	81	84	0	1	9
a	81	84	0	1	9
a	81	84	0	1	9
a	81	84	0	1	9
a	81	84	0	1	9
a	81	84	0	1	9
a	81	84	0	1	9
a	81	84	0	1	9
a	81	84	0	1	9
a	81	84	0	1	9
a	81	84	0	1	9
a	81	84	0	1	9
a	81	84	0	1	9
a	81	84	0	1	9
a	81	5	0	1	0
a	81	5	0	1	0
a	81	5	0	1	0
a	81	5	0	1	0
a	82	80	0	1	-1088752
a	82	80	0	1	-315434
a	82	80	0	1	-177508
a	82	80	0	1	-121038
a	82	80	0	1	-90095
a	82	80	0	1	-70524
a	82	80	0	1	-57018
a	82	80	0	1	-47132
a	82	80	0	1	-39581
a	82	80	0	1	-33626
a	82	80	0	1	-28807
a	82	80	0	1	-24828
a	82	80	0	1	-21487
a	82	80	0	1	-18642
a	82	80	0	1	-16189
a	82	80	0	1	-14054
a	82	4	0	0	0
a	82	4	0	0	0
a	82	4	0	0	0
a	82	4	0	0	0
a	83	82	0	1	-27
a	83	82	0	1	-1
a	83	82	0	1	3
a	83	82	0	1	5
a	83	82	0	1	6
a	83	82	0	1	7
a	83	82	0	1	7
a	83	82	0	1	7
a	83	82	0	1	8
a	83	82	0	1	8
a	83	82	0	1	8
a	83	82	0	1	8
a	83	82	0	1	8
a	83	82	0	1	8
a	83	82	0	1	8
a	83	82	0	1	8
a	83	82	0	1	9
a	83	82	0	1	9
a	83	82	0	1	9
a	83	82	0	1	9
a	83	82	0	1	9
a	83	82	0	1	9
a	83	82	0	1	9
a	83	82	0	1	9
a	83	82	0	1	9
a	83	82	0	1	9
a	83	82	0	1	9
a	83	82	0	1	9
a	83	82	0	1	9
a	83	82	0	1	9
a	83	82	0	1	9
a	83	82	0	1	9
a	83	82	0	1	9
a	83	82	0	1	9
a	83	82	0	1	9
a	83	82	0	1	9
a	83	82	0	1	9
a	83	82	0	1	9
a	83	82	0	1	9
a	83	82	0	1	9
a	83	82	0	1	9
a	83	82	0	1	9
a	83	82	0	1	9
a	83	82	0	1	9
a	83	82	0	1	9
a	83	82	0	1	9
a	83	82	0	1	9
a	83	82	0	1	9
a	83	82	0	1	9
a	83	82	0	1	9
a	83	82	0	1	9
a	83	82	0	1	9
a	83	82	0	1	9
a	83	82	0	1	9
a	83	82	0	1	9
a	83	82	0	1	9
a	83	82	0	1	9
a	83	82	0	1	9
a	83	82	0	1	9
a	83	82	0	1	9
a	83	82	0	1	9
a	83	82	0	1	9
a	83	82	0	1	9
a	83	82	0	1	9
a	83	82	0	1	9
a	83	82	0	1	9
a	83	82	0	1	9
a	83	82	0	1	9
a	83	82	0	1	9
a	83	82	0	1	9
a	83	82	0	1	9
a	83	82	0	1	9
a	83	82	0	1	9
a	83	82	0	1	9
a	83	82	0	1	9
a	83	82	0	1	9
a	83	82	0	1	9
a	83	82	0	1	9
a	83	82	0	1	9
a	83	82	0	1	9
a	83	82	0	1	9
a	83	82	0	1	9
a	83	82	0	1	9
a	83	82	0	1	9
a	83	82	0	1	9
a	83	82	0	1	9
a	83	82	0	1	9
a	83	82	0	1	9
a	83	82	0	1	9
a	83	82	0	1	9
a	83	82	0	1	9
a	83	82	0	1	9
a	83	82	0	1	9
a	83	82	0	1	9
a	83	82	0	1	9
a	83	82	0	1	9
a	83	82	0	1	9
a	83	82	0	1	9
a	83	82	0	1	9
a	83	5	0	1	0
a	83	5	0	1	0
a	83	5	0	1	0
a	83	5	0	1	0
a	83	85	0	1	-1100516
a	83	85	0	1	-318427
a	83	85	0	1	-178946
a	83	85	0	1	-121840
a	83	85	0	1	-90549
a	83	85	0	1	-70757
a	83	85	0	1	-57098
a	83	85	0	1	-47101
a	83	85	0	1	-39466
a	83	85	0	1	-33443
a	83	85	0	1	-28570
a	83	85	0	1	-24546
a	83	85	0	1	-21168
a	83	85	0	1	-18290
a	84	82	0	1	-12162
a	84	82	0	1	-3524
a	84	82	0	1	-1984
a	84	82	0	1	-1353
a	84	82	0	1	-1007
a	84	82	0	1	-789
a	84	82	0	1	-638
a	84	82	0	1	-528
a	84	82	0	1	-443
a	84	82	0	1	-377
a	84	82	0	1	-323
a	84	82	0	1	-278
a	84	82	0	1	-241
a	84	82	0	1	-209
a	84	82	0	1	-182
a	84	82	0	1	-158
a	84	4	0	0	0
a	84	4	0	0	0
a	84	4	0	0	0
a	84	4	0	0	0
a	85	19	0	1	-645
a	85	19	0	1	-184
a	85	19	0	1	-101
a	85	19	0	1	-68
a	85	19	0	1	-49
a	85	19	0	1	-38
a	85	19	0	1	-30
a	85	19	0	1	-24
a	85	19	0	1	-19
a	85	19	0	1	-16
a	85	19	0	1	-13
a	85	19	0	1	-10
a	85	19	0	1	-8
a	85	19	0	1	-7
a	85	5	0	1	0
a	85	5	0	1	0
a	85	5	0	1	0
a	85	5	0	1	0
a	86	84	0	1	-1100516
a	86	84	0	1	-318427
a	86	84	0	1	-178946
a	86	84	0	1	-121840
a	86	84	0	1	-90549
a	86	84	0	1	-70757
a	86	84	0	1	-57098
a	86	84	0	1	-47101
a	86	84	0	1	-39466
a	86	84	0	1	-33443
a	86	84	0	1	-28570
a	86	84	0	1	-24546
a	86	84	0	1	-21168
a	86	84	0	1	-18290
a	86	84	0	1	-15810
a	86	84	0	1	-13651
a	86	4	0	0	0
a	86	4	0	0	0
a	86	4	0	0	0
a	86	4	0	0	0
a	87	89	0	1	-443960
a	87	5	0	1	0
a	87	5	0	1	0
a	87	5	0	1	0
a	87	5	0	1	0
a	88	114	0	1	-281
a	88	114	0	1	-76
a	88	114	0	1	-39
a	88	114	0	1	-24
a	88	114	0	1	-16
a	88	114	0	1	-11
a	88	114	0	1	-7
a	88	114	0	1	-4
a	88	4	0	0	0
a	88	4	0	0	0
a	88	4	0	0	0
a	88	4	0	0	0
a	89	5	0	1	0
a	90	88	0	1	-443960
a	90	88	0	1	-119916
a	90	88	0	1	-62330
a	90	88	0	1	-38754
a	90	88	0	1	-25835
a	90	88	0	1	-17664
a	90	88	0	1	-12025
a	90	88	0	1	-7897
a	90	4	0	0	0
a	90	4	0	0	0
a	90	4	0	0	0
a	90	4	0	0	0
a	91	5	0	1	0
a	91	5	0	1	0
a	91	5	0	1	0
a	91	5	0	1	0
a	91	93	0	1	-288946
a	91	93	0	1	-84166
a	91	93	0	1	-47631
a	91	93	0	1	-32673
a	91	93	0	1	-24477
a	91	93	0	1	-19293
a	91	93	0	1	-15715
a	91	93	0	1	-13097
a	91	93	0	1	-11097
a	91	93	0	1	-9519
a	91	93	0	1	-8243
a	91	93	0	1	-7189
a	91	93	0	1	-6304
a	91	93	0	1	-5550
a	91	93	0	1	-4900
a	91	93	0	1	-4335
a	91	93	0	1	-3838
a	91	93	0	1	-3397
a	91	93	0	1	-3005
a	91	93	0	1	-2653
a	91	93	0	1	-2335
a	91	93	0	1	-2046
a	91	93	0	1	-1784
a	91	93	0	1	-1543
a	91	93	0	1	-1323
a	91	93	0	1	-1119
a	91	93	0	1	-931
a	91	93	0	1	-757
a	92	120	0	1	-738
a	92	120	0	1	-214
a	92	120	0	1	-120
a	92	120	0	1	-82
a	92	120	0	1	-61
a	92	120	0	1	-48
a	92	120	0	1	-39
a	92	120	0	1	-32
a	92	120	0	1	-27
a	92	120	0	1	-23
a	92	120	0	1	-19
a	92	120	0	1	-17
a	92	120	0	1	-15
a	92	120	0	1	-13
a	92	120	0	1	-11
a	92	120	0	1	-9
a	92	120	0	1	-8
a	92	120	0	1	-7
a	92	120	0	1	-6
a	92	120	0	1	-5
a	92	120	0	1	-4
a	92	4	0	0	0
a	92	4	0	0	0
a	92	4	0	0	0
a	92	4	0	0	0
a	93	115	0	1	-317
a	93	115	0	1	-86
a	93	115	0	1	-44
a	93	115	0	1	-28
a	93	5	0	1	0
a	93	5	0	1	0
a	93	5	0	1	0
a	93	5	0	1	0
a	93	95	0	1	-124319
a	93	95	0	1	-35665
a	93	95	0	1	-19861
a	93	95	0	1	-13391
a	93	95	0	1	-9846
a	93	95	0	1	-7603
a	93	95	0	1	-6056
a	93	95	0	1	-4923
a	93	95	0	1	-4058
a	93	95	0	1	-3375
a	93	95	0	1	-2823
a	93	95	0	1	-2367
a	93	95	0	1	-1985
a	93	95	0	1	-1659
a	93	95	0	1	-1378
a	93	95	0	1	-1133
a	93	95	0	1	-918
a	93	95	0	1	-727
a	93	95	0	1	-558
a	93	95	0	1	-405
a	93	95	0	1	-268
a	93	95	0	1	-143
a	93	95	0	1	-29
a	93	95	0	1	74
a	94	92	0	1	-288946
a	94	92	0	1	-84166
a	94	92	0	1	-47631
a	94	92	0	1	-32673
a	94	92	0	1	-24477
a	94	92	0	1	-19293
a	94	92	0	1	-15715
a	94	92	0	1	-13097
a	94	92	0	1	-11097
a	94	92	0	1	-9519
a	94	92	0	1	-8243
a	94	92	0	1	-7189
a	94	92	0	1	-6304
a	94	92	0	1	-5550
a	94	92	0	1	-4900
a	94	92	0	1	-4335
a	94	92	0	1	-3838
a	94	92	0	1	-3397
a	94	92	0	1	-3005
a	94	92	0	1	-2653
a	94	92	0	1	-2335
a	94	4	0	0	0
a	94	4	0	0	0
a	94	4	0	0	0
a	94	4	0	0	0
a	95	97	0	1	-934074
a	95	97	0	1	-275754
a	95	97	0	1	-158215
a	95	97	0	1	-110092
a	95	97	0	1	-83723
a	95	97	0	1	-67044
a	95	97	0	1	-55534
a	95	97	0	1	-47110
a	95	97	0	1	-40676
a	95	97	0	1	-35600
a	95	97	0	1	-31494
a	95	97	0	1	-28103
a	95	97	0	1	-25256
a	95	97	0	1	-22831
a	95	97	0	1	-20741
a	95	97	0	1	-18921
a	95	97	0	1	-17322
a	95	97	0	1	-15906
a	95	97	0	1	-14643
a	95	97	0	1	-13510
a	95	97	0	1	-12487
a	95	97	0	1	-11559
a	95	97	0	1	-10714
a	95	97	0	1	-9941
a	95	97	0	1	-9231
a	95	97	0	1	-8577
a	95	97	0	1	-7972
a	95	97	0	1	-7411
a	95	97	0	1	-6890
a	95	97	0	1	-6404
a	95	97	0	1	-5950
a	95	97	0	1	-5524
a	95	97	0	1	-5125
a	95	97	0	1	-4750
a	95	97	0	1	-4396
a	95	5	0	1	0
a	95	5	0	1	0
a	95	5	0	1	0
a	95	5	0	1	0
a	96	67	0	1	-665
a	96	67	0	1	-194
a	96	67	0	1	-110
a	96	67	0	1	-76
a	96	67	0	1	-57
a	96	67	0	1	-45
a	96	67	0	1	-37
a	96	67	0	1	-30
a	96	67	0	1	-26
a	96	67	0	1	-22
a	96	67	0	1	-19
a	96	67	0	1	-17
a	96	67	0	1	-15
a	96	67	0	1	-13
a	96	67	0	1	-12
a	96	67	0	1	-10
a	96	67	0	1	-9
a	96	67	0	1	-8
a	96	67	0	1	-7
a	96	67	0	1	-6
a	96	67	0	1	-6
a	96	67	0	1	-5
a	96	67	0	1	-4
a	96	67	0	1	-4
a	96	67	0	1	-3
a	96	4	0	0	0
a	96	4	0	0	0
a	96	4	0	0	0
a	96	4	0	0	0
a	96	94	0	1	-124319
a	96	94	0	1	-35665
a	96	94	0	1	-19861
a	96	94	0	1	-13391
a	96	94	0	1	-9846
a	96	94	0	1	-7603
a	96	94	0	1	-6056
a	96	94	0	1	-4923
a	96	94	0	1	-4058
a	96	94	0	1	-3375
a	96	94	0	1	-2823
a	96	94	0	1	-2367
a	96	94	0	1	-1985
a	96	94	0	1	-1659
a	96	94	0	1	-1378
a	96	94	0	1	-1133
a	96	94	0	1	-918
a	96	94	0	1	-727
a	96	94	0	1	-558
a	96	94	0	1	-405
a	96	94	0	1	-268
a	97	99	0	1	-78245
a	97	99	0	1	-22964
a	97	99	0	1	-13097
a	97	99	0	1	-9057
a	97	99	0	1	-6844
a	97	99	0	1	-5444
a	97	99	0	1	-4478
a	97	99	0	1	-3770
a	97	99	0	1	-3230
a	97	99	0	1	-2804
a	97	99	0	1	-2459
a	97	99	0	1	-2175
a	97	99	0	1	-1936
a	97	99	0	1	-1732
a	97	99	0	1	-1557
a	97	99	0	1	-1404
a	97	99	0	1	-1270
a	97	99	0	1	-1151
a	97	99	0	1	-1045
a	97	99	0	1	-950
a	97	99	0	1	-864
a	97	99	0	1	-786
a	97	99	0	1	-715
a	97	99	0	1	-650
a	97	99	0	1	-591
a	97	99	0	1	-536
a	97	99	0	1	-485
a	97	99	0	1	-438
a	97	99	0	1	-394
a	97	36	0	1	-271
a	97	36	0	1	-74
a	97	36	0	1	-39
a	97	36	0	1	-25
a	97	36	0	1	-17
a	97	36	0	1	-12
a	97	5	0	1	0
a	97	5	0	1	0
a	97	5	0	1	0
a	97	5	0	1	0
a	98	96	0	1	-934074
a	98	96	0	1	-275754
a	98	96	0	1	-158215
a	98	96	0	1	-110092
a	98	96	0	1	-83723
a	98	96	0	1	-67044
a	98	96	0	1	-55534
a	98	96	0	1	-47110
a	98	96	0	1	-40676
a	98	96	0	1	-35600
a	98	96	0	1	-31494
a	98	96	0	1	-28103
a	98	96	0	1	-25256
a	98	96	0	1	-22831
a	98	96	0	1	-20741
a	98	96	0	1	-18921
a	98	96	0	1	-17322
a	98	96	0	1	-15906
a	98	96	0	1	-14643
a	98	96	0	1	-13510
a	98	96	0	1	-12487
a	98	96	0	1	-11559
a	98	96	0	1	-10714
a	98	96	0	1	-9941
a	98	96	0	1	-9231
a	98	96	0	1	-8577
a	98	96	0	1	-7972
a	98	96	0	1	-7411
a	98	96	0	1	-6890
a	98	96	0	1	-6404
a	98	96	0	1	-5950
a	98	96	0	1	-5524
a	98	96	0	1	-5125
a	98	96	0	1	-4750
a	98	96	0	1	-4396
a	98	96	0	1	-4062
a	98	96	0	1	-3747
a	98	96	0	1	-3448
a	98	96	0	1	-3165
a	98	96	0	1	-2897
a	98	96	0	1	-2641
a	98	96	0	1	-2398
a	98	96	0	1	-2166
a	98	96	0	1	-1945
a	98	96	0	1	-1734
a	98	96	0	1	-1533
a	98	4	0	0	0
a	98	4	0	0	0
a	98	4	0	0	0
a	98	4	0	0	0
a	99	5	0	1	0
a	99	5	0	1	0
a	99	5	0	1	0
a	99	5	0	1	0
a	99	101	0	1	-69910
a	99	101	0	1	-20529
a	99	101	0	1	-11715
a	99	101	0	1	-8107
a	99	101	0	1	-6129
a	99	101	0	1	-4878
a	99	101	0	1	-4015
a	99	101	0	1	-3384
a	99	101	0	1	-2901
a	99	101	0	1	-2521
a	99	101	0	1	-2213
a	99	101	0	1	-1958
a	99	101	0	1	-1745
a	99	101	0	1	-1563
a	99	101	0	1	-1406
a	99	101	0	1	-1270
a	99	101	0	1	-1150
a	99	101	0	1	-1044
a	99	101	0	1	-949
a	99	101	0	1	-864
a	99	101	0	1	-787
a	99	101	0	1	-718
a	99	101	0	1	-654
a	99	101	0	1	-596
a	99	101	0	1	-543
a	99	101	0	1	-494
a	99	101	0	1	-449
a	99	101	0	1	-407
a	99	101	0	1	-368
a	100	98	0	1	-78245
a	100	98	0	1	-22964
a	100	98	0	1	-13097
a	100	98	0	1	-9057
a	100	98	0	1	-6844
a	100	98	0	1	-5444
a	100	98	0	1	-4478
a	100	98	0	1	-3770
a	100	98	0	1	-3230
a	100	98	0	1	-2804
a	100	98	0	1	-2459
a	100	98	0	1	-2175
a	100	98	0	1	-1936
a	100	98	0	1	-1732
a	100	98	0	1	-1557
a	100	98	0	1	-1404
a	100	98	0	1	-1270
a	100	98	0	1	-1151
a	100	98	0	1	-1045
a	100	98	0	1	-950
a	100	98	0	1	-864
a	100	98	0	1	-786
a	100	98	0	1	-715
a	100	98	0	1	-650
a	100	98	0	1	-591
a	100	98	0	1	-536
a	100	98	0	1	-485
a	100	98	0	1	-438
a	100	98	0	1	-394
a	100	98	0	1	-353
a	100	98	0	1	-315
a	100	98	0	1	-279
a	100	98	0	1	-246
a	100	98	0	1	-214
a	100	98	0	1	-185
a	100	98	0	1	-157
a	100	98	0	1	-130
a	100	4	0	0	0
a	100	4	0	0	0
a	100	4	0	0	0
a	100	4	0	0	0
a	101	5	0	1	0
a	101	5	0	1	0
a	101	5	0	1	0
a	101	5	0	1	0
a	101	103	0	1	-168925
a	101	103	0	1	-49593
a	101	103	0	1	-28293
a	101	103	0	1	-19573
a	101	103	0	1	-14795
a	101	103	0	1	-11772
a	101	103	0	1	-9687
a	101	103	0	1	-8160
a	101	103	0	1	-6994
a	101	103	0	1	-6074
a	101	103	0	1	-5330
a	101	103	0	1	-4716
a	101	103	0	1	-4200
a	101	103	0	1	-3760
a	101	103	0	1	-3382
a	101	103	0	1	-3052
a	101	103	0	1	-2762
a	101	103	0	1	-2505
a	101	103	0	1	-2277
a	101	103	0	1	-2071
a	101	103	0	1	-1886
a	101	103	0	1	-1718
a	101	103	0	1	-1565
a	101	103	0	1	-1425
a	101	103	0	1	-1296
a	101	103	0	1	-1177
a	101	103	0	1	-1068
a	101	103	0	1	-966
a	101	103	0	1	-872
a	102	100	0	1	-69910
a	102	100	0	1	-20529
a	102	100	0	1	-11715
a	102	100	0	1	-8107
a	102	100	0	1	-6129
a	102	100	0	1	-4878
a	102	100	0	1	-4015
a	102	100	0	1	-3384
a	102	100	0	1	-2901
a	102	100	0	1	-2521
a	102	100	0	1	-2213
a	102	100	0	1	-1958
a	102	100	0	1	-1745
a	102	100	0	1	-1563
a	102	100	0	1	-1406
a	102	100	0	1	-1270
a	102	100	0	1	-1150
a	102	100	0	1	-1044
a	102	100	0	1	-949
a	102	100	0	1	-864
a	102	100	0	1	-787
a	102	100	0	1	-718
a	102	100	0	1	-654
a	102	100	0	1	-596
a	102	100	0	1	-543
a	102	100	0	1	-494
a	102	100	0	1	-449
a	102	100	0	1	-407
a	102	100	0	1	-368
a	102	100	0	1	-331
a	102	100	0	1	-297
a	102	100	0	1	-265
a	102	100	0	1	-235
a	102	100	0	1	-207
a	102	100	0	1	-181
a	102	100	0	1	-156
a	102	100	0	1	-132
a	102	4	0	0	0
a	102	4	0	0	0
a	102	4	0	0	0
a	102	4	0	0	0
a	103	105	0	1	-630268
a	103	105	0	1	-186028
a	103	105	0	1	-106713
a	103	105	0	1	-74239
a	103	105	0	1	-56446
a	103	105	0	1	-45191
a	103	105	0	1	-37424
a	103	105	0	1	-31739
a	103	105	0	1	-27397
a	103	105	0	1	-23972
a	103	105	0	1	-21201
a	103	105	0	1	-18913
a	103	105	0	1	-16992
a	103	105	0	1	-15356
a	103	105	0	1	-13945
a	103	105	0	1	-12717
a	103	105	0	1	-11638
a	103	105	0	1	-10682
a	103	105	0	1	-9830
a	103	105	0	1	-9065
a	103	105	0	1	-8375
a	103	105	0	1	-7749
a	103	105	0	1	-7179
a	103	105	0	1	-6657
a	103	105	0	1	-6178
a	103	105	0	1	-5737
a	103	105	0	1	-5329
a	103	105	0	1	-4950
a	103	105	0	1	-4598
a	103	105	0	1	-4270
a	103	105	0	1	-3964
a	103	105	0	1	-3677
a	103	105	0	1	-3407
a	103	105	0	1	-3154
a	103	105	0	1	-2916
a	103	5	0	1	0
a	103	5	0	1	0
a	103	5	0	1	0
a	103	5	0	1	0
a	104	66	0	1	-361
a	104	66	0	1	-95
a	104	66	0	1	-48
a	104	66	0	1	-29
a	104	4	0	0	0
a	104	4	0	0	0
a	104	4	0	0	0
a	104	4	0	0	0
a	104	102	0	1	-168925
a	104	102	0	1	-49593
a	104	102	0	1	-28293
a	104	102	0	1	-19573
a	104	102	0	1	-14795
a	104	102	0	1	-11772
a	104	102	0	1	-9687
a	104	102	0	1	-8160
a	104	102	0	1	-6994
a	104	102	0	1	-6074
a	104	102	0	1	-5330
a	104	102	0	1	-4716
a	104	102	0	1	-4200
a	104	102	0	1	-3760
a	104	102	0	1	-3382
a	104	102	0	1	-3052
a	104	102	0	1	-2762
a	104	102	0	1	-2505
a	104	102	0	1	-2277
a	104	102	0	1	-2071
a	104	102	0	1	-1886
a	104	102	0	1	-1718
a	104	102	0	1	-1565
a	104	102	0	1	-1425
a	104	102	0	1	-1296
a	104	102	0	1	-1177
a	104	102	0	1	-1068
a	104	102	0	1	-966
a	104	102	0	1	-872
a	104	102	0	1	-784
a	104	102	0	1	-701
a	104	102	0	1	-624
a	104	102	0	1	-552
a	104	102	0	1	-484
a	104	102	0	1	-420
a	104	102	0	1	-359
a	104	102	0	1	-302
a	105	107	0	1	-1362
a	105	107	0	1	-400
a	105	107	0	1	-229
a	105	107	0	1	-158
a	105	107	0	1	-120
a	105	107	0	1	-95
a	105	107	0	1	-79
a	105	107	0	1	-66
a	105	107	0	1	-57
a	105	107	0	1	-49
a	105	107	0	1	-43
a	105	107	0	1	-38
a	105	107	0	1	-34
a	105	107	0	1	-31
a	105	107	0	1	-28
a	105	107	0	1	-25
a	105	107	0	1	-23
a	105	107	0	1	-21
a	105	107	0	1	-19
a	105	107	0	1	-17
a	105	107	0	1	-16
a	105	107	0	1	-14
a	105	107	0	1	-13
a	105	107	0	1	-12
a	105	107	0	1	-11
a	105	107	0	1	-10
a	105	107	0	1	-9
a	105	107	0	1	-8
a	105	107	0	1	-7
a	105	107	0	1	-7
a	105	107	0	1	-6
a	105	107	0	1	-5
a	105	107	0	1	-5
a	105	107	0	1	-4
a	105	107	0	1	-4
a	106	104	0	1	-630268
a	106	104	0	1	-186028
a	106	104	0	1	-106713
a	106	104	0	1	-74239
a	106	104	0	1	-56446
a	106	104	0	1	-45191
a	106	104	0	1	-37424
a	106	104	0	1	-31739
a	106	104	0	1	-27397
a	106	104	0	1	-23972
a	106	104	0	1	-21201
a	106	104	0	1	-18913
a	106	104	0	1	-16992
a	106	104	0	1	-15356
a	106	104	0	1	-13945
a	106	104	0	1	-12717
a	106	104	0	1	-11638
a	106	104	0	1	-10682
a	106	104	0	1	-9830
a	106	104	0	1	-9065
a	106	104	0	1	-8375
a	106	104	0	1	-7749
a	106	104	0	1	-7179
a	106	104	0	1	-6657
a	106	104	0	1	-6178
a	106	104	0	1	-5737
a	106	104	0	1	-5329
a	106	104	0	1	-4950
a	106	104	0	1	-4598
a	106	104	0	1	-4270
a	106	104	0	1	-3964
a	106	104	0	1	-3677
a	106	104	0	1	-3407
a	106	104	0	1	-3154
a	106	104	0	1	-2916
a	106	104	0	1	-2690
a	106	104	0	1	-2478
a	106	104	0	1	-2276
a	106	104	0	1	-2085
a	106	104	0	1	-1904
a	106	104	0	1	-1731
a	106	4	0	0	0
a	106	4	0	0	0
a	106	4	0	0	0
a	106	4	0	0	0
a	107	5	0	1	0
a	107	5	0	1	0
a	107	5	0	1	0
a	107	5	0	1	0
a	107	109	0	1	-1725
a	107	109	0	1	-483
a	107	109	0	1	-261
a	107	109	0	1	-171
a	107	109	0	1	-121
a	107	109	0	1	-90
a	107	109	0	1	-68
a	107	109	0	1	-52
a	107	109	0	1	-40
a	107	109	0	1	-31
a	107	109	0	1	-23
a	107	109	0	1	-16
a	107	109	0	1	-11
a	107	109	0	1	-6
a	107	109	0	1	-3
a	107	109	0	1	0
a	107	109	0	1	3
a	107	109	0	1	6
a	107	109	0	1	8
a	107	109	0	1	10
a	107	109	0	1	12
a	107	109	0	1	14
a	107	109	0	1	15
a	107	109	0	1	17
a	107	109	0	1	18
a	107	109	0	1	19
a	107	109	0	1	20
a	107	109	0	1	22
a	107	109	0	1	23
a	107	109	0	1	23
a	107	109	0	1	24
a	107	109	0	1	25
a	107	109	0	1	26
a	107	109	0	1	27
a	107	109	0	1	27
a	108	106	0	1	-1362
a	108	106	0	1	-400
a	108	106	0	1	-229
a	108	106	0	1	-158
a	108	106	0	1	-120
a	108	106	0	1	-95
a	108	106	0	1	-79
a	108	106	0	1	-66
a	108	106	0	1	-57
a	108	106	0	1	-49
a	108	106	0	1	-43
a	108	106	0	1	-38
a	108	106	0	1	-34
a	108	106	0	1	-31
a	108	106	0	1	-28
a	108	106	0	1	-25
a	108	106	0	1	-23
a	108	106	0	1	-21
a	108	106	0	1	-19
a	108	106	0	1	-17
a	108	106	0	1	-16
a	108	106	0	1	-14
a	108	106	0	1	-13
a	108	106	0	1	-12
a	108	106	0	1	-11
a	108	106	0	1	-10
a	108	106	0	1	-9
a	108	106	0	1	-8
a	108	106	0	1	-7
a	108	106	0	1	-7
a	108	106	0	1	-6
a	108	106	0	1	-5
a	108	106	0	1	-5
a	108	106	0	1	-4
a	108	106	0	1	-4
a	108	106	0	1	-3
a	108	106	0	1	-3
a	108	106	0	1	-2
a	108	106	0	1	-2
a	108	106	0	1	-2
a	108	106	0	1	-1
a	108	4	0	0	0
a	108	4	0	0	0
a	108	4	0	0	0
a	108	4	0	0	0
a	109	5	0	1	0
a	109	5	0	1	0
a	109	5	0	1	0
a	109	5	0	1	0
a	109	111	0	1	-1700
a	109	111	0	1	-501
a	109	111	0	1	-287
a	109	111	0	1	-200
a	109	111	0	1	-152
a	109	111	0	1	-121
a	109	111	0	1	-100
a	109	111	0	1	-85
a	109	111	0	1	-73
a	109	111	0	1	-64
a	109	111	0	1	-56
a	109	111	0	1	-50
a	109	111	0	1	-45
a	109	111	0	1	-41
a	109	111	0	1	-37
a	109	111	0	1	-34
a	109	111	0	1	-31
a	109	111	0	1	-28
a	109	111	0	1	-26
a	109	111	0	1	-24
a	109	111	0	1	-22
a	109	111	0	1	-20
a	109	111	0	1	-19
a	109	111	0	1	-17
a	109	111	0	1	-16
a	109	111	0	1	-15
a	109	111	0	1	-14
a	109	111	0	1	-13
a	109	111	0	1	-12
a	109	111	0	1	-11
a	109	111	0	1	-10
a	109	111	0	1	-9
a	109	111	0	1	-8
a	109	111	0	1	-8
a	109	111	0	1	-7
a	109	111	0	1	-6
a	110	108	0	1	-1725
a	110	108	0	1	-483
a	110	108	0	1	-261
a	110	108	0	1	-171
a	110	108	0	1	-121
a	110	108	0	1	-90
a	110	108	0	1	-68
a	110	108	0	1	-52
a	110	108	0	1	-40
a	110	108	0	1	-31
a	110	108	0	1	-23
a	110	108	0	1	-16
a	110	108	0	1	-11
a	110	108	0	1	-6
a	110	108	0	1	-3
a	110	108	0	1	0
a	110	108	0	1	3
a	110	108	0	1	6
a	110	108	0	1	8
a	110	108	0	1	10
a	110	108	0	1	12
a	110	108	0	1	14
a	110	108	0	1	15
a	110	108	0	1	17
a	110	108	0	1	18
a	110	108	0	1	19
a	110	108	0	1	20
a	110	108	0	1	22
a	110	108	0	1	23
a	110	108	0	1	23
a	110	108	0	1	24
a	110	108	0	1	25
a	110	108	0	1	26
a	110	108	0	1	27
a	110	108	0	1	27
a	110	108	0	1	28
a	110	108	0	1	28
a	110	108	0	1	29
a	110	108	0	1	30
a	110	108	0	1	30
a	110	108	0	1	31
a	110	4	0	0	0
a	110	4	0	0	0
a	110	4	0	0	0
a	110	4	0	0	0
a	111	113	0	1	-175020
a	111	113	0	1	-51551
a	111	113	0	1	-29509
a	111	113	0	1	-20484
a	111	113	0	1	-15540
a	111	113	0	1	-12412
a	111	113	0	1	-10253
a	111	113	0	1	-8674
a	111	113	0	1	-7467
a	111	113	0	1	-6515
a	111	113	0	1	-5745
a	111	113	0	1	-5109
a	111	113	0	1	-4575
a	111	113	0	1	-4121
a	111	113	0	1	-3729
a	111	113	0	1	-3387
a	111	113	0	1	-3087
a	111	113	0	1	-2822
a	111	113	0	1	-2585
a	111	113	0	1	-2373
a	111	113	0	1	-2181
a	111	113	0	1	-2007
a	111	113	0	1	-1848
a	111	113	0	1	-1703
a	111	113	0	1	-1570
a	111	113	0	1	-1448
a	111	113	0	1	-1334
a	111	113	0	1	-1229
a	111	113	0	1	-1131
a	111	113	0	1	-1040
a	111	113	0	1	-955
a	111	113	0	1	-875
a	111	113	0	1	-800
a	111	113	0	1	-730
a	111	113	0	1	-663
a	111	113	0	1	-601
a	111	5	0	1	0
a	111	5	0	1	0
a	111	5	0	1	0
a	111	5	0	1	0
a	112	4	0	0	0
a	112	4	0	0	0
a	112	4	0	0	0
a	112	4	0	0	0
a	112	110	0	1	-1700
a	112	110	0	1	-501
a	112	110	0	1	-287
a	112	110	0	1	-200
a	112	110	0	1	-152
a	112	110	0	1	-121
a	112	110	0	1	-100
a	112	110	0	1	-85
a	112	110	0	1	-73
a	112	110	0	1	-64
a	112	110	0	1	-56
a	112	110	0	1	-50
a	112	110	0	1	-45
a	112	110	0	1	-41
a	112	110	0	1	-37
a	112	110	0	1	-34
a	112	110	0	1	-31
a	112	110	0	1	-28
a	112	110	0	1	-26
a	112	110	0	1	-24
a	112	110	0	1	-22
a	112	110	0	1	-20
a	112	110	0	1	-19
a	112	110	0	1	-17
a	112	110	0	1	-16
a	112	110	0	1	-15
a	112	110	0	1	-14
a	112	110	0	1	-13
a	112	110	0	1	-12
a	112	110	0	1	-11
a	112	110	0	1	-10
a	112	110	0	1	-9
a	112	110	0	1	-8
a	112	110	0	1	-8
a	112	110	0	1	-7
a	112	110	0	1	-6
a	112	110	0	1	-6
a	112	110	0	1	-5
a	112	110	0	1	-5
a	112	110	0	1	-4
a	112	110	0	1	-4
a	113	115	0	1	-4422
a	113	115	0	1	-1293
a	113	115	0	1	-735
a	113	115	0	1	-506
a	113	115	0	1	-381
a	113	115	0	1	-301
a	113	115	0	1	-247
a	113	115	0	1	-207
a	113	115	0	1	-176
a	113	115	0	1	-152
a	113	115	0	1	-132
a	113	115	0	1	-116
a	113	115	0	1	-103
a	113	115	0	1	-91
a	113	115	0	1	-81
a	113	115	0	1	-73
a	113	115	0	1	-65
a	113	115	0	1	-58
a	113	115	0	1	-52
a	113	115	0	1	-47
a	113	115	0	1	-42
a	113	115	0	1	-38
a	113	115	0	1	-34
a	113	115	0	1	-30
a	113	115	0	1	-27
a	113	115	0	1	-24
a	113	115	0	1	-21
a	113	115	0	1	-18
a	113	115	0	1	-16
a	113	115	0	1	-13
a	113	115	0	1	-11
a	113	115	0	1	-9
a	113	115	0	1	-7
a	113	115	0	1	-5
a	113	115	0	1	-4
a	113	5	0	1	0
a	113	5	0	1	0
a	113	5	0	1	0
a	113	5	0	1	0
a	113	87	0	1	-281
a	114	112	0	1	-175020
a	114	112	0	1	-51551
a	114	112	0	1	-29509
a	114	112	0	1	-20484
a	114	112	0	1	-15540
a	114	112	0	1	-12412
a	114	112	0	1	-10253
a	114	112	0	1	-8674
a	114	112	0	1	-7467
a	114	112	0	1	-6515
a	114	112	0	1	-5745
a	114	112	0	1	-5109
a	114	112	0	1	-4575
a	114	112	0	1	-4121
a	114	112	0	1	-3729
a	114	112	0	1	-3387
a	114	112	0	1	-3087
a	114	112	0	1	-2822
a	114	112	0	1	-2585
a	114	112	0	1	-2373
a	114	112	0	1	-2181
a	114	112	0	1	-2007
a	114	112	0	1	-1848
a	114	112	0	1	-1703
a	114	112	0	1	-1570
a	114	112	0	1	-1448
a	114	112	0	1	-1334
a	114	112	0	1	-1229
a	114	112	0	1	-1131
a	114	112	0	1	-1040
a	114	112	0	1	-955
a	114	112	0	1	-875
a	114	112	0	1	-800
a	114	112	0	1	-730
a	114	112	0	1	-663
a	114	112	0	1	-601
a	114	112	0	1	-542
a	114	112	0	1	-486
a	114	112	0	1	-433
a	114	112	0	1	-382
a	114	112	0	1	-334
a	114	4	0	0	0
a	114	4	0	0	0
a	114	4	0	0	0
a	114	4	0	0	0
a	115	5	0	1	0
a	115	5	0	1	0
a	115	5	0	1	0
a	115	5	0	1	0
a	115	117	0	1	-1386448
a	115	117	0	1	-408257
a	115	117	0	1	-233632
a	115	117	0	1	-162137
a	115	117	0	1	-122961
a	115	117	0	1	-98182
a	115	117	0	1	-81082
a	115	117	0	1	-68566
a	115	117	0	1	-59007
a	115	117	0	1	-51466
a	115	117	0	1	-45366
a	115	117	0	1	-40328
a	115	117	0	1	-36098
a	115	117	0	1	-32496
a	115	117	0	1	-29391
a	115	117	0	1	-26687
a	115	117	0	1	-24311
a	115	117	0	1	-22207
a	115	117	0	1	-20331
a	115	117	0	1	-18647
a	115	117	0	1	-17128
a	115	117	0	1	-15750
a	115	117	0	1	-14494
a	115	117	0	1	-13346
a	115	117	0	1	-12291
a	115	117	0	1	-11319
a	115	117	0	1	-10420
a	115	117	0	1	-9587
a	115	117	0	1	-8812
a	115	117	0	1	-8090
a	115	117	0	1	-7415
a	115	117	0	1	-6783
a	115	117	0	1	-6190
a	115	117	0	1	-5632
a	115	117	0	1	-5107
a	115	117	0	1	-4611
a	115	117	0	1	-4143
a	115	117	0	1	-3699
a	115	117	0	1	-3279
a	116	114	0	1	-4422
a	116	114	0	1	-1293
a	116	114	0	1	-735
a	116	114	0	1	-506
a	116	114	0	1	-381
a	116	114	0	1	-301
a	116	114	0	1	-247
a	116	114	0	1	-207
a	116	114	0	1	-176
a	116	114	0	1	-152
a	116	114	0	1	-132
a	116	114	0	1	-116
a	116	114	0	1	-103
a	116	114	0	1	-91
a	116	114	0	1	-81
a	116	114	0	1	-73
a	116	114	0	1	-65
a	116	114	0	1	-58
a	116	114	0	1	-52
a	116	114	0	1	-47
a	116	114	0	1	-42
a	116	114	0	1	-38
a	116	114	0	1	-34
a	116	114	0	1	-30
a	116	114	0	1	-27
a	116	114	0	1	-24
a	116	114	0	1	-21
a	116	114	0	1	-18
a	116	114	0	1	-16
a	116	114	0	1	-13
a	116	114	0	1	-11
a	116	114	0	1	-9
a	116	114	0	1	-7
a	116	4	0	0	0
a	116	4	0	0	0
a	116	4	0	0	0
a	116	4	0	0	0
a	117	41	0	1	-293
a	117	41	0	1	-78
a	117	41	0	1	-39
a	117	41	0	1	-24
a	117	41	0	1	-15
a	117	41	0	1	-10
a	117	41	0	1	-6
a	117	41	0	1	-3
a	117	41	0	1	-1
a	117	41	0	1	0
a	117	41	0	1	1
a	117	5	0	1	0
a	117	5	0	1	0
a	117	5	0	1	0
a	117	5	0	1	0
a	117	119	0	1	-38599
a	117	119	0	1	-11198
a	117	119	0	1	-6311
a	117	119	0	1	-4310
a	117	119	0	1	-3213
a	117	119	0	1	-2520
a	117	119	0	1	-2041
a	117	119	0	1	-1691
a	117	119	0	1	-1424
a	117	119	0	1	-1212
a	117	119	0	1	-1042
a	117	119	0	1	-901
a	117	119	0	1	-782
a	117	119	0	1	-682
a	117	119	0	1	-595
a	117	119	0	1	-519
a	117	119	0	1	-452
a	117	119	0	1	-394
a	117	119	0	1	-341
a	117	119	0	1	-294
a	117	119	0	1	-251
a	117	119	0	1	-213
a	117	119	0	1	-178
a	117	119	0	1	-146
a	117	119	0	1	-116
a	117	119	0	1	-89
a	117	119	0	1	-64
a	117	119	0	1	-40
a	118	116	0	1	-1386448
a	118	116	0	1	-408257
a	118	116	0	1	-233632
a	118	116	0	1	-162137
a	118	116	0	1	-122961
a	118	116	0	1	-98182
a	118	116	0	1	-81082
a	118	116	0	1	-68566
a	118	116	0	1	-59007
a	118	116	0	1	-51466
a	118	116	0	1	-45366
a	118	116	0	1	-40328
a	118	116	0	1	-36098
a	118	116	0	1	-32496
a	118	116	0	1	-29391
a	118	116	0	1	-26687
a	118	116	0	1	-24311
a	118	116	0	1	-22207
a	118	116	0	1	-20331
a	118	116	0	1	-18647
a	118	116	0	1	-17128
a	118	116	0	1	-15750
a	118	116	0	1	-14494
a	118	116	0	1	-13346
a	118	116	0	1	-12291
a	118	116	0	1	-11319
a	118	116	0	1	-10420
a	118	116	0	1	-9587
a	118	116	0	1	-8812
a	118	116	0	1	-8090
a	118	116	0	1	-7415
a	118	116	0	1	-6783
a	118	116	0	1	-6190
a	118	4	0	0	0
a	118	4	0	0	0
a	118	4	0	0	0
a	118	4	0	0	0
a	119	91	0	1	-738
a	119	91	0	1	-214
a	119	91	0	1	-120
a	119	91	0	1	-82
a	119	91	0	1	-61
a	119	91	0	1	-48
a	119	91	0	1	-39
a	119	91	0	1	-32
a	119	91	0	1	-27
a	119	91	0	1	-23
a	119	91	0	1	-19
a	119	91	0	1	-17
a	119	91	0	1	-15
a	119	91	0	1	-13
a	119	91	0	1	-11
a	119	91	0	1	-9
a	119	91	0	1	-8
a	119	91	0	1	-7
a	119	91	0	1	-6
a	119	91	0	1	-5
a	119	91	0	1	-4
a	119	91	0	1	-4
a	119	91	0	1	-3
a	119	91	0	1	-2
a	119	91	0	1	-2
a	119	91	0	1	-1
a	119	91	0	1	-1
a	119	91	0	1	0
a	120	118	0	1	-38599
a	120	118	0	1	-11198
a	120	118	0	1	-6311
a	120	118	0	1	-4310
a	120	118	0	1	-3213
a	120	118	0	1	-2520
a	120	118	0	1	-2041
a	120	118	0	1	-1691
a	120	118	0	1	-1424
a	120	118	0	1	-1212
a	120	118	0	1	-1042
a	120	118	0	1	-901
a	120	118	0	1	-782
a	120	118	0	1	-682
a	120	118	0	1	-595
a	120	118	0	1	-519
a	120	118	0	1	-452
a	120	118	0	1	-394
a	120	118	0	1	-341
a	120	118	0	1	-294
a	120	118	0	1	-251
a	3	109	1	1	0
