Original cost:  -118229296
67 cost: -118229296 cost+uc-param -118229296 uc 46781914 -118229296
0
[3]
35 cost: -118229296 cost+uc-param -118229296 uc 46781914 -118229296
1
[3]
17 cost: -118229296 cost+uc-param -118229296 uc 46781914 -118229296
0
[3]
35 cost: -118227678 cost+uc-param -118229296 uc 46780296 -118229296
1
[3, 17, 19, 21, 5, 1, 3]
67 cost: -118227678 cost+uc-param -118229296 uc 46780296 -118229296
0
[3, 17, 19, 21, 5, 1, 3]
69 cost: -118227100 cost+uc-param -118229296 uc 46779718 -118229296
29
[3, 17, 19, 21, 5, 1, 3, 67]
71 cost: -118226721 cost+uc-param -118229296 uc 46779339 -118229296
29
[3, 17, 19, 21, 5, 1, 3, 67, 69]
35 cost: -118194868 cost+uc-param -118229296 uc 46747486 -118229296
1
[68, 95, 97, 99, 101, 103, 105, 5, 1, 3]
98 cost: -118194868 cost+uc-param -118229296 uc 46747486 -118229296
13
[95, 97, 99, 101, 103, 105, 5, 1, 3, 35]
96 cost: -118194678 cost+uc-param -118229296 uc 46747296 -118229296
53
[97, 99, 101, 103, 105, 5, 1, 3, 35, 98]
35 cost: -118185398 cost+uc-param -118229296 uc 46738016 -118229296
0
[105, 107, 109, 111, 113, 87, 89, 5, 1, 3]
98 cost: -118185398 cost+uc-param -118229296 uc 46738016 -118229296
12
[107, 109, 111, 113, 87, 89, 5, 1, 3, 35]
96 cost: -118185063 cost+uc-param -118229296 uc 46737681 -118229296
52
[109, 111, 113, 87, 89, 5, 1, 3, 35, 98]
DONE! 4 0 -118229296 -118160537 46713155 182
DONE! 4 0 -118229296 -118041327 46593945 343
DONE! 4 0 -118229296 -118036797 46589415 358
DONE! 4 0 -118229296 -117845546 46398164 464
DONE! 4 0 -118229296 -117814142 46366760 485
DONE! 4 0 -118229296 -117807640 46360258 500
DONE! 4 0 -118229296 -117666281 46218899 583
DONE! 4 0 -118229296 -117572320 46124938 626
DONE! 4 0 -118229296 -117156466 45709084 784
DONE! 4 0 -118229296 -116967078 45519696 840
DONE! 4 0 -118229296 -116745783 45298401 907
DONE! 4 0 -118229296 -116227123 44779741 1056
DONE! 4 0 -118229296 -115918354 44470972 1112
DONE! 4 0 -118229296 -115399375 43951993 1200
DONE! 4 0 -118229296 -111571244 40123862 1508
DONE! 4 0 -118229296 -99001836 27554454 2187
DONE! 4 0 -118229296 -77253137 5805755 2847
DONE! 4 0 -118229296 -66896727 -4550655 2926
DONE! 4 0 -118229296 -66844502 -4602880 2941
DONE! 4 0 -118229296 -46289334 -25158048 3002
DONE! 4 0 -118229296 -45933070 -25514312 3067
DONE! 4 0 -118229296 -45777558 -25669824 3087
DONE! 4 0 -118229296 -45151812 -26295570 3147
DONE! 4 0 -118229296 -44924994 -26522388 3162
DONE! 4 0 -118229296 -44305191 -27142191 3192
DONE! 4 0 -118229296 -43193402 -28253980 3222
DONE! 4 0 -118229296 -42044806 -29402576 3237
DONE! 4 0 -118229296 -38140105 -33307277 3252
DONE! 4 0 -118229296 -43850011 -27597371 3207
DONE! 4 0 -118229296 -44650000 -26797382 3177
DONE! 4 0 -118229296 -45343368 -26104014 3132
DONE! 4 0 -118229296 -45507992 -25939390 3117
DONE! 4 0 -118229296 -45651369 -25796013 3102
DONE! 4 0 -118229296 -45826310 -25621072 3082
DONE! 4 0 -118229296 -45706356 -25741026 3097
DONE! 4 0 -118229296 -45415240 -26032142 3127
DONE! 4 0 -118229296 -45024188 -26423194 3157
DONE! 4 0 -118229296 -44770360 -26677022 3172
DONE! 4 0 -118229296 -43850011 -27597371 3207
DONE! 4 0 -118229296 -43193402 -28253980 3222
DONE! 4 0 -118229296 -38140105 -33307277 3252
DONE! 4 0 -118229296 -42044806 -29402576 3237
DONE! 4 0 -118229296 -44305191 -27142191 3192
DONE! 4 0 -118229296 -44049530 -27397852 3202
DONE! 4 0 -118229296 -43193402 -28253980 3222
DONE! 4 0 -118229296 -38140105 -33307277 3252
DONE! 4 0 -118229296 -42044806 -29402576 3237
DONE! 4 0 -118229296 -43481413 -27965969 3217
DONE! 4 0 -118229296 -42548958 -28898424 3232
DONE! 4 0 -118229296 -38140105 -33307277 3252
DONE! 4 0 -118229296 -39855153 -31592229 3247
DONE! 4 0 -118229296 -42044806 -29402576 3237
DONE! 4 0 -118229296 -38140105 -33307277 3252
DONE! 4 0 -118229296 -42044806 -29402576 3237
DONE! 4 0 -118229296 -38140105 -33307277 3252
DONE! 4 0 -118229296 -43193402 -28253980 3222
DONE! 4 0 -118229296 -43850011 -27597371 3207
DONE! 4 0 -118229296 -44456220 -26991162 3187
DONE! 4 0 -118229296 -38140105 -33307277 3252
DONE! 4 0 -118229296 -42044806 -29402576 3237
DONE! 4 0 -118229296 -43193402 -28253980 3222
DONE! 4 0 -118229296 -43850011 -27597371 3207
DONE! 4 0 -118229296 -44305191 -27142191 3192
DONE! 4 0 -118229296 -44650000 -26797382 3177
DONE! 4 0 -118229296 -43850011 -27597371 3207
DONE! 4 0 -118229296 -43193402 -28253980 3222
DONE! 4 0 -118229296 -38140105 -33307277 3252
DONE! 4 0 -118229296 -42044806 -29402576 3237
DONE! 4 0 -118229296 -44305191 -27142191 3192
DONE! 4 0 -118229296 -44650000 -26797382 3177
DONE! 4 0 -118229296 -44924994 -26522388 3162
DONE! 4 0 -118229296 -45235515 -26211867 3142
DONE! 4 0 -118229296 -44650000 -26797382 3177
DONE! 4 0 -118229296 -44305191 -27142191 3192
DONE! 4 0 -118229296 -43850011 -27597371 3207
DONE! 4 0 -118229296 -38140105 -33307277 3252
DONE! 4 0 -118229296 -42044806 -29402576 3237
DONE! 4 0 -118229296 -43193402 -28253980 3222
DONE! 4 0 -118229296 -44924994 -26522388 3162
DONE! 4 0 -118229296 -45151812 -26295570 3147
DONE! 4 0 -118229296 -44650000 -26797382 3177
DONE! 4 0 -118229296 -44305191 -27142191 3192
DONE! 4 0 -118229296 -43850011 -27597371 3207
DONE! 4 0 -118229296 -43193402 -28253980 3222
DONE! 4 0 -118229296 -42044806 -29402576 3237
DONE! 4 0 -118229296 -38140105 -33307277 3252
DONE! 4 0 -118229296 -44924994 -26522388 3162
DONE! 4 0 -118229296 -45151812 -26295570 3147
DONE! 4 0 -118229296 -45343368 -26104014 3132
DONE! 4 0 -118229296 -45570529 -25876853 3112
DONE! 4 0 -118229296 -45507992 -25939390 3117
DONE! 4 0 -118229296 -45151812 -26295570 3147
DONE! 4 0 -118229296 -44305191 -27142191 3192
DONE! 4 0 -118229296 -43850011 -27597371 3207
DONE! 4 0 -118229296 -38140105 -33307277 3252
DONE! 4 0 -118229296 -42044806 -29402576 3237
DONE! 4 0 -118229296 -43193402 -28253980 3222
DONE! 4 0 -118229296 -44650000 -26797382 3177
DONE! 4 0 -118229296 -44924994 -26522388 3162
DONE! 4 0 -118229296 -45343368 -26104014 3132
DONE! 4 0 -118229296 -45651369 -25796013 3102
DONE! 4 0 -118229296 -45507992 -25939390 3117
DONE! 4 0 -118229296 -45343368 -26104014 3132
DONE! 4 0 -118229296 -45151812 -26295570 3147
DONE! 4 0 -118229296 -44924994 -26522388 3162
DONE! 4 0 -118229296 -43193402 -28253980 3222
DONE! 4 0 -118229296 -42044806 -29402576 3237
DONE! 4 0 -118229296 -38140105 -33307277 3252
DONE! 4 0 -118229296 -43850011 -27597371 3207
DONE! 4 0 -118229296 -44305191 -27142191 3192
DONE! 4 0 -118229296 -44650000 -26797382 3177
DONE! 4 0 -118229296 -45777558 -25669824 3087
DONE! 4 0 -118229296 -45651369 -25796013 3102
DONE! 4 0 -118229296 -45343368 -26104014 3132
DONE! 4 0 -118229296 -44924994 -26522388 3162
DONE! 4 0 -118229296 -44650000 -26797382 3177
DONE! 4 0 -118229296 -44305191 -27142191 3192
DONE! 4 0 -118229296 -43850011 -27597371 3207
DONE! 4 0 -118229296 -43193402 -28253980 3222
DONE! 4 0 -118229296 -42044806 -29402576 3237
DONE! 4 0 -118229296 -38140105 -33307277 3252
DONE! 4 0 -118229296 -45151812 -26295570 3147
DONE! 4 0 -118229296 -45507992 -25939390 3117
DONE! 4 0 -118229296 -45889554 -25557828 3072
DONE! 4 0 -118229296 -46028693 -25418689 3052
DONE! 4 0 -118229296 -45989635 -25457747 3057
DONE! 4 0 -118229296 -45151812 -26295570 3147
DONE! 4 0 -118229296 -44924994 -26522388 3162
DONE! 4 0 -118229296 -44650000 -26797382 3177
DONE! 4 0 -118229296 -38140105 -33307277 3252
DONE! 4 0 -118229296 -42044806 -29402576 3237
DONE! 4 0 -118229296 -43193402 -28253980 3222
DONE! 4 0 -118229296 -43850011 -27597371 3207
DONE! 4 0 -118229296 -44305191 -27142191 3192
DONE! 4 0 -118229296 -45343368 -26104014 3132
DONE! 4 0 -118229296 -45507992 -25939390 3117
DONE! 4 0 -118229296 -45651369 -25796013 3102
DONE! 4 0 -118229296 -45777558 -25669824 3087
DONE! 4 0 -118229296 -45889554 -25557828 3072
DONE! 4 0 -118229296 -46114781 -25332601 3037
DONE! 4 0 -118229296 -45989635 -25457747 3057
DONE! 4 0 -118229296 -45889554 -25557828 3072
DONE! 4 0 -118229296 -45343368 -26104014 3132
DONE! 4 0 -118229296 -45151812 -26295570 3147
DONE! 4 0 -118229296 -44924994 -26522388 3162
DONE! 4 0 -118229296 -44650000 -26797382 3177
DONE! 4 0 -118229296 -44305191 -27142191 3192
DONE! 4 0 -118229296 -43193402 -28253980 3222
DONE! 4 0 -118229296 -38140105 -33307277 3252
DONE! 4 0 -118229296 -42044806 -29402576 3237
DONE! 4 0 -118229296 -43850011 -27597371 3207
DONE! 4 0 -118229296 -45507992 -25939390 3117
DONE! 4 0 -118229296 -45651369 -25796013 3102
DONE! 4 0 -118229296 -45777558 -25669824 3087
DONE! 4 0 -118229296 -46079567 -25367815 3042
DONE! 4 0 -118229296 -46063676 -25383706 3047
DONE! 4 0 -118229296 -45889554 -25557828 3072
DONE! 4 0 -118229296 -45151812 -26295570 3147
DONE! 4 0 -118229296 -44650000 -26797382 3177
DONE! 4 0 -118229296 -43850011 -27597371 3207
DONE! 4 0 -118229296 -43193402 -28253980 3222
DONE! 4 0 -118229296 -38140105 -33307277 3252
DONE! 4 0 -118229296 -42044806 -29402576 3237
DONE! 4 0 -118229296 -44305191 -27142191 3192
DONE! 4 0 -118229296 -44924994 -26522388 3162
DONE! 4 0 -118229296 -45343368 -26104014 3132
DONE! 4 0 -118229296 -45507992 -25939390 3117
DONE! 4 0 -118229296 -45651369 -25796013 3102
DONE! 4 0 -118229296 -45777558 -25669824 3087
DONE! 4 0 -118229296 -45651369 -25796013 3102
DONE! 4 0 -118229296 -45343368 -26104014 3132
DONE! 4 0 -118229296 -44650000 -26797382 3177
DONE! 4 0 -118229296 -43850011 -27597371 3207
DONE! 4 0 -118229296 -43193402 -28253980 3222
DONE! 4 0 -118229296 -42044806 -29402576 3237
DONE! 4 0 -118229296 -38140105 -33307277 3252
DONE! 4 0 -118229296 -44305191 -27142191 3192
DONE! 4 0 -118229296 -44924994 -26522388 3162
DONE! 4 0 -118229296 -45151812 -26295570 3147
DONE! 4 0 -118229296 -45507992 -25939390 3117
DONE! 4 0 -118229296 -45507992 -25939390 3117
DONE! 4 0 -118229296 -44305191 -27142191 3192
DONE! 4 0 -118229296 -43850011 -27597371 3207
DONE! 4 0 -118229296 -42044806 -29402576 3237
DONE! 4 0 -118229296 -38140105 -33307277 3252
DONE! 4 0 -118229296 -43193402 -28253980 3222
DONE! 4 0 -118229296 -44650000 -26797382 3177
DONE! 4 0 -118229296 -44924994 -26522388 3162
DONE! 4 0 -118229296 -45151812 -26295570 3147
DONE! 4 0 -118229296 -45343368 -26104014 3132
DONE! 4 0 -118229296 -44924994 -26522388 3162
DONE! 4 0 -118229296 -44650000 -26797382 3177
DONE! 4 0 -118229296 -44305191 -27142191 3192
DONE! 4 0 -118229296 -43850011 -27597371 3207
DONE! 4 0 -118229296 -43193402 -28253980 3222
DONE! 4 0 -118229296 -38140105 -33307277 3252
DONE! 4 0 -118229296 -42044806 -29402576 3237
DONE! 4 0 -118229296 -45151812 -26295570 3147
DONE! 4 0 -118229296 -45343368 -26104014 3132
DONE! 4 0 -118229296 -45151812 -26295570 3147
DONE! 4 0 -118229296 -44650000 -26797382 3177
DONE! 4 0 -118229296 -44305191 -27142191 3192
DONE! 4 0 -118229296 -43850011 -27597371 3207
DONE! 4 0 -118229296 -42044806 -29402576 3237
DONE! 4 0 -118229296 -38140105 -33307277 3252
DONE! 4 0 -118229296 -43193402 -28253980 3222
DONE! 4 0 -118229296 -44924994 -26522388 3162
DONE! 4 0 -118229296 -45235515 -26211867 3142
DONE! 4 0 -118229296 -44924994 -26522388 3162
DONE! 4 0 -118229296 -43850011 -27597371 3207
DONE! 4 0 -118229296 -42044806 -29402576 3237
DONE! 4 0 -118229296 -38140105 -33307277 3252
DONE! 4 0 -118229296 -43193402 -28253980 3222
DONE! 4 0 -118229296 -44305191 -27142191 3192
DONE! 4 0 -118229296 -44650000 -26797382 3177
DONE! 4 0 -118229296 -45024188 -26423194 3157
DONE! 4 0 -118229296 -43193402 -28253980 3222
DONE! 4 0 -118229296 -38140105 -33307277 3252
DONE! 4 0 -118229296 -42044806 -29402576 3237
DONE! 4 0 -118229296 -43850011 -27597371 3207
DONE! 4 0 -118229296 -44305191 -27142191 3192
DONE! 4 0 -118229296 -43850011 -27597371 3207
DONE! 4 0 -118229296 -42044806 -29402576 3237
DONE! 4 0 -118229296 -38140105 -33307277 3252
DONE! 4 0 -118229296 -43193402 -28253980 3222
DONE! 4 0 -118229296 -44049530 -27397852 3202
DONE! 4 0 -118229296 -43481413 -27965969 3217
DONE! 4 0 -118229296 -39855153 -31592229 3247
DONE! 4 0 -118229296 -38140105 -33307277 3252
DONE! 4 0 -118229296 -42548958 -28898424 3232
DONE! 4 0 -118229296 -42044806 -29402576 3237
DONE! 4 0 -118229296 -38140105 -33307277 3252
DONE! 4 0 -118229296 -43193402 -28253980 3222
DONE! 4 0 -118229296 -42044806 -29402576 3237
DONE! 4 0 -118229296 -38140105 -33307277 3252
DONE! 4 0 -118229296 -44456220 -26991162 3187
DONE! 4 0 -118229296 -44770360 -26677022 3172
DONE! 4 0 -118229296 -44650000 -26797382 3177
DONE! 4 0 -118229296 -38140105 -33307277 3252
DONE! 4 0 -118229296 -42044806 -29402576 3237
DONE! 4 0 -118229296 -43193402 -28253980 3222
DONE! 4 0 -118229296 -43850011 -27597371 3207
DONE! 4 0 -118229296 -44305191 -27142191 3192
DONE! 4 0 -118229296 -45415240 -26032142 3127
DONE! 4 0 -118229296 -45570529 -25876853 3112
DONE! 4 0 -118229296 -45706356 -25741026 3097
DONE! 4 0 -118229296 -45826310 -25621072 3082
DONE! 4 0 -118229296 -45777558 -25669824 3087
DONE! 4 0 -118229296 -45507992 -25939390 3117
DONE! 4 0 -118229296 -45343368 -26104014 3132
DONE! 4 0 -118229296 -44650000 -26797382 3177
DONE! 4 0 -118229296 -44305191 -27142191 3192
DONE! 4 0 -118229296 -43850011 -27597371 3207
DONE! 4 0 -118229296 -43193402 -28253980 3222
DONE! 4 0 -118229296 -38140105 -33307277 3252
DONE! 4 0 -118229296 -42044806 -29402576 3237
DONE! 4 0 -118229296 -44924994 -26522388 3162
DONE! 4 0 -118229296 -45151812 -26295570 3147
DONE! 4 0 -118229296 -45651369 -25796013 3102
DONE! 4 0 -118229296 -45933070 -25514312 3067
DONE! 4 0 -118229296 -45971897 -25475485 3062
DONE! 4 0 -118229296 -45651369 -25796013 3102
DONE! 4 0 -118229296 -45507992 -25939390 3117
DONE! 4 0 -118229296 -45151812 -26295570 3147
DONE! 4 0 -118229296 -44924994 -26522388 3162
DONE! 4 0 -118229296 -43850011 -27597371 3207
DONE! 4 0 -118229296 -43193402 -28253980 3222
DONE! 4 0 -118229296 -42044806 -29402576 3237
DONE! 4 0 -118229296 -38140105 -33307277 3252
DONE! 4 0 -118229296 -44305191 -27142191 3192
DONE! 4 0 -118229296 -44650000 -26797382 3177
DONE! 4 0 -118229296 -45343368 -26104014 3132
DONE! 4 0 -118229296 -45706356 -25741026 3097
DONE! 4 0 -118229296 -45507992 -25939390 3117
DONE! 4 0 -118229296 -45151812 -26295570 3147
DONE! 4 0 -118229296 -44305191 -27142191 3192
DONE! 4 0 -118229296 -43850011 -27597371 3207
DONE! 4 0 -118229296 -38140105 -33307277 3252
DONE! 4 0 -118229296 -42044806 -29402576 3237
DONE! 4 0 -118229296 -43193402 -28253980 3222
DONE! 4 0 -118229296 -44650000 -26797382 3177
DONE! 4 0 -118229296 -44924994 -26522388 3162
DONE! 4 0 -118229296 -45343368 -26104014 3132
DONE! 4 0 -118229296 -45570529 -25876853 3112
DONE! 4 0 -118229296 -45415240 -26032142 3127
DONE! 4 0 -118229296 -45235515 -26211867 3142
DONE! 4 0 -118229296 -44305191 -27142191 3192
DONE! 4 0 -118229296 -43193402 -28253980 3222
DONE! 4 0 -118229296 -38140105 -33307277 3252
DONE! 4 0 -118229296 -42044806 -29402576 3237
DONE! 4 0 -118229296 -43850011 -27597371 3207
DONE! 4 0 -118229296 -44456220 -26991162 3187
DONE! 4 0 -118229296 -44049530 -27397852 3202
DONE! 4 0 -118229296 -38140105 -33307277 3252
DONE! 4 0 -118229296 -42044806 -29402576 3237
DONE! 4 0 -118229296 -43193402 -28253980 3222
DONE! 4 0 -118229296 -42548958 -28898424 3232
DONE! 4 0 -118229296 -39855153 -31592229 3247
DONE! 4 0 -118229296 -38140105 -33307277 3252
DONE! 4 0 -118229296 -38140105 -33307277 3252
DONE! 4 0 -118229296 -42044806 -29402576 3237
DONE! 4 0 -118229296 -43481413 -27965969 3217
DONE! 4 0 -118229296 -43193402 -28253980 3222
DONE! 4 0 -118229296 -38140105 -33307277 3252
DONE! 4 0 -118229296 -42044806 -29402576 3237
DONE! 4 0 -118229296 -43850011 -27597371 3207
DONE! 4 0 -118229296 -44770360 -26677022 3172
DONE! 4 0 -118229296 -43850011 -27597371 3207
DONE! 4 0 -118229296 -43193402 -28253980 3222
DONE! 4 0 -118229296 -42044806 -29402576 3237
DONE! 4 0 -118229296 -38140105 -33307277 3252
DONE! 4 0 -118229296 -44305191 -27142191 3192
DONE! 4 0 -118229296 -44650000 -26797382 3177
DONE! 4 0 -118229296 -45024188 -26423194 3157
DONE! 4 0 -118229296 -44924994 -26522388 3162
DONE! 4 0 -118229296 -44305191 -27142191 3192
DONE! 4 0 -118229296 -43850011 -27597371 3207
DONE! 4 0 -118229296 -38140105 -33307277 3252
DONE! 4 0 -118229296 -42044806 -29402576 3237
DONE! 4 0 -118229296 -43193402 -28253980 3222
DONE! 4 0 -118229296 -44650000 -26797382 3177
DONE! 4 0 -118229296 -45151812 -26295570 3147
DONE! 4 0 -118229296 -44924994 -26522388 3162
DONE! 4 0 -118229296 -43850011 -27597371 3207
DONE! 4 0 -118229296 -42044806 -29402576 3237
DONE! 4 0 -118229296 -38140105 -33307277 3252
DONE! 4 0 -118229296 -43193402 -28253980 3222
DONE! 4 0 -118229296 -44305191 -27142191 3192
DONE! 4 0 -118229296 -44650000 -26797382 3177
DONE! 4 0 -118229296 -45151812 -26295570 3147
DONE! 4 0 -118229296 -44305191 -27142191 3192
DONE! 4 0 -118229296 -43850011 -27597371 3207
DONE! 4 0 -118229296 -38140105 -33307277 3252
DONE! 4 0 -118229296 -42044806 -29402576 3237
DONE! 4 0 -118229296 -43193402 -28253980 3222
DONE! 4 0 -118229296 -44650000 -26797382 3177
DONE! 4 0 -118229296 -44924994 -26522388 3162
DONE! 4 0 -118229296 -45343368 -26104014 3132
DONE! 4 0 -118229296 -45826310 -25621072 3082
DONE! 4 0 -118229296 -45651369 -25796013 3102
DONE! 4 0 -118229296 -45343368 -26104014 3132
DONE! 4 0 -118229296 -44924994 -26522388 3162
DONE! 4 0 -118229296 -44650000 -26797382 3177
DONE! 4 0 -118229296 -43193402 -28253980 3222
DONE! 4 0 -118229296 -38140105 -33307277 3252
DONE! 4 0 -118229296 -42044806 -29402576 3237
DONE! 4 0 -118229296 -43850011 -27597371 3207
DONE! 4 0 -118229296 -44305191 -27142191 3192
DONE! 4 0 -118229296 -45151812 -26295570 3147
DONE! 4 0 -118229296 -45507992 -25939390 3117
DONE! 4 0 -118229296 -45777558 -25669824 3087
DONE! 4 0 -118229296 -45151812 -26295570 3147
DONE! 4 0 -118229296 -44305191 -27142191 3192
DONE! 4 0 -118229296 -43850011 -27597371 3207
DONE! 4 0 -118229296 -43193402 -28253980 3222
DONE! 4 0 -118229296 -38140105 -33307277 3252
DONE! 4 0 -118229296 -42044806 -29402576 3237
DONE! 4 0 -118229296 -44650000 -26797382 3177
DONE! 4 0 -118229296 -44924994 -26522388 3162
DONE! 4 0 -118229296 -44456220 -26991162 3187
DONE! 4 0 -118229296 -44049530 -27397852 3202
DONE! 4 0 -118229296 -38140105 -33307277 3252
DONE! 4 0 -118229296 -39855153 -31592229 3247
DONE! 4 0 -118229296 -42548958 -28898424 3232
DONE! 4 0 -118229296 -42044806 -29402576 3237
DONE! 4 0 -118229296 -38140105 -33307277 3252
DONE! 4 0 -118229296 -43481413 -27965969 3217
DONE! 4 0 -118229296 -42044806 -29402576 3237
DONE! 4 0 -118229296 -38140105 -33307277 3252
DONE! 4 0 -118229296 -43193402 -28253980 3222
DONE! 4 0 -118229296 -43850011 -27597371 3207
DONE! 4 0 -118229296 -43193402 -28253980 3222
DONE! 4 0 -118229296 -42044806 -29402576 3237
DONE! 4 0 -118229296 -38140105 -33307277 3252
DONE! 4 0 -118229296 -38140105 -33307277 3252
DONE! 4 0 -118229296 -42044806 -29402576 3237
DONE! 4 0 -118229296 -43193402 -28253980 3222
DONE! 4 0 -118229296 -43850011 -27597371 3207
DONE! 4 0 -118229296 -44305191 -27142191 3192
DONE! 4 0 -118229296 -44770360 -26677022 3172
DONE! 4 0 -118229296 -44305191 -27142191 3192
DONE! 4 0 -118229296 -43850011 -27597371 3207
DONE! 4 0 -118229296 -43193402 -28253980 3222
DONE! 4 0 -118229296 -42044806 -29402576 3237
DONE! 4 0 -118229296 -38140105 -33307277 3252
DONE! 4 0 -118229296 -44650000 -26797382 3177
DONE! 4 0 -118229296 -45024188 -26423194 3157
DONE! 4 0 -118229296 -44924994 -26522388 3162
DONE! 4 0 -118229296 -44650000 -26797382 3177
DONE! 4 0 -118229296 -44305191 -27142191 3192
DONE! 4 0 -118229296 -43193402 -28253980 3222
DONE! 4 0 -118229296 -42044806 -29402576 3237
DONE! 4 0 -118229296 -38140105 -33307277 3252
DONE! 4 0 -118229296 -43850011 -27597371 3207
DONE! 4 0 -118229296 -45235515 -26211867 3142
DONE! 4 0 -118229296 -45415240 -26032142 3127
DONE! 4 0 -118229296 -45343368 -26104014 3132
DONE! 4 0 -118229296 -44305191 -27142191 3192
DONE! 4 0 -118229296 -43850011 -27597371 3207
DONE! 4 0 -118229296 -43193402 -28253980 3222
DONE! 4 0 -118229296 -38140105 -33307277 3252
DONE! 4 0 -118229296 -42044806 -29402576 3237
DONE! 4 0 -118229296 -44650000 -26797382 3177
DONE! 4 0 -118229296 -44924994 -26522388 3162
DONE! 4 0 -118229296 -45151812 -26295570 3147
DONE! 4 0 -118229296 -45570529 -25876853 3112
DONE! 4 0 -118229296 -45507992 -25939390 3117
DONE! 4 0 -118229296 -44924994 -26522388 3162
DONE! 4 0 -118229296 -44305191 -27142191 3192
DONE! 4 0 -118229296 -43850011 -27597371 3207
DONE! 4 0 -118229296 -38140105 -33307277 3252
DONE! 4 0 -118229296 -42044806 -29402576 3237
DONE! 4 0 -118229296 -43193402 -28253980 3222
DONE! 4 0 -118229296 -44650000 -26797382 3177
DONE! 4 0 -118229296 -45151812 -26295570 3147
DONE! 4 0 -118229296 -45343368 -26104014 3132
DONE! 4 0 -118229296 -45706356 -25741026 3097
DONE! 4 0 -118229296 -45651369 -25796013 3102
DONE! 4 0 -118229296 -45507992 -25939390 3117
DONE! 4 0 -118229296 -45343368 -26104014 3132
DONE! 4 0 -118229296 -44924994 -26522388 3162
DONE! 4 0 -118229296 -44650000 -26797382 3177
DONE! 4 0 -118229296 -44305191 -27142191 3192
DONE! 4 0 -118229296 -43850011 -27597371 3207
DONE! 4 0 -118229296 -43193402 -28253980 3222
DONE! 4 0 -118229296 -42044806 -29402576 3237
DONE! 4 0 -118229296 -38140105 -33307277 3252
DONE! 4 0 -118229296 -45151812 -26295570 3147
DONE! 4 0 -118229296 -45625285 -25822097 3107
DONE! 4 0 -118229296 -44924994 -26522388 3162
DONE! 4 0 -118229296 -44650000 -26797382 3177
DONE! 4 0 -118229296 -44305191 -27142191 3192
DONE! 4 0 -118229296 -38140105 -33307277 3252
DONE! 4 0 -118229296 -42044806 -29402576 3237
DONE! 4 0 -118229296 -43193402 -28253980 3222
DONE! 4 0 -118229296 -43850011 -27597371 3207
DONE! 4 0 -118229296 -45151812 -26295570 3147
DONE! 4 0 -118229296 -45235515 -26211867 3142
DONE! 4 0 -118229296 -44924994 -26522388 3162
DONE! 4 0 -118229296 -44305191 -27142191 3192
DONE! 4 0 -118229296 -43850011 -27597371 3207
DONE! 4 0 -118229296 -42044806 -29402576 3237
DONE! 4 0 -118229296 -38140105 -33307277 3252
DONE! 4 0 -118229296 -43193402 -28253980 3222
DONE! 4 0 -118229296 -44650000 -26797382 3177
DONE! 4 0 -118229296 -44049530 -27397852 3202
DONE! 4 0 -118229296 -43193402 -28253980 3222
DONE! 4 0 -118229296 -38140105 -33307277 3252
DONE! 4 0 -118229296 -42044806 -29402576 3237
DONE! 4 0 -118229296 -43481413 -27965969 3217
DONE! 4 0 -118229296 -42044806 -29402576 3237
DONE! 4 0 -118229296 -38140105 -33307277 3252
DONE! 4 0 -118229296 -38140105 -33307277 3252
DONE! 4 0 -118229296 -39855153 -31592229 3247
DONE! 4 0 -118229296 -42548958 -28898424 3232
DONE! 4 0 -118229296 -43193402 -28253980 3222
DONE! 4 0 -118229296 -38140105 -33307277 3252
DONE! 4 0 -118229296 -42044806 -29402576 3237
DONE! 4 0 -118229296 -43850011 -27597371 3207
DONE! 4 0 -118229296 -44456220 -26991162 3187
DONE! 4 0 -118229296 -44305191 -27142191 3192
DONE! 4 0 -118229296 -42044806 -29402576 3237
DONE! 4 0 -118229296 -38140105 -33307277 3252
DONE! 4 0 -118229296 -43193402 -28253980 3222
DONE! 4 0 -118229296 -43850011 -27597371 3207
DONE! 4 0 -118229296 -44770360 -26677022 3172
DONE! 4 0 -118229296 -44650000 -26797382 3177
DONE! 4 0 -118229296 -43193402 -28253980 3222
DONE! 4 0 -118229296 -38140105 -33307277 3252
DONE! 4 0 -118229296 -42044806 -29402576 3237
DONE! 4 0 -118229296 -43850011 -27597371 3207
DONE! 4 0 -118229296 -44305191 -27142191 3192
DONE! 4 0 -118229296 -45024188 -26423194 3157
DONE! 4 0 -118229296 -44924994 -26522388 3162
DONE! 4 0 -118229296 -44305191 -27142191 3192
DONE! 4 0 -118229296 -43193402 -28253980 3222
DONE! 4 0 -118229296 -38140105 -33307277 3252
DONE! 4 0 -118229296 -42044806 -29402576 3237
DONE! 4 0 -118229296 -43850011 -27597371 3207
DONE! 4 0 -118229296 -44650000 -26797382 3177
DONE! 4 0 -118229296 -45024188 -26423194 3157
DONE! 4 0 -118229296 -44305191 -27142191 3192
DONE! 4 0 -118229296 -42044806 -29402576 3237
DONE! 4 0 -118229296 -38140105 -33307277 3252
DONE! 4 0 -118229296 -43193402 -28253980 3222
DONE! 4 0 -118229296 -43850011 -27597371 3207
DONE! 4 0 -118229296 -44650000 -26797382 3177
DONE! 4 0 -118229296 -44770360 -26677022 3172
DONE! 4 0 -118229296 -43193402 -28253980 3222
DONE! 4 0 -118229296 -42044806 -29402576 3237
DONE! 4 0 -118229296 -38140105 -33307277 3252
DONE! 4 0 -118229296 -43850011 -27597371 3207
DONE! 4 0 -118229296 -44305191 -27142191 3192
DONE! 4 0 -118229296 -44049530 -27397852 3202
DONE! 4 0 -118229296 -43193402 -28253980 3222
DONE! 4 0 -118229296 -38140105 -33307277 3252
DONE! 4 0 -118229296 -42044806 -29402576 3237
DONE! 4 0 -118229296 -43481413 -27965969 3217
DONE! 4 0 -118229296 -42548958 -28898424 3232
DONE! 4 0 -118229296 -39855153 -31592229 3247
DONE! 4 0 -118229296 -38140105 -33307277 3252
DONE! 4 0 -118229296 -38140105 -33307277 3252
DONE! 4 0 -118229296 -42044806 -29402576 3237
DONE! 4 0 -118229296 -43850011 -27597371 3207
DONE! 4 0 -118229296 -43193402 -28253980 3222
DONE! 4 0 -118229296 -38140105 -33307277 3252
DONE! 4 0 -118229296 -42044806 -29402576 3237
DONE! 4 0 -118229296 -44456220 -26991162 3187
DONE! 4 0 -118229296 -44770360 -26677022 3172
DONE! 4 0 -118229296 -44456220 -26991162 3187
DONE! 4 0 -118229296 -43850011 -27597371 3207
DONE! 4 0 -118229296 -43193402 -28253980 3222
DONE! 4 0 -118229296 -38140105 -33307277 3252
DONE! 4 0 -118229296 -42044806 -29402576 3237
DONE! 4 0 -118229296 -38140105 -33307277 3252
DONE! 4 0 -118229296 -42044806 -29402576 3237
DONE! 4 0 -118229296 -43193402 -28253980 3222
DONE! 4 0 -118229296 -43481413 -27965969 3217
DONE! 4 0 -118229296 -38140105 -33307277 3252
DONE! 4 0 -118229296 -42044806 -29402576 3237
DONE! 4 0 -118229296 -38140105 -33307277 3252
DONE! 4 0 -118229296 -39855153 -31592229 3247
DONE! 4 0 -118229296 -42548958 -28898424 3232
DONE! 4 0 -118229296 -44049530 -27397852 3202
DONE! 4 0 -118229296 -44305191 -27142191 3192
DONE! 4 0 -118229296 -43193402 -28253980 3222
DONE! 4 0 -118229296 -38140105 -33307277 3252
DONE! 4 0 -118229296 -42044806 -29402576 3237
DONE! 4 0 -118229296 -43850011 -27597371 3207
DONE! 4 0 -118229296 -44650000 -26797382 3177
DONE! 4 0 -118229296 -43850011 -27597371 3207
DONE! 4 0 -118229296 -43193402 -28253980 3222
DONE! 4 0 -118229296 -42044806 -29402576 3237
DONE! 4 0 -118229296 -38140105 -33307277 3252
DONE! 4 0 -118229296 -44305191 -27142191 3192
DONE! 4 0 -118229296 -44869323 -26578059 3167
DONE! 4 0 -118229296 -43193402 -28253980 3222
DONE! 4 0 -118229296 -38140105 -33307277 3252
DONE! 4 0 -118229296 -42044806 -29402576 3237
DONE! 4 0 -118229296 -43850011 -27597371 3207
DONE! 4 0 -118229296 -43193402 -28253980 3222
DONE! 4 0 -118229296 -42044806 -29402576 3237
DONE! 4 0 -118229296 -38140105 -33307277 3252
DONE! 4 0 -118229296 -43481413 -27965969 3217
DONE! 4 0 -118229296 -38140105 -33307277 3252
DONE! 4 0 -118229296 -42044806 -29402576 3237
DONE! 4 0 -118229296 -42548958 -28898424 3232
DONE! 4 0 -118229296 -39855153 -31592229 3247
DONE! 4 0 -118229296 -38140105 -33307277 3252
DONE! 4 0 -118229296 -44049530 -27397852 3202
DONE! 4 0 -118229296 -44456220 -26991162 3187
DONE! 4 0 -118229296 -43850011 -27597371 3207
DONE! 4 0 -118229296 -43193402 -28253980 3222
DONE! 4 0 -118229296 -38140105 -33307277 3252
DONE! 4 0 -118229296 -42044806 -29402576 3237
DONE! 4 0 -118229296 -44305191 -27142191 3192
DONE! 4 0 -118229296 -43850011 -27597371 3207
DONE! 4 0 -118229296 -43193402 -28253980 3222
DONE! 4 0 -118229296 -38140105 -33307277 3252
DONE! 4 0 -118229296 -42044806 -29402576 3237
DONE! 4 0 -118229296 -44049530 -27397852 3202
DONE! 4 0 -118229296 -43193402 -28253980 3222
DONE! 4 0 -118229296 -42044806 -29402576 3237
DONE! 4 0 -118229296 -38140105 -33307277 3252
DONE! 4 0 -118229296 -38140105 -33307277 3252
DONE! 4 0 -118229296 -42044806 -29402576 3237
DONE! 4 0 -118229296 -39855153 -31592229 3247
DONE! 4 0 -118229296 -38140105 -33307277 3252
DONE! 4 0 -118229296 -42548958 -28898424 3232
DONE! 4 0 -118229296 -43481413 -27965969 3217
DONE! 4 0 -118229296 -44200328 -27247054 3197
DONE! 4 0 -118229296 -42044806 -29402576 3237
DONE! 4 0 -118229296 -38140105 -33307277 3252
DONE! 4 0 -118229296 -43193402 -28253980 3222
DONE! 4 0 -118229296 -42044806 -29402576 3237
DONE! 4 0 -118229296 -38140105 -33307277 3252
DONE! 4 0 -118229296 -39855153 -31592229 3247
DONE! 4 0 -118229296 -38140105 -33307277 3252
DONE! 4 0 -118229296 -42548958 -28898424 3232
DONE! 4 0 -118229296 -43481413 -27965969 3217
DONE! 4 0 -118229296 -38140105 -33307277 3252
DONE! 4 0 -118229296 -42044806 -29402576 3237
DONE! 4 0 -118229296 -42548958 -28898424 3232
DONE! 4 0 -118229296 -39855153 -31592229 3247
DONE! 4 0 -118229296 -38140105 -33307277 3252
DONE! 4 0 -118229296 -38140105 -33307277 3252
DONE! 4 0 -118229296 -39855153 -31592229 3247
DONE! 4 0 -118229296 -40359074 -31088308 3242
DONE! 4 0 -118229296 -42836738 -28610644 3227
DONE! 4 0 -118229296 -43680701 -27766681 3212
DONE! 4 0 -118229296 -44576349 -26871033 3182
DONE! 4 0 -118229296 -45107660 -26339722 3152
DONE! 4 0 -118229296 -45307156 -26140226 3137
DONE! 4 0 -118229296 -45477546 -25969836 3122
DONE! 4 0 -118229296 -45415240 -26032142 3127
DONE! 4 0 -118229296 -45151812 -26295570 3147
DONE! 4 0 -118229296 -44924994 -26522388 3162
DONE! 4 0 -118229296 -43850011 -27597371 3207
DONE! 4 0 -118229296 -43193402 -28253980 3222
DONE! 4 0 -118229296 -42044806 -29402576 3237
DONE! 4 0 -118229296 -38140105 -33307277 3252
DONE! 4 0 -118229296 -44305191 -27142191 3192
DONE! 4 0 -118229296 -44650000 -26797382 3177
DONE! 4 0 -118229296 -44924994 -26522388 3162
DONE! 4 0 -118229296 -38140105 -33307277 3252
DONE! 4 0 -118229296 -42044806 -29402576 3237
DONE! 4 0 -118229296 -43193402 -28253980 3222
DONE! 4 0 -118229296 -43850011 -27597371 3207
DONE! 4 0 -118229296 -44305191 -27142191 3192
DONE! 4 0 -118229296 -44650000 -26797382 3177
DONE! 4 0 -118229296 -44305191 -27142191 3192
DONE! 4 0 -118229296 -43850011 -27597371 3207
DONE! 4 0 -118229296 -43193402 -28253980 3222
DONE! 4 0 -118229296 -42044806 -29402576 3237
DONE! 4 0 -118229296 -38140105 -33307277 3252
DONE! 4 0 -118229296 -44456220 -26991162 3187
DONE! 4 0 -118229296 -43850011 -27597371 3207
DONE! 4 0 -118229296 -42044806 -29402576 3237
DONE! 4 0 -118229296 -38140105 -33307277 3252
DONE! 4 0 -118229296 -43193402 -28253980 3222
DONE! 4 0 -118229296 -43481413 -27965969 3217
DONE! 4 0 -118229296 -38140105 -33307277 3252
DONE! 4 0 -118229296 -42044806 -29402576 3237
DONE! 4 0 -118229296 -42548958 -28898424 3232
DONE! 4 0 -118229296 -38140105 -33307277 3252
DONE! 4 0 -118229296 -39855153 -31592229 3247
DONE! 4 0 -118229296 -42044806 -29402576 3237
DONE! 4 0 -118229296 -38140105 -33307277 3252
DONE! 4 0 -118229296 -43193402 -28253980 3222
DONE! 4 0 -118229296 -44049530 -27397852 3202
DONE! 4 0 -118229296 -44770360 -26677022 3172
DONE! 4 0 -118229296 -44650000 -26797382 3177
DONE! 4 0 -118229296 -43850011 -27597371 3207
DONE! 4 0 -118229296 -38140105 -33307277 3252
DONE! 4 0 -118229296 -42044806 -29402576 3237
DONE! 4 0 -118229296 -43193402 -28253980 3222
DONE! 4 0 -118229296 -44305191 -27142191 3192
DONE! 4 0 -118229296 -45024188 -26423194 3157
DONE! 4 0 -118229296 -45235515 -26211867 3142
DONE! 4 0 -118229296 -45343368 -26104014 3132
DONE! 4 0 -118229296 -45151812 -26295570 3147
DONE! 4 0 -118229296 -44650000 -26797382 3177
DONE! 4 0 -118229296 -38140105 -33307277 3252
DONE! 4 0 -118229296 -42044806 -29402576 3237
DONE! 4 0 -118229296 -43193402 -28253980 3222
DONE! 4 0 -118229296 -43850011 -27597371 3207
DONE! 4 0 -118229296 -44305191 -27142191 3192
DONE! 4 0 -118229296 -44924994 -26522388 3162
DONE! 4 0 -118229296 -45507992 -25939390 3117
DONE! 4 0 -118229296 -45343368 -26104014 3132
DONE! 4 0 -118229296 -45151812 -26295570 3147
DONE! 4 0 -118229296 -44650000 -26797382 3177
DONE! 4 0 -118229296 -44305191 -27142191 3192
DONE! 4 0 -118229296 -38140105 -33307277 3252
DONE! 4 0 -118229296 -42044806 -29402576 3237
DONE! 4 0 -118229296 -43193402 -28253980 3222
DONE! 4 0 -118229296 -43850011 -27597371 3207
DONE! 4 0 -118229296 -44924994 -26522388 3162
DONE! 4 0 -118229296 -45570529 -25876853 3112
DONE! 4 0 -118229296 -45343368 -26104014 3132
DONE! 4 0 -118229296 -45151812 -26295570 3147
DONE! 4 0 -118229296 -44924994 -26522388 3162
DONE! 4 0 -118229296 -44305191 -27142191 3192
DONE! 4 0 -118229296 -43850011 -27597371 3207
DONE! 4 0 -118229296 -43193402 -28253980 3222
DONE! 4 0 -118229296 -38140105 -33307277 3252
DONE! 4 0 -118229296 -42044806 -29402576 3237
DONE! 4 0 -118229296 -44650000 -26797382 3177
DONE! 4 0 -118229296 -45415240 -26032142 3127
DONE! 4 0 -118229296 -45151812 -26295570 3147
DONE! 4 0 -118229296 -43850011 -27597371 3207
DONE! 4 0 -118229296 -38140105 -33307277 3252
DONE! 4 0 -118229296 -42044806 -29402576 3237
DONE! 4 0 -118229296 -43193402 -28253980 3222
DONE! 4 0 -118229296 -44305191 -27142191 3192
DONE! 4 0 -118229296 -44650000 -26797382 3177
DONE! 4 0 -118229296 -44924994 -26522388 3162
DONE! 4 0 -118229296 -45235515 -26211867 3142
DONE! 4 0 -118229296 -45024188 -26423194 3157
DONE! 4 0 -118229296 -38140105 -33307277 3252
DONE! 4 0 -118229296 -42044806 -29402576 3237
DONE! 4 0 -118229296 -43193402 -28253980 3222
DONE! 4 0 -118229296 -43850011 -27597371 3207
DONE! 4 0 -118229296 -44305191 -27142191 3192
DONE! 4 0 -118229296 -43850011 -27597371 3207
DONE! 4 0 -118229296 -42044806 -29402576 3237
DONE! 4 0 -118229296 -38140105 -33307277 3252
DONE! 4 0 -118229296 -43193402 -28253980 3222
DONE! 4 0 -118229296 -43193402 -28253980 3222
DONE! 4 0 -118229296 -42044806 -29402576 3237
DONE! 4 0 -118229296 -38140105 -33307277 3252
DONE! 4 0 -118229296 -43481413 -27965969 3217
DONE! 4 0 -118229296 -38140105 -33307277 3252
DONE! 4 0 -118229296 -42044806 -29402576 3237
DONE! 4 0 -118229296 -39855153 -31592229 3247
DONE! 4 0 -118229296 -38140105 -33307277 3252
DONE! 4 0 -118229296 -42548958 -28898424 3232
DONE! 4 0 -118229296 -44049530 -27397852 3202
DONE! 4 0 -118229296 -44456220 -26991162 3187
DONE! 4 0 -118229296 -44770360 -26677022 3172
DONE! 4 0 -118229296 -44305191 -27142191 3192
DONE! 4 0 -118229296 -43193402 -28253980 3222
DONE! 4 0 -118229296 -42044806 -29402576 3237
DONE! 4 0 -118229296 -38140105 -33307277 3252
DONE! 4 0 -118229296 -43850011 -27597371 3207
DONE! 4 0 -118229296 -44650000 -26797382 3177
DONE! 4 0 -118229296 -44305191 -27142191 3192
DONE! 4 0 -118229296 -43850011 -27597371 3207
DONE! 4 0 -118229296 -38140105 -33307277 3252
DONE! 4 0 -118229296 -42044806 -29402576 3237
DONE! 4 0 -118229296 -43193402 -28253980 3222
DONE! 4 0 -118229296 -44650000 -26797382 3177
DONE! 4 0 -118229296 -44924994 -26522388 3162
DONE! 4 0 -118229296 -45754877 -25692505 3092
DONE! 4 0 -118229296 -45869595 -25577787 3077
DONE! 4 0 -118229296 -45777558 -25669824 3087
DONE! 4 0 -118229296 -45507992 -25939390 3117
DONE! 4 0 -118229296 -44650000 -26797382 3177
DONE! 4 0 -118229296 -43850011 -27597371 3207
DONE! 4 0 -118229296 -42044806 -29402576 3237
DONE! 4 0 -118229296 -38140105 -33307277 3252
DONE! 4 0 -118229296 -43193402 -28253980 3222
DONE! 4 0 -118229296 -44305191 -27142191 3192
DONE! 4 0 -118229296 -44924994 -26522388 3162
DONE! 4 0 -118229296 -45151812 -26295570 3147
DONE! 4 0 -118229296 -45343368 -26104014 3132
DONE! 4 0 -118229296 -45651369 -25796013 3102
DONE! 4 0 -118229296 -45889554 -25557828 3072
DONE! 4 0 -118229296 -45989635 -25457747 3057
DONE! 4 0 -118229296 -45651369 -25796013 3102
DONE! 4 0 -118229296 -45507992 -25939390 3117
DONE! 4 0 -118229296 -45151812 -26295570 3147
DONE! 4 0 -118229296 -43850011 -27597371 3207
DONE! 4 0 -118229296 -42044806 -29402576 3237
DONE! 4 0 -118229296 -38140105 -33307277 3252
DONE! 4 0 -118229296 -43193402 -28253980 3222
DONE! 4 0 -118229296 -44305191 -27142191 3192
DONE! 4 0 -118229296 -44650000 -26797382 3177
DONE! 4 0 -118229296 -44924994 -26522388 3162
DONE! 4 0 -118229296 -45343368 -26104014 3132
DONE! 4 0 -118229296 -45706356 -25741026 3097
DONE! 4 0 -118229296 -45507992 -25939390 3117
DONE! 4 0 -118229296 -45343368 -26104014 3132
DONE! 4 0 -118229296 -44305191 -27142191 3192
DONE! 4 0 -118229296 -38140105 -33307277 3252
DONE! 4 0 -118229296 -42044806 -29402576 3237
DONE! 4 0 -118229296 -43193402 -28253980 3222
DONE! 4 0 -118229296 -43850011 -27597371 3207
DONE! 4 0 -118229296 -44650000 -26797382 3177
DONE! 4 0 -118229296 -44924994 -26522388 3162
DONE! 4 0 -118229296 -45151812 -26295570 3147
DONE! 4 0 -118229296 -45570529 -25876853 3112
DONE! 4 0 -118229296 -45343368 -26104014 3132
DONE! 4 0 -118229296 -44650000 -26797382 3177
DONE! 4 0 -118229296 -44305191 -27142191 3192
DONE! 4 0 -118229296 -43850011 -27597371 3207
DONE! 4 0 -118229296 -42044806 -29402576 3237
DONE! 4 0 -118229296 -38140105 -33307277 3252
DONE! 4 0 -118229296 -43193402 -28253980 3222
DONE! 4 0 -118229296 -44924994 -26522388 3162
DONE! 4 0 -118229296 -45151812 -26295570 3147
DONE! 4 0 -118229296 -45415240 -26032142 3127
DONE! 4 0 -118229296 -45235515 -26211867 3142
DONE! 4 0 -118229296 -45024188 -26423194 3157
DONE! 4 0 -118229296 -44650000 -26797382 3177
DONE! 4 0 -118229296 -44305191 -27142191 3192
DONE! 4 0 -118229296 -38140105 -33307277 3252
DONE! 4 0 -118229296 -42044806 -29402576 3237
DONE! 4 0 -118229296 -43193402 -28253980 3222
DONE! 4 0 -118229296 -43850011 -27597371 3207
DONE! 4 0 -118229296 -44049530 -27397852 3202
DONE! 4 0 -118229296 -43481413 -27965969 3217
DONE! 4 0 -118229296 -42044806 -29402576 3237
DONE! 4 0 -118229296 -38140105 -33307277 3252
DONE! 4 0 -118229296 -38140105 -33307277 3252
DONE! 4 0 -118229296 -39855153 -31592229 3247
DONE! 4 0 -118229296 -42548958 -28898424 3232
DONE! 4 0 -118229296 -43193402 -28253980 3222
DONE! 4 0 -118229296 -42044806 -29402576 3237
DONE! 4 0 -118229296 -38140105 -33307277 3252
DONE! 4 0 -118229296 -43193402 -28253980 3222
DONE! 4 0 -118229296 -42044806 -29402576 3237
DONE! 4 0 -118229296 -38140105 -33307277 3252
DONE! 4 0 -118229296 -43850011 -27597371 3207
DONE! 4 0 -118229296 -44456220 -26991162 3187
DONE! 4 0 -118229296 -44305191 -27142191 3192
DONE! 4 0 -118229296 -43850011 -27597371 3207
DONE! 4 0 -118229296 -43193402 -28253980 3222
DONE! 4 0 -118229296 -38140105 -33307277 3252
DONE! 4 0 -118229296 -42044806 -29402576 3237
DONE! 4 0 -118229296 -44770360 -26677022 3172
DONE! 4 0 -118229296 -44924994 -26522388 3162
DONE! 4 0 -118229296 -44305191 -27142191 3192
DONE! 4 0 -118229296 -43193402 -28253980 3222
DONE! 4 0 -118229296 -42044806 -29402576 3237
DONE! 4 0 -118229296 -38140105 -33307277 3252
DONE! 4 0 -118229296 -43850011 -27597371 3207
DONE! 4 0 -118229296 -44650000 -26797382 3177
DONE! 4 0 -118229296 -44305191 -27142191 3192
DONE! 4 0 -118229296 -43193402 -28253980 3222
DONE! 4 0 -118229296 -38140105 -33307277 3252
DONE! 4 0 -118229296 -42044806 -29402576 3237
DONE! 4 0 -118229296 -43850011 -27597371 3207
DONE! 4 0 -118229296 -44650000 -26797382 3177
DONE! 4 0 -118229296 -44924994 -26522388 3162
DONE! 4 0 -118229296 -45151812 -26295570 3147
DONE! 4 0 -118229296 -45826310 -25621072 3082
DONE! 4 0 -118229296 -45343368 -26104014 3132
DONE! 4 0 -118229296 -44650000 -26797382 3177
DONE! 4 0 -118229296 -43850011 -27597371 3207
DONE! 4 0 -118229296 -42044806 -29402576 3237
DONE! 4 0 -118229296 -38140105 -33307277 3252
DONE! 4 0 -118229296 -43193402 -28253980 3222
DONE! 4 0 -118229296 -44305191 -27142191 3192
DONE! 4 0 -118229296 -44924994 -26522388 3162
DONE! 4 0 -118229296 -45151812 -26295570 3147
DONE! 4 0 -118229296 -45507992 -25939390 3117
DONE! 4 0 -118229296 -45651369 -25796013 3102
DONE! 4 0 -118229296 -45777558 -25669824 3087
DONE! 4 0 -118229296 -45933070 -25514312 3067
DONE! 4 0 -118229296 -45777558 -25669824 3087
DONE! 4 0 -118229296 -45651369 -25796013 3102
DONE! 4 0 -118229296 -45343368 -26104014 3132
DONE! 4 0 -118229296 -45151812 -26295570 3147
DONE! 4 0 -118229296 -44924994 -26522388 3162
DONE! 4 0 -118229296 -44650000 -26797382 3177
DONE! 4 0 -118229296 -38140105 -33307277 3252
DONE! 4 0 -118229296 -42044806 -29402576 3237
DONE! 4 0 -118229296 -43193402 -28253980 3222
DONE! 4 0 -118229296 -43850011 -27597371 3207
DONE! 4 0 -118229296 -44305191 -27142191 3192
DONE! 4 0 -118229296 -45507992 -25939390 3117
DONE! 4 0 -118229296 -45889554 -25557828 3072
DONE! 4 0 -118229296 -46028693 -25418689 3052
DONE! 4 0 -118229296 -46146417 -25300965 3032
DONE! 4 0 -118229296 -46221313 -25226069 3017
DONE! 4 0 -118229296 -46192618 -25254764 3022
DONE! 4 0 -118229296 -46028693 -25418689 3052
DONE! 4 0 -118229296 -45889554 -25557828 3072
DONE! 4 0 -118229296 -45651369 -25796013 3102
DONE! 4 0 -118229296 -45343368 -26104014 3132
DONE! 4 0 -118229296 -44650000 -26797382 3177
DONE! 4 0 -118229296 -43850011 -27597371 3207
DONE! 4 0 -118229296 -42044806 -29402576 3237
DONE! 4 0 -118229296 -38140105 -33307277 3252
DONE! 4 0 -118229296 -43193402 -28253980 3222
DONE! 4 0 -118229296 -44305191 -27142191 3192
DONE! 4 0 -118229296 -44924994 -26522388 3162
DONE! 4 0 -118229296 -45151812 -26295570 3147
DONE! 4 0 -118229296 -45507992 -25939390 3117
DONE! 4 0 -118229296 -45777558 -25669824 3087
DONE! 4 0 -118229296 -44924994 -26522388 3162
DONE! 4 0 -118229296 -44650000 -26797382 3177
DONE! 4 0 -118229296 -44305191 -27142191 3192
DONE! 4 0 -118229296 -43850011 -27597371 3207
DONE! 4 0 -118229296 -38140105 -33307277 3252
DONE! 4 0 -118229296 -42044806 -29402576 3237
DONE! 4 0 -118229296 -43193402 -28253980 3222
DONE! 4 0 -118229296 -45151812 -26295570 3147
DONE! 4 0 -118229296 -45343368 -26104014 3132
DONE! 4 0 -118229296 -45507992 -25939390 3117
DONE! 4 0 -118229296 -45651369 -25796013 3102
DONE! 4 0 -118229296 -45777558 -25669824 3087
DONE! 4 0 -118229296 -45507992 -25939390 3117
DONE! 4 0 -118229296 -45343368 -26104014 3132
DONE! 4 0 -118229296 -45151812 -26295570 3147
DONE! 4 0 -118229296 -44650000 -26797382 3177
DONE! 4 0 -118229296 -44305191 -27142191 3192
DONE! 4 0 -118229296 -43850011 -27597371 3207
DONE! 4 0 -118229296 -43193402 -28253980 3222
DONE! 4 0 -118229296 -42044806 -29402576 3237
DONE! 4 0 -118229296 -38140105 -33307277 3252
DONE! 4 0 -118229296 -44924994 -26522388 3162
DONE! 4 0 -118229296 -45651369 -25796013 3102
DONE! 4 0 -118229296 -45706356 -25741026 3097
DONE! 4 0 -118229296 -45343368 -26104014 3132
DONE! 4 0 -118229296 -45151812 -26295570 3147
DONE! 4 0 -118229296 -44924994 -26522388 3162
DONE! 4 0 -118229296 -44305191 -27142191 3192
DONE! 4 0 -118229296 -43193402 -28253980 3222
DONE! 4 0 -118229296 -38140105 -33307277 3252
DONE! 4 0 -118229296 -42044806 -29402576 3237
DONE! 4 0 -118229296 -43850011 -27597371 3207
DONE! 4 0 -118229296 -44650000 -26797382 3177
DONE! 4 0 -118229296 -45507992 -25939390 3117
DONE! 4 0 -118229296 -42044806 -29402576 3237
DONE! 4 0 -118229296 -38140105 -33307277 3252
DONE! 4 0 -118229296 -43193402 -28253980 3222
DONE! 4 0 -118229296 -43850011 -27597371 3207
DONE! 4 0 -118229296 -44305191 -27142191 3192
DONE! 4 0 -118229296 -44650000 -26797382 3177
DONE! 4 0 -118229296 -44924994 -26522388 3162
DONE! 4 0 -118229296 -45151812 -26295570 3147
DONE! 4 0 -118229296 -43193402 -28253980 3222
DONE! 4 0 -118229296 -38140105 -33307277 3252
DONE! 4 0 -118229296 -42044806 -29402576 3237
DONE! 4 0 -118229296 -43850011 -27597371 3207
DONE! 4 0 -118229296 -44305191 -27142191 3192
DONE! 4 0 -118229296 -44650000 -26797382 3177
DONE! 4 0 -118229296 -44924994 -26522388 3162
DONE! 4 0 -118229296 -45024188 -26423194 3157
DONE! 4 0 -118229296 -44305191 -27142191 3192
DONE! 4 0 -118229296 -43850011 -27597371 3207
DONE! 4 0 -118229296 -38140105 -33307277 3252
DONE! 4 0 -118229296 -42044806 -29402576 3237
DONE! 4 0 -118229296 -43193402 -28253980 3222
DONE! 4 0 -118229296 -44650000 -26797382 3177
DONE! 4 0 -118229296 -44770360 -26677022 3172
DONE! 4 0 -118229296 -44305191 -27142191 3192
DONE! 4 0 -118229296 -38140105 -33307277 3252
DONE! 4 0 -118229296 -42044806 -29402576 3237
DONE! 4 0 -118229296 -43193402 -28253980 3222
DONE! 4 0 -118229296 -43850011 -27597371 3207
DONE! 4 0 -118229296 -44456220 -26991162 3187
DONE! 4 0 -118229296 -43850011 -27597371 3207
DONE! 4 0 -118229296 -43193402 -28253980 3222
DONE! 4 0 -118229296 -42044806 -29402576 3237
DONE! 4 0 -118229296 -38140105 -33307277 3252
DONE! 4 0 -118229296 -43193402 -28253980 3222
DONE! 4 0 -118229296 -42044806 -29402576 3237
DONE! 4 0 -118229296 -38140105 -33307277 3252
DONE! 4 0 -118229296 -42044806 -29402576 3237
DONE! 4 0 -118229296 -38140105 -33307277 3252
DONE! 4 0 -118229296 -42548958 -28898424 3232
DONE! 4 0 -118229296 -38140105 -33307277 3252
DONE! 4 0 -118229296 -39855153 -31592229 3247
DONE! 4 0 -118229296 -43481413 -27965969 3217
DONE! 4 0 -118229296 -44049530 -27397852 3202
DONE! 4 0 -118229296 -45235515 -26211867 3142
DONE! 4 0 -118229296 -45415240 -26032142 3127
DONE! 4 0 -118229296 -45151812 -26295570 3147
DONE! 4 0 -118229296 -44924994 -26522388 3162
DONE! 4 0 -118229296 -43193402 -28253980 3222
DONE! 4 0 -118229296 -42044806 -29402576 3237
DONE! 4 0 -118229296 -38140105 -33307277 3252
DONE! 4 0 -118229296 -43850011 -27597371 3207
DONE! 4 0 -118229296 -44305191 -27142191 3192
DONE! 4 0 -118229296 -44650000 -26797382 3177
DONE! 4 0 -118229296 -45343368 -26104014 3132
DONE! 4 0 -118229296 -45570529 -25876853 3112
DONE! 4 0 -118229296 -45826310 -25621072 3082
DONE! 4 0 -118229296 -45933070 -25514312 3067
DONE! 4 0 -118229296 -45989635 -25457747 3057
DONE! 4 0 -118229296 -45889554 -25557828 3072
DONE! 4 0 -118229296 -45777558 -25669824 3087
DONE! 4 0 -118229296 -45343368 -26104014 3132
DONE! 4 0 -118229296 -44650000 -26797382 3177
DONE! 4 0 -118229296 -44305191 -27142191 3192
DONE! 4 0 -118229296 -43850011 -27597371 3207
DONE! 4 0 -118229296 -43193402 -28253980 3222
DONE! 4 0 -118229296 -42044806 -29402576 3237
DONE! 4 0 -118229296 -38140105 -33307277 3252
DONE! 4 0 -118229296 -44924994 -26522388 3162
DONE! 4 0 -118229296 -45151812 -26295570 3147
DONE! 4 0 -118229296 -45507992 -25939390 3117
DONE! 4 0 -118229296 -45651369 -25796013 3102
DONE! 4 0 -118229296 -46114781 -25332601 3037
DONE! 4 0 -118229296 -45989635 -25457747 3057
DONE! 4 0 -118229296 -45889554 -25557828 3072
DONE! 4 0 -118229296 -45507992 -25939390 3117
DONE! 4 0 -118229296 -45343368 -26104014 3132
DONE! 4 0 -118229296 -44924994 -26522388 3162
DONE! 4 0 -118229296 -44650000 -26797382 3177
DONE! 4 0 -118229296 -44305191 -27142191 3192
DONE! 4 0 -118229296 -38140105 -33307277 3252
DONE! 4 0 -118229296 -42044806 -29402576 3237
DONE! 4 0 -118229296 -43193402 -28253980 3222
DONE! 4 0 -118229296 -43850011 -27597371 3207
DONE! 4 0 -118229296 -45151812 -26295570 3147
DONE! 4 0 -118229296 -45651369 -25796013 3102
DONE! 4 0 -118229296 -45777558 -25669824 3087
DONE! 4 0 -118229296 -46079567 -25367815 3042
DONE! 4 0 -118229296 -45989635 -25457747 3057
DONE! 4 0 -118229296 -45889554 -25557828 3072
DONE! 4 0 -118229296 -44924994 -26522388 3162
DONE! 4 0 -118229296 -44305191 -27142191 3192
DONE! 4 0 -118229296 -43193402 -28253980 3222
DONE! 4 0 -118229296 -42044806 -29402576 3237
DONE! 4 0 -118229296 -38140105 -33307277 3252
DONE! 4 0 -118229296 -43850011 -27597371 3207
DONE! 4 0 -118229296 -44650000 -26797382 3177
DONE! 4 0 -118229296 -45151812 -26295570 3147
DONE! 4 0 -118229296 -45343368 -26104014 3132
DONE! 4 0 -118229296 -45507992 -25939390 3117
DONE! 4 0 -118229296 -45651369 -25796013 3102
DONE! 4 0 -118229296 -45777558 -25669824 3087
DONE! 4 0 -118229296 -46079567 -25367815 3042
DONE! 4 0 -118229296 -46160751 -25286631 3027
DONE! 4 0 -118229296 -46160751 -25286631 3027
DONE! 4 0 -118229296 -46079567 -25367815 3042
DONE! 4 0 -118229296 -45989635 -25457747 3057
DONE! 4 0 -118229296 -45889554 -25557828 3072
DONE! 4 0 -118229296 -45777558 -25669824 3087
DONE! 4 0 -118229296 -45651369 -25796013 3102
DONE! 4 0 -118229296 -45507992 -25939390 3117
DONE! 4 0 -118229296 -44924994 -26522388 3162
DONE! 4 0 -118229296 -44650000 -26797382 3177
DONE! 4 0 -118229296 -44305191 -27142191 3192
DONE! 4 0 -118229296 -43193402 -28253980 3222
DONE! 4 0 -118229296 -38140105 -33307277 3252
DONE! 4 0 -118229296 -42044806 -29402576 3237
DONE! 4 0 -118229296 -43850011 -27597371 3207
DONE! 4 0 -118229296 -45151812 -26295570 3147
DONE! 4 0 -118229296 -45343368 -26104014 3132
DONE! 4 0 -118229296 -46234317 -25213065 3012
DONE! 4 0 -118229296 -46079567 -25367815 3042
DONE! 4 0 -118229296 -45889554 -25557828 3072
DONE! 4 0 -118229296 -45777558 -25669824 3087
DONE! 4 0 -118229296 -45151812 -26295570 3147
DONE! 4 0 -118229296 -44924994 -26522388 3162
DONE! 4 0 -118229296 -44650000 -26797382 3177
DONE! 4 0 -118229296 -44305191 -27142191 3192
DONE! 4 0 -118229296 -43850011 -27597371 3207
DONE! 4 0 -118229296 -43193402 -28253980 3222
DONE! 4 0 -118229296 -38140105 -33307277 3252
DONE! 4 0 -118229296 -42044806 -29402576 3237
DONE! 4 0 -118229296 -45343368 -26104014 3132
DONE! 4 0 -118229296 -45507992 -25939390 3117
DONE! 4 0 -118229296 -45651369 -25796013 3102
DONE! 4 0 -118229296 -45989635 -25457747 3057
DONE! 4 0 -118229296 -46160751 -25286631 3027
DONE! 4 0 -118229296 -46114781 -25332601 3037
DONE! 4 0 -118229296 -46028693 -25418689 3052
DONE! 4 0 -118229296 -45933070 -25514312 3067
DONE! 4 0 -118229296 -45343368 -26104014 3132
DONE! 4 0 -118229296 -45151812 -26295570 3147
DONE! 4 0 -118229296 -44924994 -26522388 3162
DONE! 4 0 -118229296 -38140105 -33307277 3252
DONE! 4 0 -118229296 -42044806 -29402576 3237
DONE! 4 0 -118229296 -43193402 -28253980 3222
DONE! 4 0 -118229296 -43850011 -27597371 3207
DONE! 4 0 -118229296 -44305191 -27142191 3192
DONE! 4 0 -118229296 -44650000 -26797382 3177
DONE! 4 0 -118229296 -45507992 -25939390 3117
DONE! 4 0 -118229296 -45651369 -25796013 3102
DONE! 4 0 -118229296 -45706356 -25741026 3097
DONE! 4 0 -118229296 -45507992 -25939390 3117
DONE! 4 0 -118229296 -44650000 -26797382 3177
DONE! 4 0 -118229296 -44305191 -27142191 3192
DONE! 4 0 -118229296 -42044806 -29402576 3237
DONE! 4 0 -118229296 -38140105 -33307277 3252
DONE! 4 0 -118229296 -43193402 -28253980 3222
DONE! 4 0 -118229296 -43850011 -27597371 3207
DONE! 4 0 -118229296 -44924994 -26522388 3162
DONE! 4 0 -118229296 -45151812 -26295570 3147
DONE! 4 0 -118229296 -45343368 -26104014 3132
DONE! 4 0 -118229296 -45415240 -26032142 3127
DONE! 4 0 -118229296 -44650000 -26797382 3177
DONE! 4 0 -118229296 -44305191 -27142191 3192
DONE! 4 0 -118229296 -43850011 -27597371 3207
DONE! 4 0 -118229296 -43193402 -28253980 3222
DONE! 4 0 -118229296 -38140105 -33307277 3252
DONE! 4 0 -118229296 -42044806 -29402576 3237
DONE! 4 0 -118229296 -44924994 -26522388 3162
DONE! 4 0 -118229296 -45151812 -26295570 3147
DONE! 4 0 -118229296 -44770360 -26677022 3172
DONE! 4 0 -118229296 -44456220 -26991162 3187
DONE! 4 0 -118229296 -43850011 -27597371 3207
DONE! 4 0 -118229296 -43193402 -28253980 3222
DONE! 4 0 -118229296 -38140105 -33307277 3252
DONE! 4 0 -118229296 -42044806 -29402576 3237
DONE! 4 0 -118229296 -38140105 -33307277 3252
DONE! 4 0 -118229296 -42044806 -29402576 3237
DONE! 4 0 -118229296 -43193402 -28253980 3222
DONE! 4 0 -118229296 -38140105 -33307277 3252
DONE! 4 0 -118229296 -42044806 -29402576 3237
DONE! 4 0 -118229296 -39855153 -31592229 3247
DONE! 4 0 -118229296 -38140105 -33307277 3252
DONE! 4 0 -118229296 -42548958 -28898424 3232
DONE! 4 0 -118229296 -43481413 -27965969 3217
DONE! 4 0 -118229296 -44049530 -27397852 3202
DONE! 4 0 -118229296 -44305191 -27142191 3192
DONE! 4 0 -118229296 -42044806 -29402576 3237
DONE! 4 0 -118229296 -38140105 -33307277 3252
DONE! 4 0 -118229296 -43193402 -28253980 3222
DONE! 4 0 -118229296 -43850011 -27597371 3207
DONE! 4 0 -118229296 -44305191 -27142191 3192
DONE! 4 0 -118229296 -43850011 -27597371 3207
DONE! 4 0 -118229296 -38140105 -33307277 3252
DONE! 4 0 -118229296 -42044806 -29402576 3237
DONE! 4 0 -118229296 -43193402 -28253980 3222
DONE! 4 0 -118229296 -44650000 -26797382 3177
DONE! 4 0 -118229296 -45024188 -26423194 3157
DONE! 4 0 -118229296 -44924994 -26522388 3162
DONE! 4 0 -118229296 -43193402 -28253980 3222
DONE! 4 0 -118229296 -42044806 -29402576 3237
DONE! 4 0 -118229296 -38140105 -33307277 3252
DONE! 4 0 -118229296 -43850011 -27597371 3207
DONE! 4 0 -118229296 -44305191 -27142191 3192
DONE! 4 0 -118229296 -44650000 -26797382 3177
DONE! 4 0 -118229296 -45235515 -26211867 3142
DONE! 4 0 -118229296 -45151812 -26295570 3147
DONE! 4 0 -118229296 -44924994 -26522388 3162
DONE! 4 0 -118229296 -38140105 -33307277 3252
DONE! 4 0 -118229296 -42044806 -29402576 3237
DONE! 4 0 -118229296 -43193402 -28253980 3222
DONE! 4 0 -118229296 -43850011 -27597371 3207
DONE! 4 0 -118229296 -44305191 -27142191 3192
DONE! 4 0 -118229296 -44650000 -26797382 3177
DONE! 4 0 -118229296 -45343368 -26104014 3132
DONE! 4 0 -118229296 -45570529 -25876853 3112
DONE! 4 0 -118229296 -45826310 -25621072 3082
DONE! 4 0 -118229296 -45777558 -25669824 3087
DONE! 4 0 -118229296 -45507992 -25939390 3117
DONE! 4 0 -118229296 -44650000 -26797382 3177
DONE! 4 0 -118229296 -44305191 -27142191 3192
DONE! 4 0 -118229296 -43850011 -27597371 3207
DONE! 4 0 -118229296 -43193402 -28253980 3222
DONE! 4 0 -118229296 -38140105 -33307277 3252
DONE! 4 0 -118229296 -42044806 -29402576 3237
DONE! 4 0 -118229296 -44924994 -26522388 3162
DONE! 4 0 -118229296 -45151812 -26295570 3147
DONE! 4 0 -118229296 -45343368 -26104014 3132
DONE! 4 0 -118229296 -45651369 -25796013 3102
DONE! 4 0 -118229296 -45889554 -25557828 3072
DONE! 4 0 -118229296 -45777558 -25669824 3087
DONE! 4 0 -118229296 -45651369 -25796013 3102
DONE! 4 0 -118229296 -45507992 -25939390 3117
DONE! 4 0 -118229296 -45343368 -26104014 3132
DONE! 4 0 -118229296 -44305191 -27142191 3192
DONE! 4 0 -118229296 -43850011 -27597371 3207
DONE! 4 0 -118229296 -43193402 -28253980 3222
DONE! 4 0 -118229296 -38140105 -33307277 3252
DONE! 4 0 -118229296 -42044806 -29402576 3237
DONE! 4 0 -118229296 -44650000 -26797382 3177
DONE! 4 0 -118229296 -44924994 -26522388 3162
DONE! 4 0 -118229296 -45151812 -26295570 3147
DONE! 4 0 -118229296 -45989635 -25457747 3057
DONE! 4 0 -118229296 -45651369 -25796013 3102
DONE! 4 0 -118229296 -45507992 -25939390 3117
DONE! 4 0 -118229296 -45343368 -26104014 3132
DONE! 4 0 -118229296 -44924994 -26522388 3162
DONE! 4 0 -118229296 -44650000 -26797382 3177
DONE! 4 0 -118229296 -44305191 -27142191 3192
DONE! 4 0 -118229296 -43193402 -28253980 3222
DONE! 4 0 -118229296 -42044806 -29402576 3237
DONE! 4 0 -118229296 -38140105 -33307277 3252
DONE! 4 0 -118229296 -43850011 -27597371 3207
DONE! 4 0 -118229296 -45151812 -26295570 3147
DONE! 4 0 -118229296 -45777558 -25669824 3087
DONE! 4 0 -118229296 -45889554 -25557828 3072
DONE! 4 0 -118229296 -45989635 -25457747 3057
DONE! 4 0 -118229296 -45777558 -25669824 3087
DONE! 4 0 -118229296 -45507992 -25939390 3117
DONE! 4 0 -118229296 -45343368 -26104014 3132
DONE! 4 0 -118229296 -45151812 -26295570 3147
DONE! 4 0 -118229296 -44924994 -26522388 3162
DONE! 4 0 -118229296 -44650000 -26797382 3177
DONE! 4 0 -118229296 -44305191 -27142191 3192
DONE! 4 0 -118229296 -43850011 -27597371 3207
DONE! 4 0 -118229296 -43193402 -28253980 3222
DONE! 4 0 -118229296 -38140105 -33307277 3252
DONE! 4 0 -118229296 -42044806 -29402576 3237
DONE! 4 0 -118229296 -45651369 -25796013 3102
DONE! 4 0 -118229296 -45889554 -25557828 3072
DONE! 4 0 -118229296 -46079567 -25367815 3042
DONE! 4 0 -118229296 -46192618 -25254764 3022
DONE! 4 0 -118229296 -46263243 -25184139 3007
DONE! 4 0 -118229296 -46351280 -25096102 2987
DONE! 4 0 -118229296 -66787374 -4660008 2956
DONE! 4 0 -118229296 -46221313 -25226069 3017
DONE! 4 0 -118229296 -46028693 -25418689 3052
DONE! 4 0 -118229296 -45889554 -25557828 3072
DONE! 4 0 -118229296 -45777558 -25669824 3087
DONE! 4 0 -118229296 -45651369 -25796013 3102
DONE! 4 0 -118229296 -45507992 -25939390 3117
DONE! 4 0 -118229296 -45151812 -26295570 3147
DONE! 4 0 -118229296 -44924994 -26522388 3162
DONE! 4 0 -118229296 -44650000 -26797382 3177
DONE! 4 0 -118229296 -42044806 -29402576 3237
DONE! 4 0 -118229296 -38140105 -33307277 3252
DONE! 4 0 -118229296 -43193402 -28253980 3222
DONE! 4 0 -118229296 -43850011 -27597371 3207
DONE! 4 0 -118229296 -44305191 -27142191 3192
DONE! 4 0 -118229296 -45343368 -26104014 3132
DONE! 4 0 -118229296 -45933070 -25514312 3067
DONE! 4 0 -118229296 -45651369 -25796013 3102
DONE! 4 0 -118229296 -44924994 -26522388 3162
DONE! 4 0 -118229296 -44650000 -26797382 3177
DONE! 4 0 -118229296 -43193402 -28253980 3222
DONE! 4 0 -118229296 -38140105 -33307277 3252
DONE! 4 0 -118229296 -42044806 -29402576 3237
DONE! 4 0 -118229296 -43850011 -27597371 3207
DONE! 4 0 -118229296 -44305191 -27142191 3192
DONE! 4 0 -118229296 -45151812 -26295570 3147
DONE! 4 0 -118229296 -45343368 -26104014 3132
DONE! 4 0 -118229296 -45507992 -25939390 3117
DONE! 4 0 -118229296 -45415240 -26032142 3127
DONE! 4 0 -118229296 -44305191 -27142191 3192
DONE! 4 0 -118229296 -43850011 -27597371 3207
DONE! 4 0 -118229296 -38140105 -33307277 3252
DONE! 4 0 -118229296 -42044806 -29402576 3237
DONE! 4 0 -118229296 -43193402 -28253980 3222
DONE! 4 0 -118229296 -44650000 -26797382 3177
DONE! 4 0 -118229296 -44924994 -26522388 3162
DONE! 4 0 -118229296 -45151812 -26295570 3147
DONE! 4 0 -118229296 -45235515 -26211867 3142
DONE! 4 0 -118229296 -45024188 -26423194 3157
DONE! 4 0 -118229296 -42548958 -28898424 3232
DONE! 4 0 -118229296 -39855153 -31592229 3247
DONE! 4 0 -118229296 -38140105 -33307277 3252
DONE! 4 0 -118229296 -42044806 -29402576 3237
DONE! 4 0 -118229296 -38140105 -33307277 3252
DONE! 4 0 -118229296 -43481413 -27965969 3217
DONE! 4 0 -118229296 -43193402 -28253980 3222
DONE! 4 0 -118229296 -42044806 -29402576 3237
DONE! 4 0 -118229296 -38140105 -33307277 3252
DONE! 4 0 -118229296 -44049530 -27397852 3202
DONE! 4 0 -118229296 -38140105 -33307277 3252
DONE! 4 0 -118229296 -42044806 -29402576 3237
DONE! 4 0 -118229296 -43193402 -28253980 3222
DONE! 4 0 -118229296 -43850011 -27597371 3207
DONE! 4 0 -118229296 -44456220 -26991162 3187
DONE! 4 0 -118229296 -38140105 -33307277 3252
DONE! 4 0 -118229296 -42044806 -29402576 3237
DONE! 4 0 -118229296 -43193402 -28253980 3222
DONE! 4 0 -118229296 -43850011 -27597371 3207
DONE! 4 0 -118229296 -44305191 -27142191 3192
DONE! 4 0 -118229296 -44770360 -26677022 3172
DONE! 4 0 -118229296 -44650000 -26797382 3177
DONE! 4 0 -118229296 -43850011 -27597371 3207
DONE! 4 0 -118229296 -43193402 -28253980 3222
DONE! 4 0 -118229296 -42044806 -29402576 3237
DONE! 4 0 -118229296 -38140105 -33307277 3252
DONE! 4 0 -118229296 -44305191 -27142191 3192
DONE! 4 0 -118229296 -38140105 -33307277 3252
DONE! 4 0 -118229296 -42044806 -29402576 3237
DONE! 4 0 -118229296 -43193402 -28253980 3222
DONE! 4 0 -118229296 -43850011 -27597371 3207
DONE! 4 0 -118229296 -44305191 -27142191 3192
DONE! 4 0 -118229296 -44650000 -26797382 3177
DONE! 4 0 -118229296 -44924994 -26522388 3162
DONE! 4 0 -118229296 -45343368 -26104014 3132
DONE! 4 0 -118229296 -44924994 -26522388 3162
DONE! 4 0 -118229296 -44305191 -27142191 3192
DONE! 4 0 -118229296 -42044806 -29402576 3237
DONE! 4 0 -118229296 -38140105 -33307277 3252
DONE! 4 0 -118229296 -43193402 -28253980 3222
DONE! 4 0 -118229296 -43850011 -27597371 3207
DONE! 4 0 -118229296 -44650000 -26797382 3177
DONE! 4 0 -118229296 -45151812 -26295570 3147
DONE! 4 0 -118229296 -45570529 -25876853 3112
DONE! 4 0 -118229296 -45507992 -25939390 3117
DONE! 4 0 -118229296 -45343368 -26104014 3132
DONE! 4 0 -118229296 -45151812 -26295570 3147
DONE! 4 0 -118229296 -44650000 -26797382 3177
DONE! 4 0 -118229296 -43850011 -27597371 3207
DONE! 4 0 -118229296 -42044806 -29402576 3237
DONE! 4 0 -118229296 -38140105 -33307277 3252
DONE! 4 0 -118229296 -43193402 -28253980 3222
DONE! 4 0 -118229296 -44305191 -27142191 3192
DONE! 4 0 -118229296 -44924994 -26522388 3162
DONE! 4 0 -118229296 -45706356 -25741026 3097
DONE! 4 0 -118229296 -45826310 -25621072 3082
DONE! 4 0 -118229296 -45651369 -25796013 3102
DONE! 4 0 -118229296 -43850011 -27597371 3207
DONE! 4 0 -118229296 -42044806 -29402576 3237
DONE! 4 0 -118229296 -38140105 -33307277 3252
DONE! 4 0 -118229296 -43193402 -28253980 3222
DONE! 4 0 -118229296 -44305191 -27142191 3192
DONE! 4 0 -118229296 -44650000 -26797382 3177
DONE! 4 0 -118229296 -44924994 -26522388 3162
DONE! 4 0 -118229296 -45151812 -26295570 3147
DONE! 4 0 -118229296 -45343368 -26104014 3132
DONE! 4 0 -118229296 -45507992 -25939390 3117
DONE! 4 0 -118229296 -45777558 -25669824 3087
DONE! 4 0 -118229296 -45989635 -25457747 3057
DONE! 4 0 -118229296 -45343368 -26104014 3132
DONE! 4 0 -118229296 -45151812 -26295570 3147
DONE! 4 0 -118229296 -44305191 -27142191 3192
DONE! 4 0 -118229296 -38140105 -33307277 3252
DONE! 4 0 -118229296 -42044806 -29402576 3237
DONE! 4 0 -118229296 -43193402 -28253980 3222
DONE! 4 0 -118229296 -43850011 -27597371 3207
DONE! 4 0 -118229296 -44650000 -26797382 3177
DONE! 4 0 -118229296 -44924994 -26522388 3162
DONE! 4 0 -118229296 -45507992 -25939390 3117
DONE! 4 0 -118229296 -45651369 -25796013 3102
DONE! 4 0 -118229296 -45777558 -25669824 3087
DONE! 4 0 -118229296 -45889554 -25557828 3072
DONE! 4 0 -118229296 -46114781 -25332601 3037
DONE! 4 0 -118229296 -46079567 -25367815 3042
DONE! 4 0 -118229296 -45989635 -25457747 3057
DONE! 4 0 -118229296 -45889554 -25557828 3072
DONE! 4 0 -118229296 -45651369 -25796013 3102
DONE! 4 0 -118229296 -44924994 -26522388 3162
DONE! 4 0 -118229296 -44650000 -26797382 3177
DONE! 4 0 -118229296 -43193402 -28253980 3222
DONE! 4 0 -118229296 -42044806 -29402576 3237
DONE! 4 0 -118229296 -38140105 -33307277 3252
DONE! 4 0 -118229296 -43850011 -27597371 3207
DONE! 4 0 -118229296 -44305191 -27142191 3192
DONE! 4 0 -118229296 -45151812 -26295570 3147
DONE! 4 0 -118229296 -45343368 -26104014 3132
DONE! 4 0 -118229296 -45507992 -25939390 3117
DONE! 4 0 -118229296 -45777558 -25669824 3087
DONE! 4 0 -118229296 -46146417 -25300965 3032
DONE! 4 0 -118229296 -46063676 -25383706 3047
DONE! 4 0 -118229296 -45971897 -25475485 3062
DONE! 4 0 -118229296 -45826310 -25621072 3082
DONE! 4 0 -118229296 -45343368 -26104014 3132
DONE! 4 0 -118229296 -45151812 -26295570 3147
DONE! 4 0 -118229296 -44924994 -26522388 3162
DONE! 4 0 -118229296 -44650000 -26797382 3177
DONE! 4 0 -118229296 -43850011 -27597371 3207
DONE! 4 0 -118229296 -38140105 -33307277 3252
DONE! 4 0 -118229296 -42044806 -29402576 3237
DONE! 4 0 -118229296 -43193402 -28253980 3222
DONE! 4 0 -118229296 -44305191 -27142191 3192
DONE! 4 0 -118229296 -45415240 -26032142 3127
DONE! 4 0 -118229296 -44924994 -26522388 3162
DONE! 4 0 -118229296 -44305191 -27142191 3192
DONE! 4 0 -118229296 -43850011 -27597371 3207
DONE! 4 0 -118229296 -38140105 -33307277 3252
DONE! 4 0 -118229296 -42044806 -29402576 3237
DONE! 4 0 -118229296 -43193402 -28253980 3222
DONE! 4 0 -118229296 -44650000 -26797382 3177
DONE! 4 0 -118229296 -45151812 -26295570 3147
DONE! 4 0 -118229296 -44650000 -26797382 3177
DONE! 4 0 -118229296 -43193402 -28253980 3222
DONE! 4 0 -118229296 -38140105 -33307277 3252
DONE! 4 0 -118229296 -42044806 -29402576 3237
DONE! 4 0 -118229296 -43850011 -27597371 3207
DONE! 4 0 -118229296 -44305191 -27142191 3192
DONE! 4 0 -118229296 -44924994 -26522388 3162
DONE! 4 0 -118229296 -45024188 -26423194 3157
DONE! 4 0 -118229296 -44305191 -27142191 3192
DONE! 4 0 -118229296 -43850011 -27597371 3207
DONE! 4 0 -118229296 -43193402 -28253980 3222
DONE! 4 0 -118229296 -38140105 -33307277 3252
DONE! 4 0 -118229296 -42044806 -29402576 3237
DONE! 4 0 -118229296 -44650000 -26797382 3177
DONE! 4 0 -118229296 -44770360 -26677022 3172
DONE! 4 0 -118229296 -43193402 -28253980 3222
DONE! 4 0 -118229296 -42044806 -29402576 3237
DONE! 4 0 -118229296 -38140105 -33307277 3252
DONE! 4 0 -118229296 -43850011 -27597371 3207
DONE! 4 0 -118229296 -44305191 -27142191 3192
DONE! 4 0 -118229296 -44456220 -26991162 3187
DONE! 4 0 -118229296 -42044806 -29402576 3237
DONE! 4 0 -118229296 -38140105 -33307277 3252
DONE! 4 0 -118229296 -43193402 -28253980 3222
DONE! 4 0 -118229296 -43481413 -27965969 3217
DONE! 4 0 -118229296 -42548958 -28898424 3232
DONE! 4 0 -118229296 -38140105 -33307277 3252
DONE! 4 0 -118229296 -39855153 -31592229 3247
DONE! 4 0 -118229296 -42044806 -29402576 3237
DONE! 4 0 -118229296 -38140105 -33307277 3252
DONE! 4 0 -118229296 -44049530 -27397852 3202
DONE! 4 0 -118229296 -43850011 -27597371 3207
DONE! 4 0 -118229296 -43193402 -28253980 3222
DONE! 4 0 -118229296 -38140105 -33307277 3252
DONE! 4 0 -118229296 -42044806 -29402576 3237
DONE! 4 0 -118229296 -45235515 -26211867 3142
DONE! 4 0 -118229296 -45570529 -25876853 3112
DONE! 4 0 -118229296 -45507992 -25939390 3117
DONE! 4 0 -118229296 -44924994 -26522388 3162
DONE! 4 0 -118229296 -44650000 -26797382 3177
DONE! 4 0 -118229296 -43850011 -27597371 3207
DONE! 4 0 -118229296 -42044806 -29402576 3237
DONE! 4 0 -118229296 -38140105 -33307277 3252
DONE! 4 0 -118229296 -43193402 -28253980 3222
DONE! 4 0 -118229296 -44305191 -27142191 3192
DONE! 4 0 -118229296 -45151812 -26295570 3147
DONE! 4 0 -118229296 -45343368 -26104014 3132
DONE! 4 0 -118229296 -45706356 -25741026 3097
DONE! 4 0 -118229296 -45651369 -25796013 3102
DONE! 4 0 -118229296 -45507992 -25939390 3117
DONE! 4 0 -118229296 -45151812 -26295570 3147
DONE! 4 0 -118229296 -44924994 -26522388 3162
DONE! 4 0 -118229296 -43850011 -27597371 3207
DONE! 4 0 -118229296 -38140105 -33307277 3252
DONE! 4 0 -118229296 -42044806 -29402576 3237
DONE! 4 0 -118229296 -43193402 -28253980 3222
DONE! 4 0 -118229296 -44305191 -27142191 3192
DONE! 4 0 -118229296 -44650000 -26797382 3177
DONE! 4 0 -118229296 -45343368 -26104014 3132
DONE! 4 0 -118229296 -45777558 -25669824 3087
DONE! 4 0 -118229296 -45507992 -25939390 3117
DONE! 4 0 -118229296 -45343368 -26104014 3132
DONE! 4 0 -118229296 -45151812 -26295570 3147
DONE! 4 0 -118229296 -44305191 -27142191 3192
DONE! 4 0 -118229296 -43850011 -27597371 3207
DONE! 4 0 -118229296 -42044806 -29402576 3237
DONE! 4 0 -118229296 -38140105 -33307277 3252
DONE! 4 0 -118229296 -43193402 -28253980 3222
DONE! 4 0 -118229296 -44650000 -26797382 3177
DONE! 4 0 -118229296 -44924994 -26522388 3162
DONE! 4 0 -118229296 -45651369 -25796013 3102
DONE! 4 0 -118229296 -45869595 -25577787 3077
DONE! 4 0 -118229296 -45507992 -25939390 3117
DONE! 4 0 -118229296 -45343368 -26104014 3132
DONE! 4 0 -118229296 -44924994 -26522388 3162
DONE! 4 0 -118229296 -44650000 -26797382 3177
DONE! 4 0 -118229296 -44305191 -27142191 3192
DONE! 4 0 -118229296 -38140105 -33307277 3252
DONE! 4 0 -118229296 -42044806 -29402576 3237
DONE! 4 0 -118229296 -43193402 -28253980 3222
DONE! 4 0 -118229296 -43850011 -27597371 3207
DONE! 4 0 -118229296 -45151812 -26295570 3147
DONE! 4 0 -118229296 -45651369 -25796013 3102
DONE! 4 0 -118229296 -45706356 -25741026 3097
DONE! 4 0 -118229296 -45343368 -26104014 3132
DONE! 4 0 -118229296 -45151812 -26295570 3147
DONE! 4 0 -118229296 -44305191 -27142191 3192
DONE! 4 0 -118229296 -38140105 -33307277 3252
DONE! 4 0 -118229296 -42044806 -29402576 3237
DONE! 4 0 -118229296 -43193402 -28253980 3222
DONE! 4 0 -118229296 -43850011 -27597371 3207
DONE! 4 0 -118229296 -44650000 -26797382 3177
DONE! 4 0 -118229296 -44924994 -26522388 3162
DONE! 4 0 -118229296 -45507992 -25939390 3117
DONE! 4 0 -118229296 -45415240 -26032142 3127
DONE! 4 0 -118229296 -44924994 -26522388 3162
DONE! 4 0 -118229296 -44305191 -27142191 3192
DONE! 4 0 -118229296 -43850011 -27597371 3207
DONE! 4 0 -118229296 -43193402 -28253980 3222
DONE! 4 0 -118229296 -42044806 -29402576 3237
DONE! 4 0 -118229296 -38140105 -33307277 3252
DONE! 4 0 -118229296 -44650000 -26797382 3177
DONE! 4 0 -118229296 -44650000 -26797382 3177
DONE! 4 0 -118229296 -38140105 -33307277 3252
DONE! 4 0 -118229296 -42044806 -29402576 3237
DONE! 4 0 -118229296 -43193402 -28253980 3222
DONE! 4 0 -118229296 -43850011 -27597371 3207
DONE! 4 0 -118229296 -44305191 -27142191 3192
DONE! 4 0 -118229296 -44456220 -26991162 3187
DONE! 4 0 -118229296 -43850011 -27597371 3207
DONE! 4 0 -118229296 -43193402 -28253980 3222
DONE! 4 0 -118229296 -42044806 -29402576 3237
DONE! 4 0 -118229296 -38140105 -33307277 3252
DONE! 4 0 -118229296 -42044806 -29402576 3237
DONE! 4 0 -118229296 -38140105 -33307277 3252
DONE! 4 0 -118229296 -38140105 -33307277 3252
DONE! 4 0 -118229296 -39855153 -31592229 3247
DONE! 4 0 -118229296 -42548958 -28898424 3232
DONE! 4 0 -118229296 -43481413 -27965969 3217
DONE! 4 0 -118229296 -38140105 -33307277 3252
DONE! 4 0 -118229296 -42044806 -29402576 3237
DONE! 4 0 -118229296 -43193402 -28253980 3222
DONE! 4 0 -118229296 -44049530 -27397852 3202
DONE! 4 0 -118229296 -44305191 -27142191 3192
DONE! 4 0 -118229296 -43193402 -28253980 3222
DONE! 4 0 -118229296 -38140105 -33307277 3252
DONE! 4 0 -118229296 -42044806 -29402576 3237
DONE! 4 0 -118229296 -43850011 -27597371 3207
DONE! 4 0 -118229296 -44770360 -26677022 3172
DONE! 4 0 -118229296 -45024188 -26423194 3157
DONE! 4 0 -118229296 -45235515 -26211867 3142
DONE! 4 0 -118229296 -45151812 -26295570 3147
DONE! 4 0 -118229296 -44924994 -26522388 3162
DONE! 4 0 -118229296 -44305191 -27142191 3192
DONE! 4 0 -118229296 -38140105 -33307277 3252
DONE! 4 0 -118229296 -42044806 -29402576 3237
DONE! 4 0 -118229296 -43193402 -28253980 3222
DONE! 4 0 -118229296 -43850011 -27597371 3207
DONE! 4 0 -118229296 -44650000 -26797382 3177
DONE! 4 0 -118229296 -45343368 -26104014 3132
DONE! 4 0 -118229296 -44924994 -26522388 3162
DONE! 4 0 -118229296 -44650000 -26797382 3177
DONE! 4 0 -118229296 -44305191 -27142191 3192
DONE! 4 0 -118229296 -43850011 -27597371 3207
DONE! 4 0 -118229296 -38140105 -33307277 3252
DONE! 4 0 -118229296 -42044806 -29402576 3237
DONE! 4 0 -118229296 -43193402 -28253980 3222
DONE! 4 0 -118229296 -45151812 -26295570 3147
DONE! 4 0 -118229296 -45570529 -25876853 3112
DONE! 4 0 -118229296 -45754877 -25692505 3092
DONE! 4 0 -118229296 -44924994 -26522388 3162
DONE! 4 0 -118229296 -43850011 -27597371 3207
DONE! 4 0 -118229296 -43193402 -28253980 3222
DONE! 4 0 -118229296 -42044806 -29402576 3237
DONE! 4 0 -118229296 -38140105 -33307277 3252
DONE! 4 0 -118229296 -44305191 -27142191 3192
DONE! 4 0 -118229296 -44650000 -26797382 3177
DONE! 4 0 -118229296 -45151812 -26295570 3147
DONE! 4 0 -118229296 -45343368 -26104014 3132
DONE! 4 0 -118229296 -45507992 -25939390 3117
DONE! 4 0 -118229296 -38140105 -33307277 3252
DONE! 4 0 -118229296 -42044806 -29402576 3237
DONE! 4 0 -118229296 -43193402 -28253980 3222
DONE! 4 0 -118229296 -43850011 -27597371 3207
DONE! 4 0 -118229296 -44305191 -27142191 3192
DONE! 4 0 -118229296 -44650000 -26797382 3177
DONE! 4 0 -118229296 -44924994 -26522388 3162
DONE! 4 0 -118229296 -45151812 -26295570 3147
DONE! 4 0 -118229296 -45343368 -26104014 3132
DONE! 4 0 -118229296 -44650000 -26797382 3177
DONE! 4 0 -118229296 -44305191 -27142191 3192
DONE! 4 0 -118229296 -43850011 -27597371 3207
DONE! 4 0 -118229296 -43193402 -28253980 3222
DONE! 4 0 -118229296 -38140105 -33307277 3252
DONE! 4 0 -118229296 -42044806 -29402576 3237
DONE! 4 0 -118229296 -44770360 -26677022 3172
DONE! 4 0 -118229296 -43193402 -28253980 3222
DONE! 4 0 -118229296 -42044806 -29402576 3237
DONE! 4 0 -118229296 -38140105 -33307277 3252
DONE! 4 0 -118229296 -43850011 -27597371 3207
DONE! 4 0 -118229296 -44305191 -27142191 3192
DONE! 4 0 -118229296 -44456220 -26991162 3187
DONE! 4 0 -118229296 -43193402 -28253980 3222
DONE! 4 0 -118229296 -38140105 -33307277 3252
DONE! 4 0 -118229296 -42044806 -29402576 3237
DONE! 4 0 -118229296 -43481413 -27965969 3217
DONE! 4 0 -118229296 -38140105 -33307277 3252
DONE! 4 0 -118229296 -39855153 -31592229 3247
DONE! 4 0 -118229296 -42548958 -28898424 3232
DONE! 4 0 -118229296 -42044806 -29402576 3237
DONE! 4 0 -118229296 -38140105 -33307277 3252
DONE! 4 0 -118229296 -44049530 -27397852 3202
DONE! 4 0 -118229296 -42044806 -29402576 3237
DONE! 4 0 -118229296 -38140105 -33307277 3252
DONE! 4 0 -118229296 -43193402 -28253980 3222
DONE! 4 0 -118229296 -43850011 -27597371 3207
DONE! 4 0 -118229296 -45024188 -26423194 3157
DONE! 4 0 -118229296 -44924994 -26522388 3162
DONE! 4 0 -118229296 -44650000 -26797382 3177
DONE! 4 0 -118229296 -44305191 -27142191 3192
DONE! 4 0 -118229296 -43850011 -27597371 3207
DONE! 4 0 -118229296 -43193402 -28253980 3222
DONE! 4 0 -118229296 -42044806 -29402576 3237
DONE! 4 0 -118229296 -38140105 -33307277 3252
DONE! 4 0 -118229296 -45235515 -26211867 3142
DONE! 4 0 -118229296 -44305191 -27142191 3192
DONE! 4 0 -118229296 -42044806 -29402576 3237
DONE! 4 0 -118229296 -38140105 -33307277 3252
DONE! 4 0 -118229296 -43193402 -28253980 3222
DONE! 4 0 -118229296 -43850011 -27597371 3207
DONE! 4 0 -118229296 -44650000 -26797382 3177
DONE! 4 0 -118229296 -44924994 -26522388 3162
DONE! 4 0 -118229296 -45151812 -26295570 3147
DONE! 4 0 -118229296 -45415240 -26032142 3127
DONE! 4 0 -118229296 -45570529 -25876853 3112
DONE! 4 0 -118229296 -45415240 -26032142 3127
DONE! 4 0 -118229296 -44924994 -26522388 3162
DONE! 4 0 -118229296 -42044806 -29402576 3237
DONE! 4 0 -118229296 -38140105 -33307277 3252
DONE! 4 0 -118229296 -43193402 -28253980 3222
DONE! 4 0 -118229296 -43850011 -27597371 3207
DONE! 4 0 -118229296 -44305191 -27142191 3192
DONE! 4 0 -118229296 -44650000 -26797382 3177
DONE! 4 0 -118229296 -45024188 -26423194 3157
DONE! 4 0 -118229296 -44650000 -26797382 3177
DONE! 4 0 -118229296 -43193402 -28253980 3222
DONE! 4 0 -118229296 -38140105 -33307277 3252
DONE! 4 0 -118229296 -42044806 -29402576 3237
DONE! 4 0 -118229296 -43850011 -27597371 3207
DONE! 4 0 -118229296 -44305191 -27142191 3192
DONE! 4 0 -118229296 -44770360 -26677022 3172
DONE! 4 0 -118229296 -44305191 -27142191 3192
DONE! 4 0 -118229296 -43850011 -27597371 3207
DONE! 4 0 -118229296 -43193402 -28253980 3222
DONE! 4 0 -118229296 -42044806 -29402576 3237
DONE! 4 0 -118229296 -38140105 -33307277 3252
DONE! 4 0 -118229296 -44456220 -26991162 3187
DONE! 4 0 -118229296 -44049530 -27397852 3202
DONE! 4 0 -118229296 -43193402 -28253980 3222
DONE! 4 0 -118229296 -38140105 -33307277 3252
DONE! 4 0 -118229296 -42044806 -29402576 3237
DONE! 4 0 -118229296 -42548958 -28898424 3232
DONE! 4 0 -118229296 -38140105 -33307277 3252
DONE! 4 0 -118229296 -39855153 -31592229 3247
DONE! 4 0 -118229296 -38140105 -33307277 3252
DONE! 4 0 -118229296 -42044806 -29402576 3237
DONE! 4 0 -118229296 -43481413 -27965969 3217
DONE! 4 0 -118229296 -42044806 -29402576 3237
DONE! 4 0 -118229296 -38140105 -33307277 3252
DONE! 4 0 -118229296 -43193402 -28253980 3222
DONE! 4 0 -118229296 -43850011 -27597371 3207
DONE! 4 0 -118229296 -45235515 -26211867 3142
DONE! 4 0 -118229296 -43850011 -27597371 3207
DONE! 4 0 -118229296 -43193402 -28253980 3222
DONE! 4 0 -118229296 -42044806 -29402576 3237
DONE! 4 0 -118229296 -38140105 -33307277 3252
DONE! 4 0 -118229296 -44305191 -27142191 3192
DONE! 4 0 -118229296 -44650000 -26797382 3177
DONE! 4 0 -118229296 -44924994 -26522388 3162
DONE! 4 0 -118229296 -45151812 -26295570 3147
DONE! 4 0 -118229296 -45343368 -26104014 3132
DONE! 4 0 -118229296 -45151812 -26295570 3147
DONE! 4 0 -118229296 -44924994 -26522388 3162
DONE! 4 0 -118229296 -42044806 -29402576 3237
DONE! 4 0 -118229296 -38140105 -33307277 3252
DONE! 4 0 -118229296 -43193402 -28253980 3222
DONE! 4 0 -118229296 -43850011 -27597371 3207
DONE! 4 0 -118229296 -44305191 -27142191 3192
DONE! 4 0 -118229296 -44650000 -26797382 3177
DONE! 4 0 -118229296 -45151812 -26295570 3147
DONE! 4 0 -118229296 -44305191 -27142191 3192
DONE! 4 0 -118229296 -43850011 -27597371 3207
DONE! 4 0 -118229296 -42044806 -29402576 3237
DONE! 4 0 -118229296 -38140105 -33307277 3252
DONE! 4 0 -118229296 -43193402 -28253980 3222
DONE! 4 0 -118229296 -44650000 -26797382 3177
DONE! 4 0 -118229296 -44924994 -26522388 3162
DONE! 4 0 -118229296 -45235515 -26211867 3142
DONE! 4 0 -118229296 -45024188 -26423194 3157
DONE! 4 0 -118229296 -44650000 -26797382 3177
DONE! 4 0 -118229296 -43850011 -27597371 3207
DONE! 4 0 -118229296 -38140105 -33307277 3252
DONE! 4 0 -118229296 -42044806 -29402576 3237
DONE! 4 0 -118229296 -43193402 -28253980 3222
DONE! 4 0 -118229296 -44305191 -27142191 3192
DONE! 4 0 -118229296 -44770360 -26677022 3172
DONE! 4 0 -118229296 -44456220 -26991162 3187
DONE! 4 0 -118229296 -44049530 -27397852 3202
DONE! 4 0 -118229296 -43481413 -27965969 3217
DONE! 4 0 -118229296 -39855153 -31592229 3247
DONE! 4 0 -118229296 -38140105 -33307277 3252
DONE! 4 0 -118229296 -42548958 -28898424 3232
DONE! 4 0 -118229296 -38140105 -33307277 3252
DONE! 4 0 -118229296 -42044806 -29402576 3237
DONE! 4 0 -118229296 -43193402 -28253980 3222
DONE! 4 0 -118229296 -42044806 -29402576 3237
DONE! 4 0 -118229296 -38140105 -33307277 3252
DONE! 4 0 -118229296 -42044806 -29402576 3237
DONE! 4 0 -118229296 -38140105 -33307277 3252
DONE! 4 0 -118229296 -43193402 -28253980 3222
DONE! 4 0 -118229296 -43850011 -27597371 3207
DONE! 4 0 -118229296 -44305191 -27142191 3192
DONE! 4 0 -118229296 -38140105 -33307277 3252
DONE! 4 0 -118229296 -42044806 -29402576 3237
DONE! 4 0 -118229296 -43193402 -28253980 3222
DONE! 4 0 -118229296 -43850011 -27597371 3207
DONE! 4 0 -118229296 -44650000 -26797382 3177
DONE! 4 0 -118229296 -43850011 -27597371 3207
DONE! 4 0 -118229296 -38140105 -33307277 3252
DONE! 4 0 -118229296 -42044806 -29402576 3237
DONE! 4 0 -118229296 -43193402 -28253980 3222
DONE! 4 0 -118229296 -44305191 -27142191 3192
DONE! 4 0 -118229296 -44924994 -26522388 3162
DONE! 4 0 -118229296 -44924994 -26522388 3162
DONE! 4 0 -118229296 -43850011 -27597371 3207
DONE! 4 0 -118229296 -43193402 -28253980 3222
DONE! 4 0 -118229296 -38140105 -33307277 3252
DONE! 4 0 -118229296 -42044806 -29402576 3237
DONE! 4 0 -118229296 -44305191 -27142191 3192
DONE! 4 0 -118229296 -44650000 -26797382 3177
DONE! 4 0 -118229296 -45024188 -26423194 3157
DONE! 4 0 -118229296 -43850011 -27597371 3207
DONE! 4 0 -118229296 -43193402 -28253980 3222
DONE! 4 0 -118229296 -38140105 -33307277 3252
DONE! 4 0 -118229296 -42044806 -29402576 3237
DONE! 4 0 -118229296 -44305191 -27142191 3192
DONE! 4 0 -118229296 -44650000 -26797382 3177
DONE! 4 0 -118229296 -44770360 -26677022 3172
DONE! 4 0 -118229296 -43193402 -28253980 3222
DONE! 4 0 -118229296 -38140105 -33307277 3252
DONE! 4 0 -118229296 -42044806 -29402576 3237
DONE! 4 0 -118229296 -38140105 -33307277 3252
DONE! 4 0 -118229296 -42044806 -29402576 3237
DONE! 4 0 -118229296 -39855153 -31592229 3247
DONE! 4 0 -118229296 -38140105 -33307277 3252
DONE! 4 0 -118229296 -42548958 -28898424 3232
DONE! 4 0 -118229296 -43481413 -27965969 3217
DONE! 4 0 -118229296 -44049530 -27397852 3202
DONE! 4 0 -118229296 -43850011 -27597371 3207
DONE! 4 0 -118229296 -43193402 -28253980 3222
DONE! 4 0 -118229296 -38140105 -33307277 3252
DONE! 4 0 -118229296 -42044806 -29402576 3237
DONE! 4 0 -118229296 -44456220 -26991162 3187
DONE! 4 0 -118229296 -43850011 -27597371 3207
DONE! 4 0 -118229296 -43193402 -28253980 3222
DONE! 4 0 -118229296 -38140105 -33307277 3252
DONE! 4 0 -118229296 -42044806 -29402576 3237
DONE! 4 0 -118229296 -44305191 -27142191 3192
DONE! 4 0 -118229296 -44650000 -26797382 3177
DONE! 4 0 -118229296 -44305191 -27142191 3192
DONE! 4 0 -118229296 -43850011 -27597371 3207
DONE! 4 0 -118229296 -43193402 -28253980 3222
DONE! 4 0 -118229296 -38140105 -33307277 3252
DONE! 4 0 -118229296 -42044806 -29402576 3237
DONE! 4 0 -118229296 -44305191 -27142191 3192
DONE! 4 0 -118229296 -43850011 -27597371 3207
DONE! 4 0 -118229296 -43193402 -28253980 3222
DONE! 4 0 -118229296 -42044806 -29402576 3237
DONE! 4 0 -118229296 -38140105 -33307277 3252
DONE! 4 0 -118229296 -44456220 -26991162 3187
DONE! 4 0 -118229296 -42044806 -29402576 3237
DONE! 4 0 -118229296 -38140105 -33307277 3252
DONE! 4 0 -118229296 -43193402 -28253980 3222
DONE! 4 0 -118229296 -43481413 -27965969 3217
DONE! 4 0 -118229296 -42548958 -28898424 3232
DONE! 4 0 -118229296 -38140105 -33307277 3252
DONE! 4 0 -118229296 -39855153 -31592229 3247
DONE! 4 0 -118229296 -38140105 -33307277 3252
DONE! 4 0 -118229296 -42044806 -29402576 3237
DONE! 4 0 -118229296 -44049530 -27397852 3202
DONE! 4 0 -118229296 -42044806 -29402576 3237
DONE! 4 0 -118229296 -38140105 -33307277 3252
DONE! 4 0 -118229296 -43193402 -28253980 3222
DONE! 4 0 -118229296 -43850011 -27597371 3207
DONE! 4 0 -118229296 -44770360 -26677022 3172
DONE! 4 0 -118229296 -44869323 -26578059 3167
DONE! 4 0 -118229296 -44305191 -27142191 3192
DONE! 4 0 -118229296 -43850011 -27597371 3207
DONE! 4 0 -118229296 -38140105 -33307277 3252
DONE! 4 0 -118229296 -42044806 -29402576 3237
DONE! 4 0 -118229296 -43193402 -28253980 3222
DONE! 4 0 -118229296 -42044806 -29402576 3237
DONE! 4 0 -118229296 -38140105 -33307277 3252
DONE! 4 0 -118229296 -43193402 -28253980 3222
DONE! 4 0 -118229296 -43850011 -27597371 3207
DONE! 4 0 -118229296 -44049530 -27397852 3202
DONE! 4 0 -118229296 -38140105 -33307277 3252
DONE! 4 0 -118229296 -42044806 -29402576 3237
DONE! 4 0 -118229296 -42548958 -28898424 3232
DONE! 4 0 -118229296 -39855153 -31592229 3247
DONE! 4 0 -118229296 -38140105 -33307277 3252
DONE! 4 0 -118229296 -43481413 -27965969 3217
DONE! 4 0 -118229296 -43193402 -28253980 3222
DONE! 4 0 -118229296 -38140105 -33307277 3252
DONE! 4 0 -118229296 -42044806 -29402576 3237
DONE! 4 0 -118229296 -44456220 -26991162 3187
DONE! 4 0 -118229296 -44576349 -26871033 3182
DONE! 4 0 -118229296 -42044806 -29402576 3237
DONE! 4 0 -118229296 -38140105 -33307277 3252
DONE! 4 0 -118229296 -43193402 -28253980 3222
DONE! 4 0 -118229296 -43850011 -27597371 3207
DONE! 4 0 -118229296 -44049530 -27397852 3202
DONE! 4 0 -118229296 -38140105 -33307277 3252
DONE! 4 0 -118229296 -42044806 -29402576 3237
DONE! 4 0 -118229296 -43193402 -28253980 3222
DONE! 4 0 -118229296 -38140105 -33307277 3252
DONE! 4 0 -118229296 -42044806 -29402576 3237
DONE! 4 0 -118229296 -42548958 -28898424 3232
DONE! 4 0 -118229296 -39855153 -31592229 3247
DONE! 4 0 -118229296 -38140105 -33307277 3252
DONE! 4 0 -118229296 -43481413 -27965969 3217
DONE! 4 0 -118229296 -43680701 -27766681 3212
DONE! 4 0 -118229296 -40359074 -31088308 3242
DONE! 4 0 -118229296 -39855153 -31592229 3247
DONE! 4 0 -118229296 -38140105 -33307277 3252
DONE! 4 0 -118229296 -42836738 -28610644 3227
DONE! 4 0 -118229296 -39855153 -31592229 3247
DONE! 4 0 -118229296 -38140105 -33307277 3252
DONE! 4 0 -118229296 -42548958 -28898424 3232
DONE! 4 0 -118229296 -42044806 -29402576 3237
DONE! 4 0 -118229296 -38140105 -33307277 3252
DONE! 4 0 -118229296 -43193402 -28253980 3222
DONE! 4 0 -118229296 -42044806 -29402576 3237
DONE! 4 0 -118229296 -38140105 -33307277 3252
DONE! 4 0 -118229296 -38140105 -33307277 3252
DONE! 4 0 -118229296 -42044806 -29402576 3237
DONE! 4 0 -118229296 -38140105 -33307277 3252
DONE! 4 0 -118229296 -39855153 -31592229 3247
DONE! 4 0 -118229296 -42548958 -28898424 3232
DONE! 4 0 -118229296 -43481413 -27965969 3217
DONE! 4 0 -118229296 -44200328 -27247054 3197
DONE! 4 0 -118229296 -45107660 -26339722 3152
DONE! 4 0 -118229296 -45307156 -26140226 3137
DONE! 4 0 -118229296 -45477546 -25969836 3122
DONE! 4 0 -118229296 -45625285 -25822097 3107
DONE! 4 0 -118229296 -45651369 -25796013 3102
DONE! 4 0 -118229296 -45151812 -26295570 3147
DONE! 4 0 -118229296 -44305191 -27142191 3192
DONE! 4 0 -118229296 -38140105 -33307277 3252
DONE! 4 0 -118229296 -42044806 -29402576 3237
DONE! 4 0 -118229296 -43193402 -28253980 3222
DONE! 4 0 -118229296 -43850011 -27597371 3207
DONE! 4 0 -118229296 -44650000 -26797382 3177
DONE! 4 0 -118229296 -44924994 -26522388 3162
DONE! 4 0 -118229296 -45343368 -26104014 3132
DONE! 4 0 -118229296 -45507992 -25939390 3117
DONE! 4 0 -118229296 -45777558 -25669824 3087
DONE! 4 0 -118229296 -45889554 -25557828 3072
DONE! 4 0 -118229296 -45933070 -25514312 3067
DONE! 4 0 -118229296 -45343368 -26104014 3132
DONE! 4 0 -118229296 -44305191 -27142191 3192
DONE! 4 0 -118229296 -43850011 -27597371 3207
DONE! 4 0 -118229296 -38140105 -33307277 3252
DONE! 4 0 -118229296 -42044806 -29402576 3237
DONE! 4 0 -118229296 -43193402 -28253980 3222
DONE! 4 0 -118229296 -44650000 -26797382 3177
DONE! 4 0 -118229296 -44924994 -26522388 3162
DONE! 4 0 -118229296 -45151812 -26295570 3147
DONE! 4 0 -118229296 -45507992 -25939390 3117
DONE! 4 0 -118229296 -45651369 -25796013 3102
DONE! 4 0 -118229296 -45777558 -25669824 3087
DONE! 4 0 -118229296 -45826310 -25621072 3082
DONE! 4 0 -118229296 -45706356 -25741026 3097
DONE! 4 0 -118229296 -45507992 -25939390 3117
DONE! 4 0 -118229296 -45151812 -26295570 3147
DONE! 4 0 -118229296 -43850011 -27597371 3207
DONE! 4 0 -118229296 -43193402 -28253980 3222
DONE! 4 0 -118229296 -38140105 -33307277 3252
DONE! 4 0 -118229296 -42044806 -29402576 3237
DONE! 4 0 -118229296 -44305191 -27142191 3192
DONE! 4 0 -118229296 -44650000 -26797382 3177
DONE! 4 0 -118229296 -44924994 -26522388 3162
DONE! 4 0 -118229296 -45343368 -26104014 3132
DONE! 4 0 -118229296 -45570529 -25876853 3112
DONE! 4 0 -118229296 -45151812 -26295570 3147
DONE! 4 0 -118229296 -43193402 -28253980 3222
DONE! 4 0 -118229296 -38140105 -33307277 3252
DONE! 4 0 -118229296 -42044806 -29402576 3237
DONE! 4 0 -118229296 -43850011 -27597371 3207
DONE! 4 0 -118229296 -44305191 -27142191 3192
DONE! 4 0 -118229296 -44650000 -26797382 3177
DONE! 4 0 -118229296 -44924994 -26522388 3162
DONE! 4 0 -118229296 -45235515 -26211867 3142
DONE! 4 0 -118229296 -44305191 -27142191 3192
DONE! 4 0 -118229296 -43850011 -27597371 3207
DONE! 4 0 -118229296 -43193402 -28253980 3222
DONE! 4 0 -118229296 -42044806 -29402576 3237
DONE! 4 0 -118229296 -38140105 -33307277 3252
DONE! 4 0 -118229296 -44650000 -26797382 3177
DONE! 4 0 -118229296 -44770360 -26677022 3172
DONE! 4 0 -118229296 -44305191 -27142191 3192
DONE! 4 0 -118229296 -43850011 -27597371 3207
DONE! 4 0 -118229296 -43193402 -28253980 3222
DONE! 4 0 -118229296 -38140105 -33307277 3252
DONE! 4 0 -118229296 -42044806 -29402576 3237
DONE! 4 0 -118229296 -44456220 -26991162 3187
DONE! 4 0 -118229296 -43193402 -28253980 3222
DONE! 4 0 -118229296 -42044806 -29402576 3237
DONE! 4 0 -118229296 -38140105 -33307277 3252
DONE! 4 0 -118229296 -43850011 -27597371 3207
DONE! 4 0 -118229296 -44049530 -27397852 3202
DONE! 4 0 -118229296 -43481413 -27965969 3217
DONE! 4 0 -118229296 -38140105 -33307277 3252
DONE! 4 0 -118229296 -39855153 -31592229 3247
DONE! 4 0 -118229296 -42548958 -28898424 3232
DONE! 4 0 -118229296 -42044806 -29402576 3237
DONE! 4 0 -118229296 -38140105 -33307277 3252
DONE! 4 0 -118229296 -42044806 -29402576 3237
DONE! 4 0 -118229296 -38140105 -33307277 3252
DONE! 4 0 -118229296 -43193402 -28253980 3222
DONE! 4 0 -118229296 -45024188 -26423194 3157
DONE! 4 0 -118229296 -44650000 -26797382 3177
DONE! 4 0 -118229296 -44305191 -27142191 3192
DONE! 4 0 -118229296 -43850011 -27597371 3207
DONE! 4 0 -118229296 -43193402 -28253980 3222
DONE! 4 0 -118229296 -38140105 -33307277 3252
DONE! 4 0 -118229296 -42044806 -29402576 3237
DONE! 4 0 -118229296 -44924994 -26522388 3162
DONE! 4 0 -118229296 -45415240 -26032142 3127
DONE! 4 0 -118229296 -45343368 -26104014 3132
DONE! 4 0 -118229296 -45151812 -26295570 3147
DONE! 4 0 -118229296 -44305191 -27142191 3192
DONE! 4 0 -118229296 -43850011 -27597371 3207
DONE! 4 0 -118229296 -43193402 -28253980 3222
DONE! 4 0 -118229296 -42044806 -29402576 3237
DONE! 4 0 -118229296 -38140105 -33307277 3252
DONE! 4 0 -118229296 -44650000 -26797382 3177
DONE! 4 0 -118229296 -44924994 -26522388 3162
DONE! 4 0 -118229296 -45507992 -25939390 3117
DONE! 4 0 -118229296 -43850011 -27597371 3207
DONE! 4 0 -118229296 -42044806 -29402576 3237
DONE! 4 0 -118229296 -38140105 -33307277 3252
DONE! 4 0 -118229296 -43193402 -28253980 3222
DONE! 4 0 -118229296 -44305191 -27142191 3192
DONE! 4 0 -118229296 -44650000 -26797382 3177
DONE! 4 0 -118229296 -44924994 -26522388 3162
DONE! 4 0 -118229296 -45151812 -26295570 3147
DONE! 4 0 -118229296 -45343368 -26104014 3132
DONE! 4 0 -118229296 -45651369 -25796013 3102
DONE! 4 0 -118229296 -46028693 -25418689 3052
DONE! 4 0 -118229296 -45933070 -25514312 3067
DONE! 4 0 -118229296 -45651369 -25796013 3102
DONE! 4 0 -118229296 -44650000 -26797382 3177
DONE! 4 0 -118229296 -44305191 -27142191 3192
DONE! 4 0 -118229296 -43850011 -27597371 3207
DONE! 4 0 -118229296 -38140105 -33307277 3252
DONE! 4 0 -118229296 -42044806 -29402576 3237
DONE! 4 0 -118229296 -43193402 -28253980 3222
DONE! 4 0 -118229296 -44924994 -26522388 3162
DONE! 4 0 -118229296 -45151812 -26295570 3147
DONE! 4 0 -118229296 -45343368 -26104014 3132
DONE! 4 0 -118229296 -45507992 -25939390 3117
DONE! 4 0 -118229296 -45777558 -25669824 3087
DONE! 4 0 -118229296 -45826310 -25621072 3082
DONE! 4 0 -118229296 -44924994 -26522388 3162
DONE! 4 0 -118229296 -44650000 -26797382 3177
DONE! 4 0 -118229296 -44305191 -27142191 3192
DONE! 4 0 -118229296 -43850011 -27597371 3207
DONE! 4 0 -118229296 -42044806 -29402576 3237
DONE! 4 0 -118229296 -38140105 -33307277 3252
DONE! 4 0 -118229296 -43193402 -28253980 3222
DONE! 4 0 -118229296 -45151812 -26295570 3147
DONE! 4 0 -118229296 -45343368 -26104014 3132
DONE! 4 0 -118229296 -45507992 -25939390 3117
DONE! 4 0 -118229296 -45151812 -26295570 3147
DONE! 4 0 -118229296 -44650000 -26797382 3177
DONE! 4 0 -118229296 -44305191 -27142191 3192
DONE! 4 0 -118229296 -43850011 -27597371 3207
DONE! 4 0 -118229296 -38140105 -33307277 3252
DONE! 4 0 -118229296 -42044806 -29402576 3237
DONE! 4 0 -118229296 -43193402 -28253980 3222
DONE! 4 0 -118229296 -44924994 -26522388 3162
DONE! 4 0 -118229296 -45343368 -26104014 3132
DONE! 4 0 -118229296 -45415240 -26032142 3127
DONE! 4 0 -118229296 -44650000 -26797382 3177
DONE! 4 0 -118229296 -44305191 -27142191 3192
DONE! 4 0 -118229296 -42044806 -29402576 3237
DONE! 4 0 -118229296 -38140105 -33307277 3252
DONE! 4 0 -118229296 -43193402 -28253980 3222
DONE! 4 0 -118229296 -43850011 -27597371 3207
DONE! 4 0 -118229296 -44924994 -26522388 3162
DONE! 4 0 -118229296 -45151812 -26295570 3147
DONE! 4 0 -118229296 -44650000 -26797382 3177
DONE! 4 0 -118229296 -43850011 -27597371 3207
DONE! 4 0 -118229296 -42044806 -29402576 3237
DONE! 4 0 -118229296 -38140105 -33307277 3252
DONE! 4 0 -118229296 -43193402 -28253980 3222
DONE! 4 0 -118229296 -44305191 -27142191 3192
DONE! 4 0 -118229296 -44924994 -26522388 3162
DONE! 4 0 -118229296 -45024188 -26423194 3157
DONE! 4 0 -118229296 -44770360 -26677022 3172
DONE! 4 0 -118229296 -43850011 -27597371 3207
DONE! 4 0 -118229296 -43193402 -28253980 3222
DONE! 4 0 -118229296 -42044806 -29402576 3237
DONE! 4 0 -118229296 -38140105 -33307277 3252
DONE! 4 0 -118229296 -43193402 -28253980 3222
DONE! 4 0 -118229296 -38140105 -33307277 3252
DONE! 4 0 -118229296 -42044806 -29402576 3237
DONE! 4 0 -118229296 -38140105 -33307277 3252
DONE! 4 0 -118229296 -42044806 -29402576 3237
DONE! 4 0 -118229296 -42548958 -28898424 3232
DONE! 4 0 -118229296 -39855153 -31592229 3247
DONE! 4 0 -118229296 -38140105 -33307277 3252
DONE! 4 0 -118229296 -43481413 -27965969 3217
DONE! 4 0 -118229296 -44049530 -27397852 3202
DONE! 4 0 -118229296 -44456220 -26991162 3187
DONE! 4 0 -118229296 -43193402 -28253980 3222
DONE! 4 0 -118229296 -38140105 -33307277 3252
DONE! 4 0 -118229296 -42044806 -29402576 3237
DONE! 4 0 -118229296 -43850011 -27597371 3207
DONE! 4 0 -118229296 -44305191 -27142191 3192
DONE! 4 0 -118229296 -44650000 -26797382 3177
DONE! 4 0 -118229296 -44305191 -27142191 3192
DONE! 4 0 -118229296 -43850011 -27597371 3207
DONE! 4 0 -118229296 -42044806 -29402576 3237
DONE! 4 0 -118229296 -38140105 -33307277 3252
DONE! 4 0 -118229296 -43193402 -28253980 3222
DONE! 4 0 -118229296 -45235515 -26211867 3142
DONE! 4 0 -118229296 -45570529 -25876853 3112
DONE! 4 0 -118229296 -45706356 -25741026 3097
DONE! 4 0 -118229296 -45651369 -25796013 3102
DONE! 4 0 -118229296 -45507992 -25939390 3117
DONE! 4 0 -118229296 -44305191 -27142191 3192
DONE! 4 0 -118229296 -43850011 -27597371 3207
DONE! 4 0 -118229296 -43193402 -28253980 3222
DONE! 4 0 -118229296 -38140105 -33307277 3252
DONE! 4 0 -118229296 -42044806 -29402576 3237
DONE! 4 0 -118229296 -44650000 -26797382 3177
DONE! 4 0 -118229296 -44924994 -26522388 3162
DONE! 4 0 -118229296 -45151812 -26295570 3147
DONE! 4 0 -118229296 -45343368 -26104014 3132
DONE! 4 0 -118229296 -45889554 -25557828 3072
DONE! 4 0 -118229296 -45777558 -25669824 3087
DONE! 4 0 -118229296 -45651369 -25796013 3102
DONE! 4 0 -118229296 -45507992 -25939390 3117
DONE! 4 0 -118229296 -44924994 -26522388 3162
DONE! 4 0 -118229296 -43850011 -27597371 3207
DONE! 4 0 -118229296 -38140105 -33307277 3252
DONE! 4 0 -118229296 -42044806 -29402576 3237
DONE! 4 0 -118229296 -43193402 -28253980 3222
DONE! 4 0 -118229296 -44305191 -27142191 3192
DONE! 4 0 -118229296 -44650000 -26797382 3177
DONE! 4 0 -118229296 -45151812 -26295570 3147
DONE! 4 0 -118229296 -45343368 -26104014 3132
DONE! 4 0 -118229296 -45777558 -25669824 3087
DONE! 4 0 -118229296 -45651369 -25796013 3102
DONE! 4 0 -118229296 -45507992 -25939390 3117
DONE! 4 0 -118229296 -45343368 -26104014 3132
DONE! 4 0 -118229296 -45151812 -26295570 3147
DONE! 4 0 -118229296 -44924994 -26522388 3162
DONE! 4 0 -118229296 -44650000 -26797382 3177
DONE! 4 0 -118229296 -38140105 -33307277 3252
DONE! 4 0 -118229296 -42044806 -29402576 3237
DONE! 4 0 -118229296 -43193402 -28253980 3222
DONE! 4 0 -118229296 -43850011 -27597371 3207
DONE! 4 0 -118229296 -44305191 -27142191 3192
DONE! 4 0 -118229296 -45889554 -25557828 3072
DONE! 4 0 -118229296 -45989635 -25457747 3057
DONE! 4 0 -118229296 -46063676 -25383706 3047
DONE! 4 0 -118229296 -45889554 -25557828 3072
DONE! 4 0 -118229296 -45651369 -25796013 3102
DONE! 4 0 -118229296 -45507992 -25939390 3117
DONE! 4 0 -118229296 -45343368 -26104014 3132
DONE! 4 0 -118229296 -44924994 -26522388 3162
DONE! 4 0 -118229296 -44650000 -26797382 3177
DONE! 4 0 -118229296 -44305191 -27142191 3192
DONE! 4 0 -118229296 -43193402 -28253980 3222
DONE! 4 0 -118229296 -42044806 -29402576 3237
DONE! 4 0 -118229296 -38140105 -33307277 3252
DONE! 4 0 -118229296 -43850011 -27597371 3207
DONE! 4 0 -118229296 -45151812 -26295570 3147
DONE! 4 0 -118229296 -45777558 -25669824 3087
DONE! 4 0 -118229296 -45343368 -26104014 3132
DONE! 4 0 -118229296 -44924994 -26522388 3162
DONE! 4 0 -118229296 -44650000 -26797382 3177
DONE! 4 0 -118229296 -42044806 -29402576 3237
DONE! 4 0 -118229296 -38140105 -33307277 3252
DONE! 4 0 -118229296 -43193402 -28253980 3222
DONE! 4 0 -118229296 -43850011 -27597371 3207
DONE! 4 0 -118229296 -44305191 -27142191 3192
DONE! 4 0 -118229296 -45151812 -26295570 3147
DONE! 4 0 -118229296 -45507992 -25939390 3117
DONE! 4 0 -118229296 -45651369 -25796013 3102
DONE! 4 0 -118229296 -45777558 -25669824 3087
DONE! 4 0 -118229296 -45826310 -25621072 3082
DONE! 4 0 -118229296 -45507992 -25939390 3117
DONE! 4 0 -118229296 -45343368 -26104014 3132
DONE! 4 0 -118229296 -45151812 -26295570 3147
DONE! 4 0 -118229296 -44924994 -26522388 3162
DONE! 4 0 -118229296 -44305191 -27142191 3192
DONE! 4 0 -118229296 -43193402 -28253980 3222
DONE! 4 0 -118229296 -38140105 -33307277 3252
DONE! 4 0 -118229296 -42044806 -29402576 3237
DONE! 4 0 -118229296 -43850011 -27597371 3207
DONE! 4 0 -118229296 -44650000 -26797382 3177
DONE! 4 0 -118229296 -45651369 -25796013 3102
DONE! 4 0 -118229296 -45507992 -25939390 3117
DONE! 4 0 -118229296 -45343368 -26104014 3132
DONE! 4 0 -118229296 -44924994 -26522388 3162
DONE! 4 0 -118229296 -44305191 -27142191 3192
DONE! 4 0 -118229296 -43850011 -27597371 3207
DONE! 4 0 -118229296 -42044806 -29402576 3237
DONE! 4 0 -118229296 -38140105 -33307277 3252
DONE! 4 0 -118229296 -43193402 -28253980 3222
DONE! 4 0 -118229296 -44650000 -26797382 3177
DONE! 4 0 -118229296 -45151812 -26295570 3147
DONE! 4 0 -118229296 -45415240 -26032142 3127
DONE! 4 0 -118229296 -44305191 -27142191 3192
DONE! 4 0 -118229296 -43193402 -28253980 3222
DONE! 4 0 -118229296 -42044806 -29402576 3237
DONE! 4 0 -118229296 -38140105 -33307277 3252
DONE! 4 0 -118229296 -43850011 -27597371 3207
DONE! 4 0 -118229296 -44650000 -26797382 3177
DONE! 4 0 -118229296 -44924994 -26522388 3162
DONE! 4 0 -118229296 -45151812 -26295570 3147
DONE! 4 0 -118229296 -44650000 -26797382 3177
DONE! 4 0 -118229296 -43850011 -27597371 3207
DONE! 4 0 -118229296 -43193402 -28253980 3222
DONE! 4 0 -118229296 -42044806 -29402576 3237
DONE! 4 0 -118229296 -38140105 -33307277 3252
DONE! 4 0 -118229296 -44305191 -27142191 3192
DONE! 4 0 -118229296 -44924994 -26522388 3162
DONE! 4 0 -118229296 -44305191 -27142191 3192
DONE! 4 0 -118229296 -43850011 -27597371 3207
DONE! 4 0 -118229296 -38140105 -33307277 3252
DONE! 4 0 -118229296 -42044806 -29402576 3237
DONE! 4 0 -118229296 -43193402 -28253980 3222
DONE! 4 0 -118229296 -44456220 -26991162 3187
DONE! 4 0 -118229296 -44049530 -27397852 3202
DONE! 4 0 -118229296 -42044806 -29402576 3237
DONE! 4 0 -118229296 -38140105 -33307277 3252
DONE! 4 0 -118229296 -43193402 -28253980 3222
DONE! 4 0 -118229296 -42548958 -28898424 3232
DONE! 4 0 -118229296 -38140105 -33307277 3252
DONE! 4 0 -118229296 -39855153 -31592229 3247
DONE! 4 0 -118229296 -42044806 -29402576 3237
DONE! 4 0 -118229296 -38140105 -33307277 3252
DONE! 4 0 -118229296 -43481413 -27965969 3217
DONE! 4 0 -118229296 -43850011 -27597371 3207
DONE! 4 0 -118229296 -38140105 -33307277 3252
DONE! 4 0 -118229296 -42044806 -29402576 3237
DONE! 4 0 -118229296 -43193402 -28253980 3222
DONE! 4 0 -118229296 -44770360 -26677022 3172
DONE! 4 0 -118229296 -44650000 -26797382 3177
DONE! 4 0 -118229296 -44305191 -27142191 3192
DONE! 4 0 -118229296 -38140105 -33307277 3252
DONE! 4 0 -118229296 -42044806 -29402576 3237
DONE! 4 0 -118229296 -43193402 -28253980 3222
DONE! 4 0 -118229296 -43850011 -27597371 3207
DONE! 4 0 -118229296 -45024188 -26423194 3157
DONE! 4 0 -118229296 -45235515 -26211867 3142
DONE! 4 0 -118229296 -45343368 -26104014 3132
DONE! 4 0 -118229296 -45151812 -26295570 3147
DONE! 4 0 -118229296 -44924994 -26522388 3162
DONE! 4 0 -118229296 -44650000 -26797382 3177
DONE! 4 0 -118229296 -44305191 -27142191 3192
DONE! 4 0 -118229296 -43193402 -28253980 3222
DONE! 4 0 -118229296 -38140105 -33307277 3252
DONE! 4 0 -118229296 -42044806 -29402576 3237
DONE! 4 0 -118229296 -43850011 -27597371 3207
DONE! 4 0 -118229296 -45570529 -25876853 3112
DONE! 4 0 -118229296 -45706356 -25741026 3097
DONE! 4 0 -118229296 -45933070 -25514312 3067
DONE! 4 0 -118229296 -45777558 -25669824 3087
DONE! 4 0 -118229296 -45343368 -26104014 3132
DONE! 4 0 -118229296 -44924994 -26522388 3162
DONE! 4 0 -118229296 -44650000 -26797382 3177
DONE! 4 0 -118229296 -42044806 -29402576 3237
DONE! 4 0 -118229296 -38140105 -33307277 3252
DONE! 4 0 -118229296 -43193402 -28253980 3222
DONE! 4 0 -118229296 -43850011 -27597371 3207
DONE! 4 0 -118229296 -44305191 -27142191 3192
DONE! 4 0 -118229296 -45151812 -26295570 3147
DONE! 4 0 -118229296 -45507992 -25939390 3117
DONE! 4 0 -118229296 -45651369 -25796013 3102
DONE! 4 0 -118229296 -45651369 -25796013 3102
DONE! 4 0 -118229296 -45507992 -25939390 3117
DONE! 4 0 -118229296 -45343368 -26104014 3132
DONE! 4 0 -118229296 -45151812 -26295570 3147
DONE! 4 0 -118229296 -44924994 -26522388 3162
DONE! 4 0 -118229296 -44305191 -27142191 3192
DONE! 4 0 -118229296 -43193402 -28253980 3222
DONE! 4 0 -118229296 -38140105 -33307277 3252
DONE! 4 0 -118229296 -42044806 -29402576 3237
DONE! 4 0 -118229296 -43850011 -27597371 3207
DONE! 4 0 -118229296 -44650000 -26797382 3177
DONE! 4 0 -118229296 -45570529 -25876853 3112
DONE! 4 0 -118229296 -45415240 -26032142 3127
DONE! 4 0 -118229296 -45235515 -26211867 3142
DONE! 4 0 -118229296 -45024188 -26423194 3157
DONE! 4 0 -118229296 -44305191 -27142191 3192
DONE! 4 0 -118229296 -43850011 -27597371 3207
DONE! 4 0 -118229296 -43193402 -28253980 3222
DONE! 4 0 -118229296 -38140105 -33307277 3252
DONE! 4 0 -118229296 -42044806 -29402576 3237
DONE! 4 0 -118229296 -43850011 -27597371 3207
DONE! 4 0 -118229296 -42044806 -29402576 3237
DONE! 4 0 -118229296 -38140105 -33307277 3252
DONE! 4 0 -118229296 -43193402 -28253980 3222
DONE! 4 0 -118229296 -43193402 -28253980 3222
DONE! 4 0 -118229296 -38140105 -33307277 3252
DONE! 4 0 -118229296 -42044806 -29402576 3237
