p	min	120	15360
n	1	0
n	2	0
n	3	0
n	4	0
n	5	0
n	6	0
n	7	0
n	8	0
n	9	0
n	10	0
n	11	0
n	12	0
n	13	0
n	14	0
n	15	0
n	16	0
n	17	0
n	18	0
n	19	0
n	20	0
n	21	0
n	22	0
n	23	0
n	24	0
n	25	0
n	26	0
n	27	0
n	28	0
n	29	0
n	30	0
n	31	0
n	32	0
n	33	0
n	34	0
n	35	0
n	36	0
n	37	0
n	38	0
n	39	0
n	40	0
n	41	0
n	42	0
n	43	0
n	44	0
n	45	0
n	46	0
n	47	0
n	48	0
n	49	0
n	50	0
n	51	0
n	52	0
n	53	0
n	54	0
n	55	0
n	56	0
n	57	0
n	58	0
n	59	0
n	60	0
n	61	0
n	62	0
n	63	0
n	64	0
n	65	0
n	66	0
n	67	0
n	68	0
n	69	0
n	70	0
n	71	0
n	72	0
n	73	0
n	74	0
n	75	0
n	76	0
n	77	0
n	78	0
n	79	0
n	80	0
n	81	0
n	82	0
n	83	0
n	84	0
n	85	0
n	86	0
n	87	0
n	88	0
n	89	0
n	90	0
n	91	0
n	92	0
n	93	0
n	94	0
n	95	0
n	96	0
n	97	0
n	98	0
n	99	0
n	100	0
n	101	0
n	102	0
n	103	0
n	104	0
n	105	0
n	106	0
n	107	0
n	108	0
n	109	0
n	110	0
n	111	0
n	112	0
n	113	0
n	114	0
n	115	0
n	116	0
n	117	0
n	118	0
n	119	0
n	120	0
a	1	3	4	4	0
a	1	5	0	0	0
a	1	6	0	0	0
a	2	5	0	0	0
a	2	6	0	0	0
a	3	7	0	1	0
a	3	7	0	1	0
a	3	7	0	1	0
a	3	7	0	1	0
a	3	9	0	1	0
a	3	9	0	1	0
a	3	9	0	1	0
a	3	9	0	1	0
a	3	11	0	1	0
a	3	11	0	1	0
a	3	11	0	1	0
a	3	11	0	1	0
a	3	13	0	1	0
a	3	13	0	1	0
a	3	13	0	1	0
a	3	13	0	1	0
a	3	15	0	1	0
a	3	15	0	1	0
a	3	15	0	1	0
a	3	15	0	1	0
a	3	17	0	1	0
a	3	17	0	1	0
a	3	17	0	1	0
a	3	17	0	1	0
a	3	19	0	1	0
a	3	19	0	1	0
a	3	19	0	1	0
a	3	19	0	1	0
a	3	21	0	1	0
a	3	21	0	1	0
a	3	21	0	1	0
a	3	21	0	1	0
a	3	23	0	1	0
a	3	23	0	1	0
a	3	23	0	1	0
a	3	23	0	1	0
a	3	25	0	1	0
a	3	25	0	1	0
a	3	25	0	1	0
a	3	25	0	1	0
a	3	27	0	1	0
a	3	27	0	1	0
a	3	27	0	1	0
a	3	27	0	1	0
a	3	29	0	1	0
a	3	29	0	1	0
a	3	29	0	1	0
a	3	29	0	1	0
a	3	31	0	1	0
a	3	31	0	1	0
a	3	31	0	1	0
a	3	31	0	1	0
a	3	33	0	1	0
a	3	33	0	1	0
a	3	33	0	1	0
a	3	33	0	1	0
a	3	35	0	1	0
a	3	35	0	1	0
a	3	35	0	1	0
a	3	35	0	1	0
a	3	37	0	1	0
a	3	37	0	1	0
a	3	37	0	1	0
a	3	37	0	1	0
a	3	39	0	1	0
a	3	39	0	1	0
a	3	39	0	1	0
a	3	39	0	1	0
a	3	41	0	1	0
a	3	41	0	1	0
a	3	41	0	1	0
a	3	41	0	1	0
a	3	43	0	1	0
a	3	43	0	1	0
a	3	43	0	1	0
a	3	43	0	1	0
a	3	45	0	1	0
a	3	45	0	1	0
a	3	45	0	1	0
a	3	45	0	1	0
a	3	47	0	1	0
a	3	47	0	1	0
a	3	47	0	1	0
a	3	47	0	1	0
a	3	49	0	1	0
a	3	49	0	1	0
a	3	49	0	1	0
a	3	49	0	1	0
a	3	51	0	1	0
a	3	51	0	1	0
a	3	51	0	1	0
a	3	51	0	1	0
a	3	53	0	1	0
a	3	53	0	1	0
a	3	53	0	1	0
a	3	53	0	1	0
a	3	55	0	1	0
a	3	55	0	1	0
a	3	55	0	1	0
a	3	55	0	1	0
a	3	57	0	1	0
a	3	57	0	1	0
a	3	57	0	1	0
a	3	57	0	1	0
a	3	59	0	1	0
a	3	59	0	1	0
a	3	59	0	1	0
a	3	59	0	1	0
a	3	61	0	1	0
a	3	61	0	1	0
a	3	61	0	1	0
a	3	61	0	1	0
a	3	63	0	1	0
a	3	63	0	1	0
a	3	63	0	1	0
a	3	63	0	1	0
a	3	65	0	1	0
a	3	65	0	1	0
a	3	65	0	1	0
a	3	65	0	1	0
a	3	67	0	1	0
a	3	67	0	1	0
a	3	67	0	1	0
a	3	67	0	1	0
a	3	69	0	1	0
a	3	69	0	1	0
a	3	69	0	1	0
a	3	69	0	1	0
a	3	71	0	1	0
a	3	71	0	1	0
a	3	71	0	1	0
a	3	71	0	1	0
a	3	73	0	1	0
a	3	73	0	1	0
a	3	73	0	1	0
a	3	73	0	1	0
a	3	75	0	1	0
a	3	75	0	1	0
a	3	75	0	1	0
a	3	75	0	1	0
a	3	77	0	1	0
a	3	77	0	1	0
a	3	77	0	1	0
a	3	77	0	1	0
a	3	79	0	1	0
a	3	79	0	1	0
a	3	79	0	1	0
a	3	79	0	1	0
a	3	81	0	1	0
a	3	81	0	1	0
a	3	81	0	1	0
a	3	81	0	1	0
a	3	83	0	1	0
a	3	83	0	1	0
a	3	83	0	1	0
a	3	83	0	1	0
a	3	85	0	1	0
a	3	85	0	1	0
a	3	85	0	1	0
a	3	85	0	1	0
a	3	87	0	1	0
a	3	87	0	1	0
a	3	87	0	1	0
a	3	87	0	1	0
a	3	89	0	1	0
a	3	89	0	1	0
a	3	89	0	1	0
a	3	89	0	1	0
a	3	91	0	1	0
a	3	91	0	1	0
a	3	91	0	1	0
a	3	91	0	1	0
a	3	93	0	1	0
a	3	93	0	1	0
a	3	93	0	1	0
a	3	93	0	1	0
a	3	95	0	1	0
a	3	95	0	1	0
a	3	95	0	1	0
a	3	95	0	1	0
a	3	97	0	1	0
a	3	97	0	1	0
a	3	97	0	1	0
a	3	97	0	1	0
a	3	99	0	1	0
a	3	99	0	1	0
a	3	99	0	1	0
a	3	99	0	1	0
a	3	101	0	1	0
a	3	101	0	1	0
a	3	101	0	1	0
a	3	101	0	1	0
a	3	103	0	1	0
a	3	103	0	1	0
a	3	103	0	1	0
a	3	103	0	1	0
a	3	105	0	1	0
a	3	105	0	1	0
a	3	105	0	1	0
a	3	105	0	1	0
a	3	107	0	1	0
a	3	107	0	1	0
a	3	107	0	1	0
a	3	107	0	1	0
a	3	109	0	1	0
a	3	109	0	1	0
a	3	109	0	1	0
a	3	109	0	1	0
a	3	111	0	1	0
a	3	111	0	1	0
a	3	111	0	1	0
a	3	111	0	1	0
a	3	113	0	1	0
a	3	113	0	1	0
a	3	113	0	1	0
a	3	113	0	1	0
a	3	115	0	1	0
a	3	115	0	1	0
a	3	115	0	1	0
a	3	115	0	1	0
a	3	117	0	1	0
a	3	117	0	1	0
a	3	117	0	1	0
a	3	117	0	1	0
a	4	2	0	4	0
a	5	1	0	4	0
a	5	2	0	4	0
a	6	1	0	4	0
a	6	2	0	4	0
a	6	8	0	0	0
a	6	8	0	0	0
a	6	8	0	0	0
a	6	8	0	0	0
a	6	10	0	0	0
a	6	10	0	0	0
a	6	10	0	0	0
a	6	10	0	0	0
a	6	12	0	0	0
a	6	12	0	0	0
a	6	12	0	0	0
a	6	12	0	0	0
a	6	14	0	0	0
a	6	14	0	0	0
a	6	14	0	0	0
a	6	14	0	0	0
a	6	16	0	0	0
a	6	16	0	0	0
a	6	16	0	0	0
a	6	16	0	0	0
a	6	18	0	0	0
a	6	18	0	0	0
a	6	18	0	0	0
a	6	18	0	0	0
a	6	20	0	0	0
a	6	20	0	0	0
a	6	20	0	0	0
a	6	20	0	0	0
a	6	22	0	0	0
a	6	22	0	0	0
a	6	22	0	0	0
a	6	22	0	0	0
a	6	24	0	0	0
a	6	24	0	0	0
a	6	24	0	0	0
a	6	24	0	0	0
a	6	26	0	0	0
a	6	26	0	0	0
a	6	26	0	0	0
a	6	26	0	0	0
a	6	28	0	0	0
a	6	28	0	0	0
a	6	28	0	0	0
a	6	28	0	0	0
a	6	30	0	0	0
a	6	30	0	0	0
a	6	30	0	0	0
a	6	30	0	0	0
a	6	32	0	0	0
a	6	32	0	0	0
a	6	32	0	0	0
a	6	32	0	0	0
a	6	34	0	0	0
a	6	34	0	0	0
a	6	34	0	0	0
a	6	34	0	0	0
a	6	36	0	0	0
a	6	36	0	0	0
a	6	36	0	0	0
a	6	36	0	0	0
a	6	38	0	0	0
a	6	38	0	0	0
a	6	38	0	0	0
a	6	38	0	0	0
a	6	40	0	0	0
a	6	40	0	0	0
a	6	40	0	0	0
a	6	40	0	0	0
a	6	42	0	0	0
a	6	42	0	0	0
a	6	42	0	0	0
a	6	42	0	0	0
a	6	44	0	0	0
a	6	44	0	0	0
a	6	44	0	0	0
a	6	44	0	0	0
a	6	46	0	0	0
a	6	46	0	0	0
a	6	46	0	0	0
a	6	46	0	0	0
a	6	48	0	0	0
a	6	48	0	0	0