p	min	120	3978
n	1	0
n	2	0
n	3	0
n	4	0
n	5	0
n	6	0
n	7	0
n	8	0
n	9	0
n	10	0
n	11	0
n	12	0
n	13	0
n	14	0
n	15	0
n	16	0
n	17	0
n	18	0
n	19	0
n	20	0
n	21	0
n	22	0
n	23	0
n	24	0
n	25	0
n	26	0
n	27	0
n	28	0
n	29	0
n	30	0
n	31	0
n	32	0
n	33	0
n	34	0
n	35	0
n	36	0
n	37	0
n	38	0
n	39	0
n	40	0
n	41	0
n	42	0
n	43	0
n	44	0
n	45	0
n	46	0
n	47	0
n	48	0
n	49	0
n	50	0
n	51	0
n	52	0
n	53	0
n	54	0
n	55	0
n	56	0
n	57	0
n	58	0
n	59	0
n	60	0
n	61	0
n	62	0
n	63	0
n	64	0
n	65	0
n	66	0
n	67	0
n	68	0
n	69	0
n	70	0
n	71	0
n	72	0
n	73	0
n	74	0
n	75	0
n	76	0
n	77	0
n	78	0
n	79	0
n	80	0
n	81	0
n	82	0
n	83	0
n	84	0
n	85	0
n	86	0
n	87	0
n	88	0
n	89	0
n	90	0
n	91	0
n	92	0
n	93	0
n	94	0
n	95	0
n	96	0
n	97	0
n	98	0
n	99	0
n	100	0
n	101	0
n	102	0
n	103	0
n	104	0
n	105	0
n	106	0
n	107	0
n	108	0
n	109	0
n	110	0
n	111	0
n	112	0
n	113	0
n	114	0
n	115	0
n	116	0
n	117	0
n	118	0
n	119	0
n	120	0
a	1	3	1	1	0
a	1	5	0	0	0
a	1	6	0	0	0
a	2	5	0	0	0
a	2	6	0	0	0
a	3	7	0	1	0
a	3	7	0	1	0
a	3	7	0	1	0
a	3	7	0	1	0
a	3	9	0	1	0
a	3	9	0	1	0
a	3	9	0	1	0
a	3	9	0	1	0
a	3	11	0	1	0
a	3	11	0	1	0
a	3	11	0	1	0
a	3	11	0	1	0
a	3	13	0	1	0
a	3	13	0	1	0
a	3	13	0	1	0
a	3	13	0	1	0
a	3	15	0	1	0
a	3	15	0	1	0
a	3	15	0	1	0
a	3	15	0	1	0
a	3	19	0	1	0
a	3	19	0	1	0
a	3	19	0	1	0
a	3	19	0	1	0
a	3	21	0	1	0
a	3	21	0	1	0
a	3	21	0	1	0
a	3	21	0	1	0
a	3	23	0	1	0
a	3	23	0	1	0
a	3	23	0	1	0
a	3	23	0	1	0
a	3	25	0	1	0
a	3	25	0	1	0
a	3	25	0	1	0
a	3	25	0	1	0
a	3	27	0	1	0
a	3	27	0	1	0
a	3	27	0	1	0
a	3	27	0	1	0
a	3	29	0	1	0
a	3	29	0	1	0
a	3	29	0	1	0
a	3	29	0	1	0
a	3	31	0	1	0
a	3	31	0	1	0
a	3	31	0	1	0
a	3	31	0	1	0
a	3	33	0	1	0
a	3	33	0	1	0
a	3	33	0	1	0
a	3	33	0	1	0
a	3	37	0	1	0
a	3	37	0	1	0
a	3	37	0	1	0
a	3	37	0	1	0
a	3	39	0	1	0
a	3	39	0	1	0
a	3	39	0	1	0
a	3	39	0	1	0
a	3	41	0	1	0
a	3	41	0	1	0
a	3	41	0	1	0
a	3	41	0	1	0
a	3	43	0	1	0
a	3	43	0	1	0
a	3	43	0	1	0
a	3	43	0	1	0
a	3	45	0	1	0
a	3	45	0	1	0
a	3	45	0	1	0
a	3	45	0	1	0
a	3	47	0	1	0
a	3	47	0	1	0
a	3	47	0	1	0
a	3	47	0	1	0
a	3	49	0	1	0
a	3	49	0	1	0
a	3	49	0	1	0
a	3	49	0	1	0
a	3	51	0	1	0
a	3	51	0	1	0
a	3	51	0	1	0
a	3	51	0	1	0
a	3	53	0	1	0
a	3	53	0	1	0
a	3	53	0	1	0
a	3	53	0	1	0
a	3	55	0	1	0
a	3	55	0	1	0
a	3	55	0	1	0
a	3	55	0	1	0
a	3	57	0	1	0
a	3	57	0	1	0
a	3	57	0	1	0
a	3	57	0	1	0
a	3	59	0	1	0
a	3	59	0	1	0
a	3	59	0	1	0
a	3	59	0	1	0
a	3	61	0	1	0
a	3	61	0	1	0
a	3	61	0	1	0
a	3	61	0	1	0
a	3	63	0	1	0
a	3	63	0	1	0
a	3	63	0	1	0
a	3	63	0	1	0
a	3	65	0	1	0
a	3	65	0	1	0
a	3	65	0	1	0
a	3	65	0	1	0
a	3	69	0	1	0
a	3	69	0	1	0
a	3	69	0	1	0
a	3	69	0	1	0
a	3	71	0	1	0
a	3	71	0	1	0
a	3	71	0	1	0
a	3	71	0	1	0
a	3	73	0	1	0
a	3	73	0	1	0
a	3	73	0	1	0
a	3	73	0	1	0
a	3	75	0	1	0
a	3	75	0	1	0
a	3	75	0	1	0
a	3	75	0	1	0
a	3	77	0	1	0
a	3	77	0	1	0
a	3	77	0	1	0
a	3	77	0	1	0
a	3	79	0	1	0
a	3	79	0	1	0
a	3	79	0	1	0
a	3	79	0	1	0
a	3	81	0	1	0
a	3	81	0	1	0
a	3	81	0	1	0
a	3	81	0	1	0
a	3	83	0	1	0
a	3	83	0	1	0
a	3	83	0	1	0
a	3	83	0	1	0
a	3	85	0	1	0
a	3	85	0	1	0
a	3	85	0	1	0
a	3	85	0	1	0
a	3	87	0	1	0
a	3	87	0	1	0
a	3	87	0	1	0
a	3	87	0	1	0
a	3	89	0	1	0
a	3	89	0	1	0
a	3	89	0	1	0
a	3	89	0	1	0
a	3	91	0	1	0
a	3	91	0	1	0
a	3	91	0	1	0
a	3	91	0	1	0
a	3	93	0	1	0
a	3	93	0	1	0
a	3	93	0	1	0
a	3	93	0	1	0
a	3	95	0	1	0
a	3	95	0	1	0
a	3	95	0	1	0
a	3	95	0	1	0
a	3	97	0	1	0
a	3	97	0	1	0
a	3	97	0	1	0
a	3	97	0	1	0
a	3	99	0	1	0
a	3	99	0	1	0
a	3	99	0	1	0
a	3	99	0	1	0
a	3	101	0	1	0
a	3	101	0	1	0
a	3	101	0	1	0
a	3	101	0	1	0
a	3	103	0	1	0
a	3	103	0	1	0
a	3	103	0	1	0
a	3	103	0	1	0
a	3	105	0	1	0
a	3	105	0	1	0
a	3	105	0	1	0
a	3	105	0	1	0
a	3	107	0	1	0
a	3	107	0	1	0
a	3	107	0	1	0
a	3	107	0	1	0
a	3	109	0	1	0
a	3	109	0	1	0
a	3	109	0	1	0
a	3	109	0	1	0
a	3	111	0	1	0
a	3	111	0	1	0
a	3	111	0	1	0
a	3	111	0	1	0
a	3	113	0	1	0
a	3	113	0	1	0
a	3	113	0	1	0
a	3	113	0	1	0
a	3	115	0	1	0
a	3	115	0	1	0
a	3	115	0	1	0
a	3	115	0	1	0
a	3	117	0	1	0
a	3	117	0	1	0
a	3	117	0	1	0
a	3	117	0	1	0
a	4	2	0	4	0
a	5	1	0	4	0
a	5	2	0	4	0
a	6	1	0	4	0
a	6	2	0	4	0
a	6	8	0	0	0
a	6	8	0	0	0
a	6	8	0	0	0
a	6	8	0	0	0
a	6	10	0	0	0
a	6	10	0	0	0
a	6	10	0	0	0
a	6	10	0	0	0
a	6	12	0	0	0
a	6	12	0	0	0
a	6	12	0	0	0
a	6	12	0	0	0
a	6	14	0	0	0
a	6	14	0	0	0
a	6	14	0	0	0
a	6	14	0	0	0
a	6	16	0	0	0
a	6	16	0	0	0
a	6	16	0	0	0
a	6	16	0	0	0
a	6	18	0	0	0
a	6	18	0	0	0
a	6	18	0	0	0
a	6	18	0	0	0
a	6	20	0	0	0
a	6	20	0	0	0
a	6	20	0	0	0
a	6	20	0	0	0
a	6	22	0	0	0
a	6	22	0	0	0
a	6	22	0	0	0
a	6	22	0	0	0
a	6	24	0	0	0
a	6	24	0	0	0
a	6	24	0	0	0
a	6	24	0	0	0
a	6	26	0	0	0
a	6	26	0	0	0
a	6	26	0	0	0
a	6	26	0	0	0
a	6	28	0	0	0
a	6	28	0	0	0
a	6	28	0	0	0
a	6	28	0	0	0
a	6	30	0	0	0
a	6	30	0	0	0
a	6	30	0	0	0
a	6	30	0	0	0
a	6	32	0	0	0
a	6	32	0	0	0
a	6	32	0	0	0
a	6	32	0	0	0
a	6	34	0	0	0
a	6	34	0	0	0
a	6	34	0	0	0
a	6	34	0	0	0
a	6	36	0	0	0
a	6	36	0	0	0
a	6	36	0	0	0
a	6	36	0	0	0
a	6	38	0	0	0
a	6	38	0	0	0
a	6	38	0	0	0
a	6	38	0	0	0
a	6	40	0	0	0
a	6	40	0	0	0
a	6	40	0	0	0
a	6	40	0	0	0
a	6	42	0	0	0
a	6	42	0	0	0
a	6	42	0	0	0
a	6	42	0	0	0
a	6	44	0	0	0
a	6	44	0	0	0
a	6	44	0	0	0
a	6	44	0	0	0
a	6	46	0	0	0
a	6	46	0	0	0
a	6	46	0	0	0
a	6	46	0	0	0
a	6	48	0	0	0
a	6	48	0	0	0
a	6	48	0	0	0
a	6	48	0	0	0
a	6	50	0	0	0
a	6	50	0	0	0
a	6	50	0	0	0
a	6	50	0	0	0
a	6	52	0	0	0
a	6	52	0	0	0
a	6	52	0	0	0
a	6	52	0	0	0
a	6	54	0	0	0
a	6	54	0	0	0
a	6	54	0	0	0
a	6	54	0	0	0
a	6	56	0	0	0
a	6	56	0	0	0
a	6	56	0	0	0
a	6	56	0	0	0
a	6	58	0	0	0
a	6	58	0	0	0
a	6	58	0	0	0
a	6	58	0	0	0
a	6	60	0	0	0
a	6	60	0	0	0
a	6	60	0	0	0
a	6	60	0	0	0
a	6	62	0	0	0
a	6	62	0	0	0
a	6	62	0	0	0
a	6	62	0	0	0
a	6	64	0	0	0
a	6	64	0	0	0
a	6	64	0	0	0
a	6	64	0	0	0
a	6	66	0	0	0
a	6	66	0	0	0
a	6	66	0	0	0
a	6	66	0	0	0
a	6	68	0	0	0
a	6	68	0	0	0
a	6	68	0	0	0
a	6	68	0	0	0
a	6	70	0	0	0
a	6	70	0	0	0
a	6	70	0	0	0
a	6	70	0	0	0
a	6	72	0	0	0
a	6	72	0	0	0
a	6	72	0	0	0
a	6	72	0	0	0
a	6	74	0	0	0
a	6	74	0	0	0
a	6	74	0	0	0
a	6	74	0	0	0
a	6	76	0	0	0
a	6	76	0	0	0
a	6	76	0	0	0
a	6	76	0	0	0
a	6	78	0	0	0
a	6	78	0	0	0
a	6	78	0	0	0
a	6	78	0	0	0
a	6	80	0	0	0
a	6	80	0	0	0
a	6	80	0	0	0
a	6	80	0	0	0
a	6	82	0	0	0
a	6	82	0	0	0
a	6	82	0	0	0
a	6	82	0	0	0
a	6	84	0	0	0
a	6	84	0	0	0
a	6	84	0	0	0
a	6	84	0	0	0
a	6	86	0	0	0
a	6	86	0	0	0
a	6	86	0	0	0
a	6	86	0	0	0
a	6	88	0	0	0
a	6	88	0	0	0
a	6	88	0	0	0
a	6	88	0	0	0
a	6	90	0	0	0
a	6	90	0	0	0
a	6	90	0	0	0
a	6	90	0	0	0
a	6	92	0	0	0
a	6	92	0	0	0
a	6	92	0	0	0
a	6	92	0	0	0
a	6	94	0	0	0
a	6	94	0	0	0
a	6	94	0	0	0
a	6	94	0	0	0
a	6	96	0	0	0
a	6	96	0	0	0
a	6	96	0	0	0
a	6	96	0	0	0
a	6	98	0	0	0
a	6	98	0	0	0
a	6	98	0	0	0
a	6	98	0	0	0
a	6	100	0	0	0
a	6	100	0	0	0
a	6	100	0	0	0
a	6	100	0	0	0
a	6	102	0	0	0
a	6	102	0	0	0
a	6	102	0	0	0
a	6	102	0	0	0
a	6	104	0	0	0
a	6	104	0	0	0
a	6	104	0	0	0
a	6	104	0	0	0
a	6	106	0	0	0
a	6	106	0	0	0
a	6	106	0	0	0
a	6	106	0	0	0
a	6	108	0	0	0
a	6	108	0	0	0
a	6	108	0	0	0
a	6	108	0	0	0
a	6	110	0	0	0
a	6	110	0	0	0
a	6	110	0	0	0
a	6	110	0	0	0
a	6	112	0	0	0
a	6	112	0	0	0
a	6	112	0	0	0
a	6	112	0	0	0
a	6	114	0	0	0
a	6	114	0	0	0
a	6	114	0	0	0
a	6	114	0	0	0
a	6	116	0	0	0
a	6	116	0	0	0
a	6	116	0	0	0
a	6	116	0	0	0
a	6	118	0	0	0
a	6	118	0	0	0
a	6	118	0	0	0
a	6	118	0	0	0
a	7	9	0	1	-957984
a	7	9	0	1	-256693
a	7	9	0	1	-132116
a	7	9	0	1	-81112
a	7	9	0	1	-53165
a	7	9	0	1	-35487
a	7	5	0	1	0
a	7	5	0	1	0
a	7	5	0	1	0
a	7	5	0	1	0
a	8	90	0	1	-278
a	8	90	0	1	-74
a	8	90	0	1	-38
a	8	90	0	1	-23
a	8	90	0	1	-15
a	8	90	0	1	-9
a	8	90	0	1	-6
a	8	90	0	1	-3
a	8	4	0	0	0
a	8	4	0	0	0
a	8	4	0	0	0
a	8	4	0	0	0
a	9	11	0	1	-179677
a	9	11	0	1	-51923
a	9	11	0	1	-29140
a	9	11	0	1	-19812
a	9	11	0	1	-14701
a	9	11	0	1	-11468
a	9	11	0	1	-9237
a	9	11	0	1	-7604
a	9	11	0	1	-6357
a	9	11	0	1	-5373
a	9	11	0	1	-4577
a	9	11	0	1	-3920
a	9	11	0	1	-3368
a	9	11	0	1	-2898
a	9	11	0	1	-2493
a	9	11	0	1	-2141
a	9	11	0	1	-1831
a	9	11	0	1	-1556
a	9	11	0	1	-1311
a	9	11	0	1	-1092
a	9	11	0	1	-893
a	9	11	0	1	-714
a	9	5	0	1	0
a	9	5	0	1	0
a	9	5	0	1	0
a	9	5	0	1	0
a	10	8	0	1	-957984
a	10	8	0	1	-256693
a	10	8	0	1	-132116
a	10	8	0	1	-81112
a	10	8	0	1	-53165
a	10	8	0	1	-35487
a	10	8	0	1	-23288
a	10	8	0	1	-14359
a	10	4	0	0	0
a	10	4	0	0	0
a	10	4	0	0	0
a	10	4	0	0	0
a	10	53	0	1	-388
a	10	53	0	1	-107
a	10	53	0	1	-57
a	10	53	0	1	-37
a	10	53	0	1	-25
a	10	53	0	1	-18
a	10	53	0	1	-13
a	10	53	0	1	-10
a	10	53	0	1	-7
a	10	53	0	1	-5
a	10	53	0	1	-3
a	10	53	0	1	-2
a	11	5	0	1	0
a	11	5	0	1	0
a	11	5	0	1	0
a	11	5	0	1	0
a	11	13	0	1	-17674
a	11	13	0	1	-4813
a	11	13	0	1	-2526
a	11	13	0	1	-1590
a	11	13	0	1	-1077
a	11	13	0	1	-753
a	11	13	0	1	-529
a	11	13	0	1	-365
a	11	13	0	1	-240
a	11	13	0	1	-141
a	11	13	0	1	-95
a	11	13	0	1	-61
a	11	13	0	1	-23
a	11	13	0	1	-10
a	11	13	0	1	-5
a	11	13	0	1	-2
a	11	13	0	1	-1
a	11	13	0	1	0
a	11	13	0	1	1
a	11	13	0	1	1
a	11	13	0	1	2
a	11	13	0	1	2
a	12	10	0	1	-179677
a	12	10	0	1	-51923
a	12	10	0	1	-29140
a	12	10	0	1	-19812
a	12	10	0	1	-14701
a	12	10	0	1	-11468
a	12	10	0	1	-9237
a	12	10	0	1	-7604
a	12	10	0	1	-6357
a	12	10	0	1	-5373
a	12	10	0	1	-4577
a	12	10	0	1	-3920
a	12	10	0	1	-3368
a	12	10	0	1	-2898
a	12	10	0	1	-2493
a	12	10	0	1	-2141
a	12	10	0	1	-1831
a	12	10	0	1	-1556
a	12	10	0	1	-1311
a	12	10	0	1	-1092
a	12	4	0	0	0
a	12	4	0	0	0
a	12	4	0	0	0
a	12	4	0	0	0
a	13	5	0	1	0
a	13	5	0	1	0
a	13	5	0	1	0
a	13	5	0	1	0
a	13	15	0	1	-1999617
a	13	15	0	1	-579208
a	13	15	0	1	-325872
a	13	15	0	1	-222151
a	13	15	0	1	-165317
a	13	15	0	1	-129369
a	13	15	0	1	-104561
a	13	15	0	1	-86404
a	13	15	0	1	-72536
a	13	15	0	1	-61596
a	13	15	0	1	-52746
a	13	15	0	1	-45438
a	13	15	0	1	-39301
a	13	15	0	1	-34075
a	13	15	0	1	-29570
a	13	15	0	1	-25648
a	13	15	0	1	-22201
a	13	15	0	1	-19149
a	13	15	0	1	-16427
a	13	15	0	1	-13984
a	13	15	0	1	-11780
a	13	15	0	1	-9781
a	14	12	0	1	-17674
a	14	12	0	1	-4813
a	14	12	0	1	-2526
a	14	12	0	1	-1590
a	14	12	0	1	-1077
a	14	12	0	1	-753
a	14	12	0	1	-529
a	14	12	0	1	-365
a	14	12	0	1	-240
a	14	12	0	1	-141
a	14	12	0	1	-95
a	14	12	0	1	-61
a	14	12	0	1	-23
a	14	12	0	1	-10
a	14	12	0	1	-5
a	14	12	0	1	-2
a	14	12	0	1	-1
a	14	12	0	1	0
a	14	12	0	1	1
a	14	12	0	1	1
a	14	4	0	0	0
a	14	4	0	0	0
a	14	4	0	0	0
a	14	4	0	0	0
a	15	73	0	1	-225
a	15	73	0	1	-57
a	15	73	0	1	-27
a	15	73	0	1	-14
a	15	73	0	1	-8
a	15	73	0	1	-3
a	15	73	0	1	-1
a	15	73	0	1	1
a	15	73	0	1	2
a	15	73	0	1	4
a	15	73	0	1	5
a	15	73	0	1	5
a	15	73	0	1	6
a	15	73	0	1	7
a	15	73	0	1	7
a	15	73	0	1	8
a	15	73	0	1	8
a	15	73	0	1	9
a	15	73	0	1	9
a	15	73	0	1	9
a	15	73	0	1	9
a	15	73	0	1	10
a	15	5	0	1	0
a	15	5	0	1	0
a	15	5	0	1	0
a	15	5	0	1	0
a	16	4	0	0	0
a	16	4	0	0	0
a	16	4	0	0	0
a	16	4	0	0	0
a	16	14	0	1	-1999617
a	16	14	0	1	-579208
a	16	14	0	1	-325872
a	16	14	0	1	-222151
a	16	14	0	1	-165317
a	16	14	0	1	-129369
a	16	14	0	1	-104561
a	16	14	0	1	-86404
a	16	14	0	1	-72536
a	16	14	0	1	-61596
a	16	14	0	1	-52746
a	16	14	0	1	-45438
a	16	14	0	1	-39301
a	16	14	0	1	-34075
a	16	14	0	1	-29570
a	16	14	0	1	-25648
a	16	14	0	1	-22201
a	16	14	0	1	-19149
a	16	14	0	1	-16427
a	16	14	0	1	-13984
a	17	5	0	1	0
a	17	5	0	1	0
a	17	5	0	1	0
a	17	5	0	1	0
a	18	4	0	0	0
a	18	4	0	0	0
a	18	4	0	0	0
a	18	4	0	0	0
a	19	5	0	1	0
a	19	5	0	1	0
a	19	5	0	1	0
a	19	5	0	1	0
a	19	21	0	1	-2995566
a	19	21	0	1	-870346
a	19	21	0	1	-491239
a	19	21	0	1	-336025
a	19	21	0	1	-250976
a	19	21	0	1	-197181
a	19	21	0	1	-160058
a	19	21	0	1	-132886
a	19	21	0	1	-112133
a	19	21	0	1	-95762
a	19	21	0	1	-82518
a	19	21	0	1	-71582
a	19	21	0	1	-62399
a	19	21	0	1	-54578
a	19	21	0	1	-47837
a	19	21	0	1	-41967
a	19	21	0	1	-36809
a	19	21	0	1	-32242
a	19	21	0	1	-28168
a	19	21	0	1	-24513
a	19	21	0	1	-21214
a	19	21	0	1	-18222
a	20	18	0	1	-24
a	20	18	0	1	0
a	20	18	0	1	4
a	20	18	0	1	6
a	20	18	0	1	7
a	20	18	0	1	8
a	20	18	0	1	8
a	20	18	0	1	8
a	20	18	0	1	9
a	20	18	0	1	9
a	20	18	0	1	9
a	20	18	0	1	9
a	20	18	0	1	9
a	20	18	0	1	9
a	20	18	0	1	9
a	20	18	0	1	10
a	20	18	0	1	10
a	20	18	0	1	10
a	20	18	0	1	10
a	20	18	0	1	10
a	20	18	0	1	10
a	20	18	0	1	10
a	20	18	0	1	10
a	20	18	0	1	10
a	20	18	0	1	10
a	20	18	0	1	10
a	20	18	0	1	10
a	20	18	0	1	10
a	20	18	0	1	10
a	20	18	0	1	10
a	20	18	0	1	10
a	20	18	0	1	10
a	20	18	0	1	10
a	20	18	0	1	10
a	20	18	0	1	10
a	20	18	0	1	10
a	20	18	0	1	10
a	20	18	0	1	10
a	20	18	0	1	10
a	20	18	0	1	10
a	20	18	0	1	10
a	20	18	0	1	10
a	20	18	0	1	10
a	20	18	0	1	10
a	20	18	0	1	10
a	20	18	0	1	10
a	20	18	0	1	10
a	20	18	0	1	10
a	20	18	0	1	10
a	20	18	0	1	10
a	20	18	0	1	10
a	20	18	0	1	10
a	20	18	0	1	10
a	20	18	0	1	10
a	20	18	0	1	10
a	20	18	0	1	10
a	20	18	0	1	10
a	20	18	0	1	10
a	20	18	0	1	10
a	20	18	0	1	10
a	20	18	0	1	10
a	20	18	0	1	10
a	20	18	0	1	10
a	20	18	0	1	10
a	20	18	0	1	10
a	20	18	0	1	10
a	20	18	0	1	10
a	20	18	0	1	10
a	20	18	0	1	10
a	20	18	0	1	10
a	20	18	0	1	10
a	20	18	0	1	10
a	20	18	0	1	10
a	20	18	0	1	10
a	20	18	0	1	10
a	20	18	0	1	10
a	20	18	0	1	10
a	20	18	0	1	10
a	20	18	0	1	10
a	20	18	0	1	10
a	20	18	0	1	10
a	20	18	0	1	10
a	20	18	0	1	10
a	20	18	0	1	10
a	20	18	0	1	10
a	20	18	0	1	10
a	20	18	0	1	10
a	20	18	0	1	10
a	20	18	0	1	10
a	20	18	0	1	10
a	20	18	0	1	10
a	20	18	0	1	10
a	20	18	0	1	10
a	20	18	0	1	10
a	20	18	0	1	10
a	20	18	0	1	10
a	20	18	0	1	10
a	20	18	0	1	10
a	20	18	0	1	10
a	20	4	0	0	0
a	20	4	0	0	0
a	20	4	0	0	0
a	20	4	0	0	0
a	20	86	0	1	-645
a	20	86	0	1	-184
a	20	86	0	1	-101
a	20	86	0	1	-68
a	20	86	0	1	-49
a	20	86	0	1	-38
a	20	86	0	1	-30
a	20	86	0	1	-24
a	20	86	0	1	-19
a	20	86	0	1	-16
a	20	86	0	1	-13
a	20	86	0	1	-10
a	20	86	0	1	-8
a	20	86	0	1	-7
a	20	86	0	1	-5
a	20	86	0	1	-4
a	20	86	0	1	-3
a	20	86	0	1	-2
a	20	86	0	1	-1
a	20	86	0	1	0
a	21	23	0	1	-205
a	21	23	0	1	-84
a	21	23	0	1	-53
a	21	23	0	1	-26
a	21	23	0	1	-21
a	21	23	0	1	-15
a	21	23	0	1	-9
a	21	23	0	1	-8
a	21	23	0	1	-5
a	21	23	0	1	-5
a	21	23	0	1	-2
a	21	23	0	1	-2
a	21	23	0	1	-1
a	21	23	0	1	0
a	21	23	0	1	0
a	21	23	0	1	0
a	21	23	0	1	0
a	21	23	0	1	1
a	21	23	0	1	1
a	21	23	0	1	2
a	21	23	0	1	2
a	21	23	0	1	2
a	22	20	0	1	-2995566
a	22	20	0	1	-870346
a	22	20	0	1	-491239
a	22	20	0	1	-336025
a	22	20	0	1	-250976
a	22	20	0	1	-197181
a	22	20	0	1	-160058
a	22	20	0	1	-132886
a	22	20	0	1	-112133
a	22	20	0	1	-95762
a	22	20	0	1	-82518
a	22	20	0	1	-71582
a	22	20	0	1	-62399
a	22	20	0	1	-54578
a	22	20	0	1	-47837
a	22	20	0	1	-41967
a	22	20	0	1	-36809
a	22	20	0	1	-32242
a	22	20	0	1	-28168
a	22	20	0	1	-24513
a	22	4	0	0	0
a	22	4	0	0	0
a	22	4	0	0	0
a	22	4	0	0	0
a	23	25	0	1	-1371949
a	23	25	0	1	-397027
a	23	25	0	1	-223154
a	23	25	0	1	-151967
a	23	25	0	1	-112961
a	23	25	0	1	-88288
a	23	25	0	1	-71262
a	23	25	0	1	-58800
a	23	25	0	1	-49282
a	23	25	0	1	-41774
a	23	25	0	1	-35699
a	23	25	0	1	-30683
a	23	25	0	1	-26472
a	23	25	0	1	-22885
a	23	25	0	1	-19793
a	23	25	0	1	-17101
a	23	25	0	1	-14736
a	23	25	0	1	-12641
a	23	25	0	1	-10772
a	23	25	0	1	-9096
a	23	25	0	1	-7583
a	23	25	0	1	-6211
a	23	5	0	1	0
a	23	5	0	1	0
a	23	5	0	1	0
a	23	5	0	1	0
a	24	4	0	0	0
a	24	4	0	0	0
a	24	4	0	0	0
a	24	4	0	0	0
a	24	22	0	1	-205
a	24	22	0	1	-84
a	24	22	0	1	-53
a	24	22	0	1	-26
a	24	22	0	1	-21
a	24	22	0	1	-15
a	24	22	0	1	-9
a	24	22	0	1	-8
a	24	22	0	1	-5
a	24	22	0	1	-5
a	24	22	0	1	-2
a	24	22	0	1	-2
a	24	22	0	1	-1
a	24	22	0	1	0
a	24	22	0	1	0
a	24	22	0	1	0
a	24	22	0	1	0
a	24	22	0	1	1
a	24	22	0	1	1
a	24	22	0	1	2
a	25	27	0	1	-28012
a	25	27	0	1	-7613
a	25	27	0	1	-3986
a	25	27	0	1	-2502
a	25	27	0	1	-1688
a	25	27	0	1	-1174
a	25	27	0	1	-819
a	25	27	0	1	-559
a	25	27	0	1	-364
a	25	27	0	1	-360
a	25	27	0	1	-204
a	25	27	0	1	-100
a	25	27	0	1	-77
a	25	27	0	1	-54
a	25	27	0	1	-34
a	25	27	0	1	-24
a	25	27	0	1	-17
a	25	27	0	1	-13
a	25	27	0	1	-9
a	25	27	0	1	-7
a	25	27	0	1	-5
a	25	27	0	1	-3
a	25	5	0	1	0
a	25	5	0	1	0
a	25	5	0	1	0
a	25	5	0	1	0
a	26	24	0	1	-1371949
a	26	24	0	1	-397027
a	26	24	0	1	-223154
a	26	24	0	1	-151967
a	26	24	0	1	-112961
a	26	24	0	1	-88288
a	26	24	0	1	-71262
a	26	24	0	1	-58800
a	26	24	0	1	-49282
a	26	24	0	1	-41774
a	26	24	0	1	-35699
a	26	24	0	1	-30683
a	26	24	0	1	-26472
a	26	24	0	1	-22885
a	26	24	0	1	-19793
a	26	24	0	1	-17101
a	26	24	0	1	-14736
a	26	24	0	1	-12641
a	26	24	0	1	-10772
a	26	24	0	1	-9096
a	26	4	0	0	0
a	26	4	0	0	0
a	26	4	0	0	0
a	26	4	0	0	0
a	27	5	0	1	0
a	27	5	0	1	0
a	27	5	0	1	0
a	27	5	0	1	0
a	27	29	0	1	-719
a	27	29	0	1	-194
a	27	29	0	1	-101
a	27	29	0	1	-63
a	27	29	0	1	-42
a	27	29	0	1	-29
a	27	29	0	1	-19
a	27	29	0	1	-13
a	27	29	0	1	-8
a	27	29	0	1	-4
a	27	29	0	1	0
a	27	29	0	1	1
a	27	29	0	1	4
a	27	29	0	1	5
a	27	29	0	1	7
a	27	29	0	1	9
a	27	29	0	1	10
a	27	29	0	1	11
a	27	29	0	1	12
a	27	29	0	1	13
a	27	29	0	1	14
a	27	29	0	1	14
a	28	26	0	1	-28012
a	28	26	0	1	-7613
a	28	26	0	1	-3986
a	28	26	0	1	-2502
a	28	26	0	1	-1688
a	28	26	0	1	-1174
a	28	26	0	1	-819
a	28	26	0	1	-559
a	28	26	0	1	-364
a	28	26	0	1	-360
a	28	26	0	1	-204
a	28	26	0	1	-100
a	28	26	0	1	-77
a	28	26	0	1	-54
a	28	26	0	1	-34
a	28	26	0	1	-24
a	28	26	0	1	-17
a	28	26	0	1	-13
a	28	26	0	1	-9
a	28	26	0	1	-7
a	28	4	0	0	0
a	28	4	0	0	0
a	28	4	0	0	0
a	28	4	0	0	0
a	29	52	0	1	-277
a	29	52	0	1	-76
a	29	52	0	1	-41
a	29	52	0	1	-26
a	29	52	0	1	-18
a	29	52	0	1	-13
a	29	52	0	1	-10
a	29	52	0	1	-7
a	29	52	0	1	-5
a	29	52	0	1	-4
a	29	52	0	1	-2
a	29	52	0	1	-1
a	29	52	0	1	0
a	29	52	0	1	0
a	29	52	0	1	0
a	29	5	0	1	0
a	29	5	0	1	0
a	29	5	0	1	0
a	29	5	0	1	0
a	29	31	0	1	-607459
a	29	31	0	1	-167058
a	29	31	0	1	-88725
a	29	31	0	1	-56653
a	29	31	0	1	-39080
a	29	31	0	1	-27965
a	29	31	0	1	-20294
a	30	28	0	1	-719
a	30	28	0	1	-194
a	30	28	0	1	-101
a	30	28	0	1	-63
a	30	28	0	1	-42
a	30	28	0	1	-29
a	30	28	0	1	-19
a	30	28	0	1	-13
a	30	28	0	1	-8
a	30	28	0	1	-4
a	30	28	0	1	0
a	30	28	0	1	1
a	30	28	0	1	4
a	30	28	0	1	5
a	30	28	0	1	7
a	30	28	0	1	9
a	30	28	0	1	10
a	30	28	0	1	11
a	30	28	0	1	12
a	30	28	0	1	13
a	30	4	0	0	0
a	30	4	0	0	0
a	30	4	0	0	0
a	30	4	0	0	0
a	31	33	0	1	-227
a	31	33	0	1	-62
a	31	33	0	1	-33
a	31	33	0	1	-21
a	31	33	0	1	-14
a	31	33	0	1	-10
a	31	33	0	1	-7
a	31	5	0	1	0
a	31	5	0	1	0
a	31	5	0	1	0
a	31	5	0	1	0
a	32	4	0	0	0
a	32	4	0	0	0
a	32	4	0	0	0
a	32	4	0	0	0
a	32	30	0	1	-607459
a	32	30	0	1	-167058
a	32	30	0	1	-88725
a	32	30	0	1	-56653
a	32	30	0	1	-39080
a	32	30	0	1	-27965
a	33	35	0	1	-940966
a	33	35	0	1	-258638
a	33	35	0	1	-137277
a	33	35	0	1	-87590
a	33	35	0	1	-60364
a	33	35	0	1	-43143
a	33	35	0	1	-31259
a	33	5	0	1	0
a	33	5	0	1	0
a	33	5	0	1	0
a	33	5	0	1	0
a	34	32	0	1	-227
a	34	32	0	1	-62
a	34	32	0	1	-33
a	34	32	0	1	-21
a	34	32	0	1	-14
a	34	32	0	1	-10
a	34	4	0	0	0
a	34	4	0	0	0
a	34	4	0	0	0
a	34	4	0	0	0
a	35	98	0	1	-271
a	35	98	0	1	-74
a	35	98	0	1	-39
a	35	98	0	1	-25
a	35	98	0	1	-17
a	35	98	0	1	-12
a	35	98	0	1	-8
a	35	5	0	1	0
a	35	5	0	1	0
a	35	5	0	1	0
a	35	5	0	1	0
a	36	34	0	1	-940966
a	36	34	0	1	-258638
a	36	34	0	1	-137277
a	36	34	0	1	-87590
a	36	34	0	1	-60364
a	36	34	0	1	-43143
a	36	4	0	0	0
a	36	4	0	0	0
a	36	4	0	0	0
a	36	4	0	0	0
a	37	5	0	1	0
a	37	5	0	1	0
a	37	5	0	1	0
a	37	5	0	1	0
a	37	39	0	1	-1015279
a	37	39	0	1	-294554
a	37	39	0	1	-165998
a	37	39	0	1	-113364
a	37	39	0	1	-84524
a	37	39	0	1	-66282
a	37	39	0	1	-53694
a	37	39	0	1	-44479
a	37	39	0	1	-37442
a	37	39	0	1	-31891
a	37	39	0	1	-27400
a	37	39	0	1	-23691
a	37	39	0	1	-20577
a	37	39	0	1	-17925
a	37	39	0	1	-15639
a	37	39	0	1	-13649
a	37	39	0	1	-11900
a	37	39	0	1	-10351
a	37	39	0	1	-8969
a	37	39	0	1	-7730
a	37	39	0	1	-6611
a	37	39	0	1	-5597
a	37	39	0	1	-4673
a	37	39	0	1	-3827
a	37	39	0	1	-3051
a	38	72	0	1	-525
a	38	72	0	1	-150
a	38	72	0	1	-84
a	38	72	0	1	-56
a	38	72	0	1	-41
a	38	72	0	1	-32
a	38	72	0	1	-25
a	38	72	0	1	-20
a	38	72	0	1	-17
a	38	72	0	1	-14
a	38	72	0	1	-12
a	38	72	0	1	-10
a	38	72	0	1	-8
a	38	72	0	1	-7
a	38	72	0	1	-6
a	38	72	0	1	-4
a	38	72	0	1	-4
a	38	72	0	1	-3
a	38	72	0	1	-2
a	38	72	0	1	-1
a	38	4	0	0	0
a	38	4	0	0	0
a	38	4	0	0	0
a	38	4	0	0	0
a	39	41	0	1	-1318770
a	39	41	0	1	-361149
a	39	41	0	1	-190856
a	39	41	0	1	-121135
a	39	41	0	1	-82931
a	39	41	0	1	-58767
a	39	41	0	1	-42091
a	39	41	0	1	-29885
a	39	41	0	1	-20563
a	39	5	0	1	0
a	39	5	0	1	0
a	39	5	0	1	0
a	39	5	0	1	0
a	39	61	0	1	-387
a	39	61	0	1	-110
a	39	61	0	1	-60
a	39	61	0	1	-40
a	39	61	0	1	-29
a	39	61	0	1	-22
a	39	61	0	1	-17
a	39	61	0	1	-13
a	39	61	0	1	-11
a	39	61	0	1	-9
a	39	61	0	1	-7
a	39	61	0	1	-5
a	39	61	0	1	-4
a	39	61	0	1	-3
a	39	61	0	1	-2
a	39	61	0	1	-2
a	40	4	0	0	0
a	40	4	0	0	0
a	40	4	0	0	0
a	40	4	0	0	0
a	40	38	0	1	-1015279
a	40	38	0	1	-294554
a	40	38	0	1	-165998
a	40	38	0	1	-113364
a	40	38	0	1	-84524
a	40	38	0	1	-66282
a	40	38	0	1	-53694
a	40	38	0	1	-44479
a	40	38	0	1	-37442
a	40	38	0	1	-31891
a	40	38	0	1	-27400
a	40	38	0	1	-23691
a	40	38	0	1	-20577
a	40	38	0	1	-17925
a	40	38	0	1	-15639
a	40	38	0	1	-13649
a	40	38	0	1	-11900
a	40	38	0	1	-10351
a	40	38	0	1	-8969
a	40	38	0	1	-7730
a	41	43	0	1	-296480
a	41	43	0	1	-85733
a	41	43	0	1	-48148
a	41	43	0	1	-32761
a	41	43	0	1	-24329
a	41	43	0	1	-18996
a	41	43	0	1	-15316
a	41	43	0	1	-12622
a	41	43	0	1	-10564
a	41	43	0	1	-8941
a	41	43	0	1	-7628
a	41	43	0	1	-6544
a	41	43	0	1	-5634
a	41	43	0	1	-4858
a	41	43	0	1	-4190
a	41	43	0	1	-3608
a	41	43	0	1	-3097
a	41	43	0	1	-2644
a	41	43	0	1	-2240
a	41	43	0	1	-1878
a	41	43	0	1	-1551
a	41	43	0	1	-1254
a	41	43	0	1	-984
a	41	43	0	1	-737
a	41	5	0	1	0
a	41	5	0	1	0
a	41	5	0	1	0
a	41	5	0	1	0
a	42	40	0	1	-1318770
a	42	40	0	1	-361149
a	42	40	0	1	-190856
a	42	40	0	1	-121135
a	42	40	0	1	-82931
a	42	40	0	1	-58767
a	42	40	0	1	-42091
a	42	40	0	1	-29885
a	42	40	0	1	-20563
a	42	40	0	1	-13210
a	42	4	0	0	0
a	42	4	0	0	0
a	42	4	0	0	0
a	42	4	0	0	0
a	42	118	0	1	-293
a	42	118	0	1	-78
a	42	118	0	1	-39
a	42	118	0	1	-24
a	42	118	0	1	-15
a	42	118	0	1	-10
a	42	118	0	1	-6
a	42	118	0	1	-3
a	42	118	0	1	-1
a	42	118	0	1	0
a	42	118	0	1	1
a	42	118	0	1	2
a	42	118	0	1	3
a	43	5	0	1	0
a	43	5	0	1	0
a	43	5	0	1	0
a	43	5	0	1	0
a	43	45	0	1	-798
a	43	45	0	1	-228
a	43	45	0	1	-127
a	43	45	0	1	-85
a	43	45	0	1	-62
a	43	45	0	1	-48
a	43	45	0	1	-38
a	43	45	0	1	-31
a	43	45	0	1	-25
a	43	45	0	1	-21
a	43	45	0	1	-17
a	43	45	0	1	-14
a	43	45	0	1	-12
a	43	45	0	1	-10
a	43	45	0	1	-8
a	43	45	0	1	-6
a	43	45	0	1	-5
a	43	45	0	1	-4
a	43	45	0	1	-3
a	43	45	0	1	-2
a	43	45	0	1	-1
a	43	45	0	1	0
a	43	45	0	1	0
a	43	45	0	1	0
a	44	42	0	1	-296480
a	44	42	0	1	-85733
a	44	42	0	1	-48148
a	44	42	0	1	-32761
a	44	42	0	1	-24329
a	44	42	0	1	-18996
a	44	42	0	1	-15316
a	44	42	0	1	-12622
a	44	42	0	1	-10564
a	44	42	0	1	-8941
a	44	42	0	1	-7628
a	44	42	0	1	-6544
a	44	42	0	1	-5634
a	44	42	0	1	-4858
a	44	42	0	1	-4190
a	44	42	0	1	-3608
a	44	42	0	1	-3097
a	44	42	0	1	-2644
a	44	42	0	1	-2240
a	44	42	0	1	-1878
a	44	42	0	1	-1551
a	44	42	0	1	-1254
a	44	42	0	1	-984
a	44	4	0	0	0
a	44	4	0	0	0
a	44	4	0	0	0
a	44	4	0	0	0
a	45	5	0	1	0
a	45	5	0	1	0
a	45	5	0	1	0
a	45	5	0	1	0
a	45	47	0	1	-16
a	45	47	0	1	-3
a	45	47	0	1	-1
a	45	47	0	1	0
a	45	47	0	1	0
a	45	47	0	1	0
a	45	47	0	1	0
a	45	47	0	1	0
a	45	47	0	1	1
a	45	47	0	1	1
a	45	47	0	1	1
a	45	47	0	1	1
a	45	47	0	1	1
a	45	47	0	1	1
a	45	47	0	1	1
a	45	47	0	1	1
a	45	47	0	1	1
a	45	47	0	1	1
a	45	47	0	1	1
a	45	47	0	1	1
a	45	47	0	1	1
a	45	47	0	1	1
a	45	47	0	1	1
a	45	47	0	1	1
a	46	44	0	1	-798
a	46	44	0	1	-228
a	46	44	0	1	-127
a	46	44	0	1	-85
a	46	44	0	1	-62
a	46	44	0	1	-48
a	46	44	0	1	-38
a	46	44	0	1	-31
a	46	44	0	1	-25
a	46	44	0	1	-21
a	46	44	0	1	-17
a	46	44	0	1	-14
a	46	44	0	1	-12
a	46	44	0	1	-10
a	46	44	0	1	-8
a	46	44	0	1	-6
a	46	44	0	1	-5
a	46	44	0	1	-4
a	46	44	0	1	-3
a	46	44	0	1	-2
a	46	44	0	1	-1
a	46	44	0	1	0
a	46	44	0	1	0
a	46	4	0	0	0
a	46	4	0	0	0
a	46	4	0	0	0
a	46	4	0	0	0
a	47	49	0	1	-1324785
a	47	49	0	1	-383329
a	47	49	0	1	-215426
a	47	49	0	1	-146683
a	47	49	0	1	-109015
a	47	49	0	1	-85190
a	47	49	0	1	-68748
a	47	49	0	1	-56714
a	47	49	0	1	-47523
a	47	49	0	1	-40272
a	47	49	0	1	-34406
a	47	49	0	1	-29563
a	47	49	0	1	-25496
a	47	49	0	1	-22032
a	47	49	0	1	-19047
a	47	49	0	1	-16447
a	47	49	0	1	-14163
a	47	49	0	1	-12139
a	47	49	0	1	-10335
a	47	49	0	1	-8716
a	47	49	0	1	-7255
a	47	49	0	1	-5930
a	47	49	0	1	-4723
a	47	49	0	1	-3619
a	47	5	0	1	0
a	47	5	0	1	0
a	47	5	0	1	0
a	47	5	0	1	0
a	48	4	0	0	0
a	48	4	0	0	0
a	48	4	0	0	0
a	48	4	0	0	0
a	48	46	0	1	-16
a	48	46	0	1	-3
a	48	46	0	1	-1
a	48	46	0	1	0
a	48	46	0	1	0
a	48	46	0	1	0
a	48	46	0	1	0
a	48	46	0	1	0
a	48	46	0	1	1
a	48	46	0	1	1
a	48	46	0	1	1
a	48	46	0	1	1
a	48	46	0	1	1
a	48	46	0	1	1
a	48	46	0	1	1
a	48	46	0	1	1
a	48	46	0	1	1
a	48	46	0	1	1
a	48	46	0	1	1
a	48	46	0	1	1
a	48	46	0	1	1
a	48	46	0	1	1
a	48	46	0	1	1
a	49	51	0	1	-1520086
a	49	51	0	1	-439922
a	49	51	0	1	-247279
a	49	51	0	1	-168407
a	49	51	0	1	-125190
a	49	51	0	1	-97854
a	49	51	0	1	-78990
a	49	51	0	1	-65182
a	49	51	0	1	-54636
a	49	51	0	1	-46318
a	49	51	0	1	-39588
a	49	51	0	1	-34031
a	49	51	0	1	-29364
a	49	51	0	1	-25390
a	49	51	0	1	-21965
a	49	51	0	1	-18982
a	49	51	0	1	-16361
a	49	51	0	1	-14040
a	49	51	0	1	-11970
a	49	51	0	1	-10112
a	49	51	0	1	-8436
a	49	51	0	1	-6916
a	49	51	0	1	-5531
a	49	51	0	1	-4264
a	49	5	0	1	0
a	49	5	0	1	0
a	49	5	0	1	0
a	49	5	0	1	0
a	50	48	0	1	-1324785
a	50	48	0	1	-383329
a	50	48	0	1	-215426
a	50	48	0	1	-146683
a	50	48	0	1	-109015
a	50	48	0	1	-85190
a	50	48	0	1	-68748
a	50	48	0	1	-56714
a	50	48	0	1	-47523
a	50	48	0	1	-40272
a	50	48	0	1	-34406
a	50	48	0	1	-29563
a	50	48	0	1	-25496
a	50	48	0	1	-22032
a	50	48	0	1	-19047
a	50	48	0	1	-16447
a	50	48	0	1	-14163
a	50	48	0	1	-12139
a	50	48	0	1	-10335
a	50	48	0	1	-8716
a	50	48	0	1	-7255
a	50	48	0	1	-5930
a	50	48	0	1	-4723
a	50	4	0	0	0
a	50	4	0	0	0
a	50	4	0	0	0
a	50	4	0	0	0
a	51	5	0	1	0
a	51	5	0	1	0
a	51	5	0	1	0
a	51	5	0	1	0
a	51	30	0	1	-277
a	51	30	0	1	-76
a	51	30	0	1	-41
a	51	30	0	1	-26
a	51	30	0	1	-18
a	51	30	0	1	-13
a	51	30	0	1	-10
a	51	30	0	1	-7
a	51	30	0	1	-5
a	51	30	0	1	-4
a	51	30	0	1	-2
a	51	30	0	1	-1
a	51	30	0	1	0
a	51	30	0	1	0
a	51	53	0	1	-14764
a	51	53	0	1	-4021
a	51	53	0	1	-2111
a	51	53	0	1	-1329
a	51	53	0	1	-901
a	51	53	0	1	-630
a	51	53	0	1	-443
a	51	53	0	1	-306
a	51	53	0	1	-201
a	51	53	0	1	-119
a	52	50	0	1	-1520086
a	52	50	0	1	-439922