Original cost:  -118229296
35 cost: -118229296 cost+uc-param -118229296 uc 46781914 -118229296
1
[3]
67 cost: -118229296 cost+uc-param -118229296 uc 46781914 -118229296
0
[3]
17 cost: -118229296 cost+uc-param -118229296 uc 46781914 -118229296
0
[3]
67 cost: -114096501 cost+uc-param -118229296 uc 42649119 -118229296
0
[57, 59, 61, 63, 65, 103, 105, 5, 1, 3]
35 cost: -114096501 cost+uc-param -118229296 uc 42649119 -118229296
1
[57, 59, 61, 63, 65, 103, 105, 5, 1, 3]
98 cost: -114096497 cost+uc-param -118229296 uc 42649115 -118229296
8
[59, 61, 63, 65, 103, 105, 5, 1, 3, 35]
96 cost: -114065003 cost+uc-param -118229296 uc 42617621 -118229296
10
[61, 63, 65, 103, 105, 5, 1, 3, 35, 98]
67 cost: -113884371 cost+uc-param -118229296 uc 42436989 -118229296
0
[57, 59, 61, 63, 65, 103, 105, 5, 1, 3]
35 cost: -113884371 cost+uc-param -118229296 uc 42436989 -118229296
0
[57, 59, 61, 63, 65, 103, 105, 5, 1, 3]
98 cost: -113884365 cost+uc-param -118229296 uc 42436983 -118229296
7
[59, 61, 63, 65, 103, 105, 5, 1, 3, 35]
96 cost: -113848765 cost+uc-param -118229296 uc 42401383 -118229296
9
[61, 63, 65, 103, 105, 5, 1, 3, 35, 98]
67 cost: -58089706 cost+uc-param -118229296 uc -13357676 -118229296
0
[105, 107, 109, 111, 113, 87, 89, 5, 1, 3]
69 cost: -57070760 cost+uc-param -118229296 uc -14376622 -118229296
0
[107, 109, 111, 113, 87, 89, 5, 1, 3, 67]
71 cost: -56180675 cost+uc-param -118229296 uc -15266707 -118229296
0
[109, 111, 113, 87, 89, 5, 1, 3, 67, 69]
DONE! 4 0 -118229296 -49278035 -22169347 2583
67 cost: -58084328 cost+uc-param -118229296 uc -13363054 -118229296
0
[105, 107, 109, 111, 113, 87, 89, 5, 1, 3]
69 cost: -57065382 cost+uc-param -118229296 uc -14382000 -118229296
0
[107, 109, 111, 113, 87, 89, 5, 1, 3, 67]
71 cost: -56175297 cost+uc-param -118229296 uc -15272085 -118229296
0
[109, 111, 113, 87, 89, 5, 1, 3, 67, 69]
DONE! 4 0 -118229296 -49272657 -22174725 2598
67 cost: -58077850 cost+uc-param -118229296 uc -13369532 -118229296
0
[105, 107, 109, 111, 113, 87, 89, 5, 1, 3]
69 cost: -57058904 cost+uc-param -118229296 uc -14388478 -118229296
0
[107, 109, 111, 113, 87, 89, 5, 1, 3, 67]
71 cost: -56168819 cost+uc-param -118229296 uc -15278563 -118229296
0
[109, 111, 113, 87, 89, 5, 1, 3, 67, 69]
DONE! 4 0 -118229296 -49266179 -22181203 2613
67 cost: -58070206 cost+uc-param -118229296 uc -13377176 -118229296
0
[105, 107, 109, 111, 113, 87, 89, 5, 1, 3]
69 cost: -57051260 cost+uc-param -118229296 uc -14396122 -118229296
0
[107, 109, 111, 113, 87, 89, 5, 1, 3, 67]
71 cost: -56161175 cost+uc-param -118229296 uc -15286207 -118229296
0
[109, 111, 113, 87, 89, 5, 1, 3, 67, 69]
DONE! 4 0 -118229296 -49258535 -22188847 2628
67 cost: -58061329 cost+uc-param -118229296 uc -13386053 -118229296
0
[105, 107, 109, 111, 113, 87, 89, 5, 1, 3]
69 cost: -57042383 cost+uc-param -118229296 uc -14404999 -118229296
0
[107, 109, 111, 113, 87, 89, 5, 1, 3, 67]
71 cost: -56152298 cost+uc-param -118229296 uc -15295084 -118229296
0
[109, 111, 113, 87, 89, 5, 1, 3, 67, 69]
DONE! 4 0 -118229296 -49249658 -22197724 2643
67 cost: -58051149 cost+uc-param -118229296 uc -13396233 -118229296
0
[105, 107, 109, 111, 113, 87, 89, 5, 1, 3]
69 cost: -57032203 cost+uc-param -118229296 uc -14415179 -118229296
0
[107, 109, 111, 113, 87, 89, 5, 1, 3, 67]
71 cost: -56142118 cost+uc-param -118229296 uc -15305264 -118229296
0
[109, 111, 113, 87, 89, 5, 1, 3, 67, 69]
DONE! 4 0 -118229296 -49239478 -22207904 2658
67 cost: -58039579 cost+uc-param -118229296 uc -13407803 -118229296
0
[105, 107, 109, 111, 113, 87, 89, 5, 1, 3]
69 cost: -57020633 cost+uc-param -118229296 uc -14426749 -118229296
0
[107, 109, 111, 113, 87, 89, 5, 1, 3, 67]
71 cost: -56130548 cost+uc-param -118229296 uc -15316834 -118229296
0
[109, 111, 113, 87, 89, 5, 1, 3, 67, 69]
DONE! 4 0 -118229296 -49227908 -22219474 2673
67 cost: -58026532 cost+uc-param -118229296 uc -13420850 -118229296
0
[105, 107, 109, 111, 113, 87, 89, 5, 1, 3]
69 cost: -57007586 cost+uc-param -118229296 uc -14439796 -118229296
0
[107, 109, 111, 113, 87, 89, 5, 1, 3, 67]
71 cost: -56117501 cost+uc-param -118229296 uc -15329881 -118229296
0
[109, 111, 113, 87, 89, 5, 1, 3, 67, 69]
DONE! 4 0 -118229296 -49214861 -22232521 2688
67 cost: -58011907 cost+uc-param -118229296 uc -13435475 -118229296
0
[105, 107, 109, 111, 113, 87, 89, 5, 1, 3]
69 cost: -56992961 cost+uc-param -118229296 uc -14454421 -118229296
0
[107, 109, 111, 113, 87, 89, 5, 1, 3, 67]
71 cost: -56102876 cost+uc-param -118229296 uc -15344506 -118229296
0
[109, 111, 113, 87, 89, 5, 1, 3, 67, 69]
DONE! 4 0 -118229296 -49200236 -22247146 2703
67 cost: -57995591 cost+uc-param -118229296 uc -13451791 -118229296
0
[105, 107, 109, 111, 113, 87, 89, 5, 1, 3]
69 cost: -56976645 cost+uc-param -118229296 uc -14470737 -118229296
0
[107, 109, 111, 113, 87, 89, 5, 1, 3, 67]
71 cost: -56086560 cost+uc-param -118229296 uc -15360822 -118229296
0
[109, 111, 113, 87, 89, 5, 1, 3, 67, 69]
DONE! 4 0 -118229296 -49183920 -22263462 2718
67 cost: -57977457 cost+uc-param -118229296 uc -13469925 -118229296
0
[105, 107, 109, 111, 113, 87, 89, 5, 1, 3]
69 cost: -56958511 cost+uc-param -118229296 uc -14488871 -118229296
0
[107, 109, 111, 113, 87, 89, 5, 1, 3, 67]
71 cost: -56068426 cost+uc-param -118229296 uc -15378956 -118229296
0
[109, 111, 113, 87, 89, 5, 1, 3, 67, 69]
DONE! 4 0 -118229296 -49165786 -22281596 2733
67 cost: -57957364 cost+uc-param -118229296 uc -13490018 -118229296
0
[105, 107, 109, 111, 113, 87, 89, 5, 1, 3]
69 cost: -56938418 cost+uc-param -118229296 uc -14508964 -118229296
0
[107, 109, 111, 113, 87, 89, 5, 1, 3, 67]
71 cost: -56048333 cost+uc-param -118229296 uc -15399049 -118229296
0
[109, 111, 113, 87, 89, 5, 1, 3, 67, 69]
DONE! 4 0 -118229296 -49145693 -22301689 2748
67 cost: -57935152 cost+uc-param -118229296 uc -13512230 -118229296
0
[105, 107, 109, 111, 113, 87, 89, 5, 1, 3]
69 cost: -56916206 cost+uc-param -118229296 uc -14531176 -118229296
0
[107, 109, 111, 113, 87, 89, 5, 1, 3, 67]
71 cost: -56026121 cost+uc-param -118229296 uc -15421261 -118229296
0
[109, 111, 113, 87, 89, 5, 1, 3, 67, 69]
DONE! 4 0 -118229296 -49123481 -22323901 2763
67 cost: -57910634 cost+uc-param -118229296 uc -13536748 -118229296
0
[105, 107, 109, 111, 113, 87, 89, 5, 1, 3]
69 cost: -56891688 cost+uc-param -118229296 uc -14555694 -118229296
0
[107, 109, 111, 113, 87, 89, 5, 1, 3, 67]
71 cost: -56001603 cost+uc-param -118229296 uc -15445779 -118229296
0
[109, 111, 113, 87, 89, 5, 1, 3, 67, 69]
DONE! 4 0 -118229296 -49098963 -22348419 2778
67 cost: -57883587 cost+uc-param -118229296 uc -13563795 -118229296
0
[105, 107, 109, 111, 113, 87, 89, 5, 1, 3]
69 cost: -56864641 cost+uc-param -118229296 uc -14582741 -118229296
0
[107, 109, 111, 113, 87, 89, 5, 1, 3, 67]
71 cost: -55974556 cost+uc-param -118229296 uc -15472826 -118229296
0
[109, 111, 113, 87, 89, 5, 1, 3, 67, 69]
DONE! 4 0 -118229296 -49071916 -22375466 2793
67 cost: -57853754 cost+uc-param -118229296 uc -13593628 -118229296
0
[105, 107, 109, 111, 113, 87, 89, 5, 1, 3]
69 cost: -56834808 cost+uc-param -118229296 uc -14612574 -118229296
0
[107, 109, 111, 113, 87, 89, 5, 1, 3, 67]
71 cost: -55944723 cost+uc-param -118229296 uc -15502659 -118229296
0
[109, 111, 113, 87, 89, 5, 1, 3, 67, 69]
DONE! 4 0 -118229296 -49042083 -22405299 2808
67 cost: -57820821 cost+uc-param -118229296 uc -13626561 -118229296
0
[105, 107, 109, 111, 113, 87, 89, 5, 1, 3]
69 cost: -56801875 cost+uc-param -118229296 uc -14645507 -118229296
0
[107, 109, 111, 113, 87, 89, 5, 1, 3, 67]
71 cost: -55911790 cost+uc-param -118229296 uc -15535592 -118229296
0
[109, 111, 113, 87, 89, 5, 1, 3, 67, 69]
DONE! 4 0 -118229296 -49009150 -22438232 2823
67 cost: -57784396 cost+uc-param -118229296 uc -13662986 -118229296
0
[105, 107, 109, 111, 113, 87, 89, 5, 1, 3]
69 cost: -56765450 cost+uc-param -118229296 uc -14681932 -118229296
0
[107, 109, 111, 113, 87, 89, 5, 1, 3, 67]
71 cost: -55875365 cost+uc-param -118229296 uc -15572017 -118229296
0
[109, 111, 113, 87, 89, 5, 1, 3, 67, 69]
DONE! 4 0 -118229296 -48972725 -22474657 2838
67 cost: -57743968 cost+uc-param -118229296 uc -13703414 -118229296
0
[105, 107, 109, 111, 113, 87, 89, 5, 1, 3]
69 cost: -56725022 cost+uc-param -118229296 uc -14722360 -118229296
0
[107, 109, 111, 113, 87, 89, 5, 1, 3, 67]
71 cost: -55834937 cost+uc-param -118229296 uc -15612445 -118229296
0
[109, 111, 113, 87, 89, 5, 1, 3, 67, 69]
DONE! 4 0 -118229296 -48932297 -22515085 2853
67 cost: -57698849 cost+uc-param -118229296 uc -13748533 -118229296
0
[105, 107, 109, 111, 113, 87, 89, 5, 1, 3]
69 cost: -56679903 cost+uc-param -118229296 uc -14767479 -118229296
0
[107, 109, 111, 113, 87, 89, 5, 1, 3, 67]
71 cost: -55789818 cost+uc-param -118229296 uc -15657564 -118229296
0
[109, 111, 113, 87, 89, 5, 1, 3, 67, 69]
DONE! 4 0 -118229296 -48887178 -22560204 2868
67 cost: -57648020 cost+uc-param -118229296 uc -13799362 -118229296
0
[105, 107, 109, 111, 113, 87, 89, 5, 1, 3]
69 cost: -56629074 cost+uc-param -118229296 uc -14818308 -118229296
0
[107, 109, 111, 113, 87, 89, 5, 1, 3, 67]
71 cost: -55738989 cost+uc-param -118229296 uc -15708393 -118229296
0
[109, 111, 113, 87, 89, 5, 1, 3, 67, 69]
DONE! 4 0 -118229296 -48836349 -22611033 2883
67 cost: -57589805 cost+uc-param -118229296 uc -13857577 -118229296
0
[105, 107, 109, 111, 113, 87, 89, 5, 1, 3]
69 cost: -56570859 cost+uc-param -118229296 uc -14876523 -118229296
0
[107, 109, 111, 113, 87, 89, 5, 1, 3, 67]
71 cost: -55680774 cost+uc-param -118229296 uc -15766608 -118229296
0
[109, 111, 113, 87, 89, 5, 1, 3, 67, 69]
DONE! 4 0 -118229296 -48778134 -22669248 2898
67 cost: -57520832 cost+uc-param -118229296 uc -13926550 -118229296
0
[105, 107, 109, 111, 113, 87, 89, 5, 1, 3]
69 cost: -56501886 cost+uc-param -118229296 uc -14945496 -118229296
0
[107, 109, 111, 113, 87, 89, 5, 1, 3, 67]
71 cost: -55611801 cost+uc-param -118229296 uc -15835581 -118229296
0
[109, 111, 113, 87, 89, 5, 1, 3, 67, 69]
DONE! 4 0 -118229296 -48709161 -22738221 2913
67 cost: -57431232 cost+uc-param -118229296 uc -14016150 -118229296
0
[105, 107, 109, 111, 113, 87, 89, 5, 1, 3]
69 cost: -56412286 cost+uc-param -118229296 uc -15035096 -118229296
0
[107, 109, 111, 113, 87, 89, 5, 1, 3, 67]
71 cost: -55522201 cost+uc-param -118229296 uc -15925181 -118229296
0
[109, 111, 113, 87, 89, 5, 1, 3, 67, 69]
DONE! 4 0 -118229296 -48619561 -22827821 2928
67 cost: -57247495 cost+uc-param -118229296 uc -14199887 -118229296
0
[105, 107, 109, 111, 113, 87, 89, 5, 1, 3]
69 cost: -56228549 cost+uc-param -118229296 uc -15218833 -118229296
0
[107, 109, 111, 113, 87, 89, 5, 1, 3, 67]
71 cost: -55338464 cost+uc-param -118229296 uc -16108918 -118229296
0
[109, 111, 113, 87, 89, 5, 1, 3, 67, 69]
DONE! 4 0 -118229296 -48435824 -23011558 2943
67 cost: -54853076 cost+uc-param -118229296 uc -16594306 -118229296
0
[105, 107, 109, 111, 113, 87, 89, 5, 1, 3]
69 cost: -53834130 cost+uc-param -118229296 uc -17613252 -118229296
0
[107, 109, 111, 113, 87, 89, 5, 1, 3, 67]
71 cost: -52944045 cost+uc-param -118229296 uc -18503337 -118229296
0
[109, 111, 113, 87, 89, 5, 1, 3, 67, 69]
DONE! 4 0 -118229296 -46041405 -25405977 3040
67 cost: -52510644 cost+uc-param -118229296 uc -18936738 -118229296
0
[105, 107, 109, 111, 113, 87, 89, 5, 1, 3]
69 cost: -51491698 cost+uc-param -118229296 uc -19955684 -118229296
0
[107, 109, 111, 113, 87, 89, 5, 1, 3, 67]
71 cost: -50601613 cost+uc-param -118229296 uc -20845769 -118229296
0
[109, 111, 113, 87, 89, 5, 1, 3, 67, 69]
DONE! 4 0 -118229296 -43698973 -27748409 3092
67 cost: -48449051 cost+uc-param -118229296 uc -22998331 -118229296
0
[105, 107, 109, 111, 113, 87, 89, 5, 1, 3]
69 cost: -47430105 cost+uc-param -118229296 uc -24017277 -118229296
0
[107, 109, 111, 113, 87, 89, 5, 1, 3, 67]
71 cost: -46540020 cost+uc-param -118229296 uc -24907362 -118229296
0
[109, 111, 113, 87, 89, 5, 1, 3, 67, 69]
DONE! 4 0 -118229296 -39637380 -31810002 3144
67 cost: -34868640 cost+uc-param -118229296 uc -36578742 -118229296
0
[105, 107, 109, 111, 113, 87, 89, 5, 1, 3]
69 cost: -33849694 cost+uc-param -118229296 uc -37597688 -118229296
0
[107, 109, 111, 113, 87, 89, 5, 1, 3, 67]
71 cost: -32959609 cost+uc-param -118229296 uc -38487773 -118229296
0
[109, 111, 113, 87, 89, 5, 1, 3, 67, 69]
DONE! 4 0 -118229296 -26056969 -45390413 3196
67 cost: -34537075 cost+uc-param -118229296 uc -36910307 -118229296
0
[105, 107, 109, 111, 113, 87, 89, 5, 1, 3]
69 cost: -33518129 cost+uc-param -118229296 uc -37929253 -118229296
0
[107, 109, 111, 113, 87, 89, 5, 1, 3, 67]
71 cost: -32628044 cost+uc-param -118229296 uc -38819338 -118229296
0
[109, 111, 113, 87, 89, 5, 1, 3, 67, 69]
DONE! 4 0 -118229296 -25725404 -45721978 3225
67 cost: -34156603 cost+uc-param -118229296 uc -37290779 -118229296
0
[105, 107, 109, 111, 113, 87, 89, 5, 1, 3]
69 cost: -33137657 cost+uc-param -118229296 uc -38309725 -118229296
0
[107, 109, 111, 113, 87, 89, 5, 1, 3, 67]
71 cost: -32247572 cost+uc-param -118229296 uc -39199810 -118229296
0
[109, 111, 113, 87, 89, 5, 1, 3, 67, 69]
DONE! 4 0 -118229296 -25344932 -46102450 3254
67 cost: -33716902 cost+uc-param -118229296 uc -37730480 -118229296
0
[105, 107, 109, 111, 113, 87, 89, 5, 1, 3]
69 cost: -32697956 cost+uc-param -118229296 uc -38749426 -118229296
0
[107, 109, 111, 113, 87, 89, 5, 1, 3, 67]
71 cost: -31807871 cost+uc-param -118229296 uc -39639511 -118229296
0
[109, 111, 113, 87, 89, 5, 1, 3, 67, 69]
DONE! 4 0 -118229296 -24905231 -46542151 3283
67 cost: -33203995 cost+uc-param -118229296 uc -38243387 -118229296
0
[105, 107, 109, 111, 113, 87, 89, 5, 1, 3]
69 cost: -32185049 cost+uc-param -118229296 uc -39262333 -118229296
0
[107, 109, 111, 113, 87, 89, 5, 1, 3, 67]
71 cost: -31294964 cost+uc-param -118229296 uc -40152418 -118229296
0
[109, 111, 113, 87, 89, 5, 1, 3, 67, 69]
DONE! 4 0 -118229296 -24392324 -47055058 3312
67 cost: -32598281 cost+uc-param -118229296 uc -38849101 -118229296
0
[105, 107, 109, 111, 113, 87, 89, 5, 1, 3]
69 cost: -31579335 cost+uc-param -118229296 uc -39868047 -118229296
0
[107, 109, 111, 113, 87, 89, 5, 1, 3, 67]
71 cost: -30689250 cost+uc-param -118229296 uc -40758132 -118229296
0
[109, 111, 113, 87, 89, 5, 1, 3, 67, 69]
DONE! 4 0 -118229296 -23786610 -47660772 3341
67 cost: -31871053 cost+uc-param -118229296 uc -39576329 -118229296
0
[105, 107, 109, 111, 113, 87, 89, 5, 1, 3]
69 cost: -30852107 cost+uc-param -118229296 uc -40595275 -118229296
0
[107, 109, 111, 113, 87, 89, 5, 1, 3, 67]
71 cost: -29962022 cost+uc-param -118229296 uc -41485360 -118229296
0
[109, 111, 113, 87, 89, 5, 1, 3, 67, 69]
DONE! 4 0 -118229296 -23059382 -48388000 3370
67 cost: -30977811 cost+uc-param -118229296 uc -40469571 -118229296
0
[105, 107, 109, 111, 113, 87, 89, 5, 1, 3]
69 cost: -29958865 cost+uc-param -118229296 uc -41488517 -118229296
0
[107, 109, 111, 113, 87, 89, 5, 1, 3, 67]
71 cost: -29068780 cost+uc-param -118229296 uc -42378602 -118229296
0
[109, 111, 113, 87, 89, 5, 1, 3, 67, 69]
DONE! 4 0 -118229296 -22166140 -49281242 3399
67 cost: -29844000 cost+uc-param -118229296 uc -41603382 -118229296
0
[105, 107, 109, 111, 113, 87, 89, 5, 1, 3]
69 cost: -28825054 cost+uc-param -118229296 uc -42622328 -118229296
0
[107, 109, 111, 113, 87, 89, 5, 1, 3, 67]
71 cost: -27934969 cost+uc-param -118229296 uc -43512413 -118229296
0
[109, 111, 113, 87, 89, 5, 1, 3, 67, 69]
DONE! 4 0 -118229296 -21032329 -50415053 3428
67 cost: -28329857 cost+uc-param -118229296 uc -43117525 -118229296
0
[105, 107, 109, 111, 113, 87, 89, 5, 1, 3]
69 cost: -27310911 cost+uc-param -118229296 uc -44136471 -118229296
0
[107, 109, 111, 113, 87, 89, 5, 1, 3, 67]
71 cost: -26420826 cost+uc-param -118229296 uc -45026556 -118229296
0
[109, 111, 113, 87, 89, 5, 1, 3, 67, 69]
DONE! 4 0 -118229296 -19518186 -51929196 3457
67 cost: -26121603 cost+uc-param -118229296 uc -45325779 -118229296
0
[105, 107, 109, 111, 113, 87, 89, 5, 1, 3]
69 cost: -25102657 cost+uc-param -118229296 uc -46344725 -118229296
0
[107, 109, 111, 113, 87, 89, 5, 1, 3, 67]
71 cost: -24212572 cost+uc-param -118229296 uc -47234810 -118229296
0
[109, 111, 113, 87, 89, 5, 1, 3, 67, 69]
DONE! 4 0 -118229296 -17309932 -54137450 3486
67 cost: -22218004 cost+uc-param -118229296 uc -49229378 -118229296
0
[105, 107, 109, 111, 113, 87, 89, 5, 1, 3]
69 cost: -21199058 cost+uc-param -118229296 uc -50248324 -118229296
0
[107, 109, 111, 113, 87, 89, 5, 1, 3, 67]
71 cost: -20308973 cost+uc-param -118229296 uc -51138409 -118229296
0
[109, 111, 113, 87, 89, 5, 1, 3, 67, 69]
DONE! 4 0 -118229296 -13406333 -58041049 3515
67 cost: -8811671 cost+uc-param -118229296 uc -62635711 -118229296
0
[105, 107, 109, 111, 113, 87, 89, 5, 1, 3]
69 cost: -7792725 cost+uc-param -118229296 uc -63654657 -118229296
0
[107, 109, 111, 113, 87, 89, 5, 1, 3, 67]
71 cost: -6902640 cost+uc-param -118229296 uc -64544742 -118229296
0
[109, 111, 113, 87, 89, 5, 1, 3, 67, 69]
DONE! 4 0 -118229296 0 -71447382 3544
Search ...  [3, 17, 19, 21, 23, 25, 27, 29, 31, 33, 35, 98, 96, 94, 92, 120, 118, 116, 94, 92, 120, 118, 116, 94, 92, 120, 118, 116, 94, 92, 120, 118, 116, 94, 92, 120, 118, 116, 94, 92, 120, 118, 116, 94, 92, 120, 118, 116, 94, 92, 120, 118, 116, 114, 112, 110, 108, 106, 104, 102, 100, 98, 96, 94, 92, 120, 118, 116, 114, 112, 110, 108, 106, 104, 102, 100, 98, 96, 94, 92, 120, 118, 116, 114, 112, 110, 108, 106, 104, 102, 100, 98, 96, 94, 92, 120, 118, 116, 114, 112, 110, 108, 106, 104, 102, 100, 98, 96, 94, 92, 120, 118, 116, 114, 112, 110, 108, 106, 104, 102, 100, 98, 96, 94, 92, 120, 118, 116, 114, 112, 110, 108, 106, 104, 102, 100, 98, 96, 94, 92, 120, 118, 116, 114, 112, 110, 108, 106, 104, 102, 100, 98, 96, 94, 92, 120, 118, 116, 114, 112, 110, 108, 106, 104, 102, 100, 98, 96, 94, 92, 120, 118, 116, 114, 112, 110, 108, 106, 104, 102, 100, 98, 96, 94, 92, 120, 118, 116, 114, 112, 110, 108, 106, 104, 102, 100, 98, 96, 94, 92, 120, 118, 116, 114, 112, 110, 108, 106, 104, 102, 100, 98, 96, 94, 92, 120, 118, 116, 114, 112, 110, 108, 106, 104, 102, 100, 98, 96, 94, 92, 120, 118, 116, 114, 112, 110, 108, 106, 104, 102, 100, 98, 96, 94, 92, 120, 118, 116, 114, 112, 110, 108, 106, 104, 102, 100, 98, 96, 94, 92, 120, 118, 116, 114, 112, 110, 108, 106, 104, 102, 100, 98, 96, 94, 92, 120, 118, 116, 114, 112, 110, 108, 106, 104, 102, 100, 98, 96, 94, 92, 120, 118, 116, 114, 112, 110, 108, 106, 104, 102, 100, 98, 96, 94, 92, 120, 118, 116, 114, 112, 110, 108, 106, 104, 102, 100, 98, 96, 94, 92, 120, 118, 116, 114, 112, 110, 108, 106, 104, 102, 100, 98, 96, 94, 92, 120, 118, 116, 114, 112, 110, 108, 106, 104, 102, 100, 98, 96, 94, 92, 120, 118, 116, 114, 112, 110, 108, 106, 104, 102, 100, 98, 96, 94, 92, 120, 118, 116, 114, 112, 110, 108, 106, 104, 102, 100, 98, 96, 94, 92, 120, 118, 116, 114, 112, 110, 108, 106, 104, 102, 100, 98, 96, 94, 92, 120, 118, 116, 114, 112, 110, 108, 106, 104, 102, 100, 98, 96, 94, 92, 120, 118, 116, 114, 112, 110, 108, 106, 104, 102, 100, 98, 96, 94, 92, 120, 118, 116, 114, 112, 110, 108, 106, 104, 102, 100, 98, 96, 67, 69, 71, 37, 39, 61, 63, 60, 58, 56, 54, 52, 50, 48, 46, 44, 42, 118, 116, 114, 112, 110, 108, 106, 104, 102, 100, 98, 96, 67, 69, 71, 37, 39, 61, 63, 60, 58, 56, 54, 52, 50, 48, 46, 44, 42, 118, 116, 114, 112, 110, 108, 106, 104, 102, 100, 98, 96, 67, 69, 71, 37, 39, 61, 63, 60, 58, 56, 54, 52, 50, 48, 46, 44, 42, 118, 116, 114, 112, 110, 108, 106, 104, 102, 100, 98, 96, 67, 69, 71, 37, 39, 61, 63, 60, 58, 56, 54, 52, 50, 48, 46, 44, 42, 118, 116, 114, 112, 110, 108, 106, 104, 102, 100, 98, 96, 67, 69, 71, 37, 39, 61, 63, 60, 58, 56, 54, 52, 50, 48, 46, 44, 42, 118, 116, 114, 112, 110, 108, 106, 104, 102, 100, 98, 96, 67, 69, 71, 37, 39, 61, 63, 60, 58, 56, 54, 52, 50, 48, 46, 44, 42, 118, 116, 114, 112, 110, 108, 106, 104, 102, 100, 98, 96, 67, 69, 71, 37, 39, 61, 63, 60, 58, 56, 54, 52, 50, 48, 46, 44, 42, 118, 116, 114, 112, 110, 108, 106, 104, 102, 100, 98, 96, 67, 69, 71, 37, 39, 61, 63, 60, 58, 56, 54, 52, 50, 48, 46, 44, 42, 118, 116, 114, 112, 110, 108, 106, 104, 102, 100, 98, 96, 67, 69, 71, 37, 39, 61, 63, 60, 58, 56, 54, 52, 50, 48, 46, 44, 42, 118, 116, 114, 112, 110, 108, 106, 104, 102, 100, 98, 96, 67, 69, 71, 37, 39, 61, 63, 60, 58, 56, 54, 52, 50, 48, 46, 44, 42, 118, 116, 114, 112, 110, 108, 106, 104, 102, 100, 98, 96, 67, 69, 71, 37, 39, 61, 63, 60, 58, 56, 54, 52, 50, 48, 46, 44, 42, 118, 116, 114, 112, 110, 108, 106, 104, 102, 100, 98, 96, 67, 69, 71, 37, 39, 61, 63, 60, 58, 56, 54, 52, 50, 48, 46, 44, 42, 118, 116, 114, 112, 110, 108, 106, 104, 102, 100, 98, 96, 67, 69, 71, 37, 39, 61, 63, 60, 58, 56, 54, 9, 11, 13, 15, 73, 75, 77, 79, 81, 83, 85, 19, 21, 23, 25, 27, 29, 31, 33, 35, 98, 96, 67, 69, 71, 37, 39, 61, 63, 60, 58, 56, 54, 9, 11, 13, 15, 73, 75, 77, 79, 81, 83, 85, 19, 21, 23, 25, 27, 29, 31, 33, 35, 98, 96, 67, 69, 71, 37, 39, 61, 63, 60, 58, 56, 54, 9, 11, 13, 15, 73, 75, 77, 79, 81, 83, 85, 19, 21, 23, 25, 27, 29, 31, 33, 35, 98, 96, 67, 69, 71, 37, 39, 61, 63, 60, 58, 56, 54, 9, 11, 13, 15, 73, 75, 77, 79, 81, 83, 85, 19, 21, 23, 25, 27, 29, 31, 33, 35, 98, 96, 67, 69, 71, 37, 39, 61, 63, 60, 58, 56, 54, 9, 11, 13, 15, 73, 75, 77, 79, 81, 83, 85, 19, 21, 23, 25, 27, 29, 31, 33, 35, 98, 96, 67, 69, 71, 37, 39, 41, 43, 45, 47, 49, 51, 30, 28, 26, 24, 22, 20, 86, 84, 82, 80, 78, 76, 74, 72, 70, 68, 95, 97, 36, 34, 32, 30, 28, 26, 24, 22, 20, 86, 84, 82, 80, 78, 76, 74, 16, 14, 12, 10, 53, 55, 57, 59, 61, 63, 65, 103, 105, 5, 1, 3, 35, 98, 96, 67, 69, 71, 37, 39, 41, 43, 45, 47, 49, 51, 30, 28, 26, 24, 22, 20, 86, 84, 82, 80, 78, 76, 74, 16, 14, 12, 10, 53, 55, 57, 59, 61, 63, 65, 103, 105, 5, 1, 3, 35, 98, 96, 67, 69, 71, 37, 39, 41, 43, 45, 47, 49, 51, 30, 28, 26, 24, 22, 20, 86, 84, 82, 80, 78, 76, 74, 16, 14, 12, 10, 53, 55, 57, 59, 61, 63, 65, 103, 105, 107, 109, 111, 113, 87, 89, 7, 9, 11, 13, 15, 73, 75, 77, 79, 81, 83, 85, 19, 21, 23, 25, 27, 29, 31, 33, 35, 98, 96, 67, 69, 71, 37, 39, 41, 43, 45, 47, 49, 51, 30, 28, 26, 24, 22, 20, 86, 84, 82, 80, 78, 76, 74, 16, 14, 12, 10, 53, 55, 57, 59, 61, 63, 65, 103, 105, 107, 109, 111, 113, 87, 89, 7, 9, 11, 13, 15, 73, 75, 77, 79, 81, 83, 85, 19, 21, 23, 25, 27, 29, 31, 33, 35, 98, 96, 67, 69, 71, 37, 39, 41, 43, 45, 47, 49, 51, 30, 28, 26, 24, 22, 20, 86, 84, 82, 80, 78, 76, 74, 16, 14, 12, 10, 53, 55, 57, 59, 61, 63, 65, 103, 105, 107, 109, 111, 113, 87, 89, 7, 9, 11, 13, 15, 73, 75, 77, 79, 81, 83, 85, 19, 21, 23, 25, 27, 29, 31, 33, 35, 98, 96, 67, 69, 71, 37, 39, 41, 43, 45, 47, 49, 51, 30, 28, 26, 24, 22, 20, 86, 84, 82, 80, 78, 76, 74, 16, 14, 12, 10, 53, 55, 57, 59, 61, 63, 65, 103, 105, 107, 109, 111, 113, 87, 89, 7, 9, 11, 13, 15, 73, 75, 77, 79, 81, 83, 85, 19, 21, 23, 25, 27, 29, 31, 33, 35, 98, 96, 67, 69, 71, 37, 39, 41, 43, 45, 47, 49, 51, 30, 28, 26, 24, 22, 20, 86, 84, 82, 80, 78, 76, 74, 16, 14, 12, 10, 53, 55, 57, 59, 61, 63, 65, 103, 105, 107, 109, 111, 113, 87, 89, 7, 9, 11, 13, 15, 73, 75, 77, 79, 81, 83, 85, 19, 21, 23, 25, 27, 29, 31, 33, 35, 98, 96, 67, 69, 71, 37, 39, 41, 43, 45, 47, 49, 51, 30, 28, 26, 24, 22, 20, 86, 84, 82, 80, 78, 76, 74, 16, 14, 12, 10, 53, 55, 57, 59, 61, 63, 65, 103, 105, 107, 109, 111, 113, 87, 89, 7, 9, 11, 13, 15, 73, 75, 77, 79, 81, 83, 85, 19, 21, 23, 25, 27, 29, 31, 33, 35, 98, 96, 67, 69, 71, 37, 39, 41, 43, 45, 47, 49, 51, 30, 28, 26, 24, 22, 20, 86, 84, 82, 80, 78, 76, 74, 16, 14, 12, 10, 53, 55, 57, 59, 61, 63, 65, 103, 105, 107, 109, 111, 113, 87, 89, 7, 9, 11, 13, 15, 73, 75, 77, 79, 81, 83, 85, 19, 21, 23, 25, 27, 29, 31, 33, 35, 98, 96, 67, 69, 71, 37, 39, 41, 43, 45, 47, 49, 51, 30, 28, 26, 24, 22, 20, 86, 84, 82, 80, 78, 76, 74, 16, 14, 12, 10, 53, 55, 57, 59, 61, 63, 65, 103, 105, 107, 109, 111, 113, 87, 89, 7, 9, 11, 13, 15, 73, 75, 77, 79, 81, 83, 85, 19, 21, 23, 25, 27, 29, 52, 50, 48, 46, 44, 42, 118, 116, 114, 112, 110, 108, 106, 104, 102, 100, 98, 96, 67, 69, 71, 37, 39, 41, 43, 45, 47, 49, 51, 30, 28, 26, 24, 22, 20, 86, 84, 82, 80, 78, 76, 74, 16, 14, 12, 10, 53, 55, 57, 59, 61, 63, 65, 103, 105, 107, 109, 111, 113, 87, 89, 7, 9, 11, 13, 15, 73, 75, 77, 79, 81, 83, 85, 19, 21, 23, 25, 27, 29, 52, 50, 48, 46, 44, 42, 118, 116, 114, 112, 110, 108, 106, 104, 102, 100, 98, 96, 67, 69, 71, 37, 39, 41, 43, 45, 47, 49, 51, 30, 28, 26, 24, 22, 20, 86, 84, 82, 80, 78, 76, 74, 16, 14, 12, 10, 53, 55, 57, 59, 61, 63, 65, 103, 105, 107, 109, 111, 113, 87, 89, 7, 9, 11, 13, 15, 73, 75, 77, 79, 81, 83, 85, 19, 21, 23, 25, 27, 29, 52, 50, 48, 46, 44, 42, 118, 116, 114, 112, 110, 108, 106, 104, 66, 64, 62, 60, 58, 56, 54, 9, 11, 13, 15, 73, 75, 77, 79, 81, 83, 85, 19, 21, 23, 25, 27, 29, 52, 50, 48, 46, 44, 42, 118, 116, 114, 112, 110, 108, 106, 104, 66, 64, 62, 60, 58, 56, 54, 9, 11, 13, 15, 73, 75, 77, 79, 81, 83, 85, 19, 21, 23, 25, 27, 29, 52, 50, 48, 46, 44, 42, 40, 38, 72, 70, 68, 95, 97, 36, 34, 32, 30, 28, 26, 24, 22, 20, 86, 84, 82, 80, 78, 76, 74, 16, 14, 12, 10, 53, 55, 57, 59, 64, 62, 60, 58, 56, 54, 9, 11, 13, 15, 73, 75, 77, 79, 81, 83, 85, 19, 21, 23, 25, 27, 29, 52, 50, 48, 46, 44, 42, 40, 38, 72, 70, 68, 95, 97, 36, 34, 32, 30, 28, 26, 24, 22, 20, 86, 84, 82, 80, 78, 76, 74, 16, 14, 12, 10, 53, 55, 57, 59, 64, 62, 60, 58, 56, 54, 9, 11, 13, 15, 73, 75, 77, 79, 81, 83, 85, 19, 21, 23, 25, 27, 29, 52, 50, 48, 46, 44, 42, 40, 38, 72, 70, 68, 95, 97, 36, 34, 32, 30, 28, 26, 24, 22, 20, 86, 84, 82, 80, 78, 76, 74, 16, 14, 12, 10, 53, 55, 57, 59, 64, 62, 60, 58, 56, 54, 9, 11, 13, 15, 73, 75, 77, 79, 81, 83, 85, 19, 21, 23, 25, 27, 29, 52, 50, 48, 46, 44, 42, 40, 38, 72, 70, 68, 95, 97, 36, 34, 32, 30, 28, 26, 24, 22, 20, 86, 84, 82, 80, 78, 76, 74, 16, 14, 12, 10, 53, 55, 57, 59, 64, 62, 60, 58, 56, 54, 9, 11, 13, 15, 73, 75, 77, 79, 81, 83, 85, 19, 21, 23, 25, 27, 29, 52, 50, 48, 46, 44, 42, 40, 38, 72, 70, 68, 95, 97, 36, 34, 32, 30, 28, 26, 24, 22, 20, 86, 84, 82, 80, 78, 76, 74, 16, 14, 12, 10, 53, 55, 57, 59, 64, 62, 60, 58, 56, 54, 9, 11, 13, 15, 73, 75, 77, 79, 81, 83, 85, 19, 21, 23, 25, 27, 29, 52, 50, 48, 46, 44, 42, 40, 38, 72, 70, 68, 95, 97, 36, 34, 32, 30, 28, 26, 24, 22, 20, 86, 84, 82, 80, 78, 76, 74, 16, 14, 12, 10, 53, 55, 57, 59, 64, 62, 60, 58, 56, 54, 9, 11, 13, 15, 73, 75, 77, 79, 81, 83, 85, 19, 21, 23, 25, 27, 29, 52, 50, 48, 46, 44, 42, 40, 38, 72, 70, 68, 95, 97, 36, 34, 32, 30, 28, 26, 24, 22, 20, 86, 84, 82, 80, 78, 76, 74, 16, 14, 12, 10, 8, 90, 88, 114, 112, 110, 108, 106, 104, 66, 64, 62, 60, 58, 56, 54, 9, 11, 13, 15, 73, 75, 77, 79, 81, 83, 85, 19, 21, 23, 25, 27, 29, 52, 50, 48, 46, 44, 42, 40, 38, 72, 70, 68, 95, 97, 36, 34, 32, 30, 28, 26, 24, 22, 20, 86, 84, 82, 80, 78, 76, 74, 16, 14, 12, 10, 8, 90, 88, 114, 112, 110, 108, 106, 104, 66, 64, 62, 60, 58, 56, 54, 9, 11, 13, 15, 73, 75, 77, 79, 81, 83, 85, 19, 21, 23, 25, 27, 29, 52, 50, 48, 46, 44, 42, 40, 38, 72, 70, 68, 95, 97, 36, 34, 32, 30, 28, 26, 24, 22, 20, 86, 84, 82, 80, 78, 76, 74, 16, 14, 12, 10, 8, 90, 88, 114, 112, 110, 108, 106, 104, 66, 64, 62, 60, 58, 56, 54, 9, 11, 13, 15, 73, 75, 77, 79, 81, 83, 85, 19, 21, 23, 25, 27, 29, 52, 50, 48, 46, 44, 42, 40, 38, 72, 70, 68, 95, 97, 36, 34, 32, 30, 28, 26, 24, 22, 20, 86, 84, 82, 80, 78, 76, 74, 16, 14, 12, 10, 8, 90, 88, 114, 112, 110, 108, 106, 104, 66, 64, 62, 60, 58, 56, 54, 9, 11, 13, 15, 73, 75, 77, 79, 81, 83, 85, 19, 21, 23, 25, 27, 29, 52, 50, 48, 46, 44, 42, 40, 38, 72, 70, 68, 95, 97, 36, 34, 32, 30, 28, 26, 24, 22, 20, 86, 84, 82, 80, 78, 76, 74, 16, 14, 12, 10, 8, 90, 88, 114, 112, 110, 108, 106, 104, 66, 64, 62, 60, 58, 56, 54, 9, 11, 13, 15, 73, 75, 77, 79, 81, 83, 85, 19, 21, 23, 25, 27, 29, 52, 50, 48, 46, 44, 42, 40, 38, 72, 70, 68, 95, 97, 36, 34, 32, 30, 28, 26, 24, 22, 20, 86, 84, 82, 80, 78, 76, 74, 16, 14, 12, 10, 8, 90, 88, 114, 112, 110, 108, 106, 104, 66, 64, 62, 40, 38, 72, 70, 68, 95, 97, 99, 101, 103, 105, 107, 109, 111, 113, 115, 117, 119, 91, 93, 95, 97, 99, 101, 103, 105, 107, 109, 111, 113, 115, 117, 119, 91, 93, 95, 97, 99, 101, 103, 105, 107, 109, 111, 113, 115, 117, 119, 91, 93, 95, 97, 99, 101, 103, 105, 107, 109, 111, 113, 115, 117, 119, 91, 93, 95, 97, 99, 101, 103, 105, 107, 109, 111, 113, 115, 117, 119, 91, 93, 95, 97, 99, 101, 103, 105, 107, 109, 111, 113, 115, 117, 119, 91, 93, 95, 97, 99, 101, 103, 105, 107, 109, 111, 113, 115, 117, 119, 91, 93, 95, 97, 99, 101, 103, 105, 107, 109, 111, 113, 115, 117, 119, 91, 93, 95, 97, 99, 101, 103, 105, 107, 109, 111, 113, 115, 117, 119, 91, 93, 95, 97, 99, 101, 103, 105, 107, 109, 111, 113, 115, 117, 119, 91, 93, 95, 97, 99, 101, 103, 105, 107, 109, 111, 113, 115, 117, 119, 91, 93, 95, 97, 99, 101, 103, 105, 107, 109, 111, 113, 115, 117, 119, 91, 93, 95, 97, 99, 101, 103, 105, 107, 109, 111, 113, 115, 117, 119, 91, 93, 95, 97, 99, 101, 103, 105, 107, 109, 111, 113, 115, 117, 119, 91, 93, 95, 97, 99, 101, 103, 105, 107, 109, 111, 113, 115, 117, 119, 91, 93, 95, 97, 99, 101, 103, 105, 107, 109, 111, 113, 115, 117, 119, 91, 93, 95, 97, 99, 101, 103, 105, 107, 109, 111, 113, 115, 117, 119, 91, 93, 95, 97, 99, 101, 103, 105, 107, 109, 111, 113, 115, 117, 119, 91, 93, 95, 97, 99, 101, 103, 105, 107, 109, 111, 113, 115, 117, 119, 91, 93, 95, 97, 99, 101, 103, 105, 107, 109, 111, 113, 115, 117, 119, 91, 93, 95, 97, 99, 101, 103, 105, 107, 109, 111, 113, 115, 117, 119, 91, 93, 95, 97, 99, 101, 103, 105, 107, 109, 111, 113, 115, 117, 119, 91, 93, 95, 97, 99, 101, 103, 105, 107, 109, 111, 113, 115, 117, 119, 91, 93, 95, 97, 99, 101, 103, 105, 107, 109, 111, 113, 115, 117, 119, 91, 93, 95, 97, 99, 101, 103, 105, 107, 109, 111, 113, 115, 117, 119, 91, 93, 115, 117, 119, 91, 93, 115, 117, 119, 91, 93, 115, 117, 119, 91, 93, 115, 117, 119, 91, 93, 115, 117, 119, 91, 93, 115, 117, 119, 91, 93, 115, 117, 119, 91, 93, 115, 117, 119, 91, 93, 115, 117, 41, 43, 45, 47, 49, 51, 30, 28, 26, 24, 22, 20, 86, 84, 82, 80, 78, 76, 74, 16, 14, 12, 10, 8, 90, 88, 114, 112, 110, 108, 106, 104, 66, 64, 62, 40, 38, 72, 70, 68, 95, 97, 99, 101, 103, 105, 107, 109, 111, 113, 115, 117, 41, 43, 45, 47, 49, 51, 30, 28, 26, 24, 22, 20, 86, 84, 82, 80, 78, 76, 74, 16, 14, 12, 10, 8, 90, 88, 114, 112, 110, 108, 106, 104, 66, 64, 62, 40, 38, 72, 70, 68, 95, 97, 99, 101, 103, 105, 107, 109, 111, 113, 115, 117, 41, 43, 45, 47, 49, 51, 30, 28, 26, 24, 22, 20, 86, 84, 82, 80, 78, 76, 74, 16, 14, 12, 10, 8, 90, 88, 114, 112, 110, 108, 106, 104, 66, 64, 62, 40, 38, 72, 70, 68, 95, 97, 99, 101, 103, 105, 107, 109, 111, 113, 115, 117, 41, 43, 45, 47, 49, 51, 30, 28, 26, 24, 22, 20, 86, 84, 82, 80, 78, 76, 74, 16, 14, 12, 10, 8, 90, 88, 114, 112, 110, 108, 106, 104, 66, 64, 62, 40, 38, 72, 70, 68, 95, 97, 99, 101, 103, 105, 107, 109, 111, 113, 115, 117, 41, 43, 45, 47, 49, 51, 53, 55, 57, 59, 64, 62, 40, 38, 72, 70, 68, 95, 97, 99, 101, 103, 105, 107, 109, 111, 113, 115, 117, 41, 43, 45, 47, 49, 51, 53, 55, 57, 59, 64, 62, 40, 38, 72, 70, 68, 95, 97, 99, 101, 103, 105, 107, 109, 111, 113, 115, 117, 41, 43, 45, 47, 49, 51, 53, 55, 57, 59, 64, 62, 40, 38, 72, 70, 68, 95, 97, 99, 101, 103, 105, 107, 109, 111, 113, 115, 117, 41, 43, 45, 47, 49, 51, 53, 55, 57, 59, 64, 62, 40, 38, 72, 70, 68, 95, 97, 99, 101, 103, 105, 107, 109, 111, 113, 115, 117, 41, 43, 45, 47, 49, 51, 53, 55, 57, 59, 64, 62, 40, 38, 72, 70, 68, 95, 97, 99, 101, 103, 105, 107, 109, 111, 113, 115, 117, 41, 43, 45, 47, 49, 51, 53, 55, 57, 59, 64, 62, 40, 38, 72, 70, 68, 95, 97, 99, 101, 103, 105, 107, 109, 111, 113, 115, 117, 41, 43, 45, 47, 49, 51, 53, 55, 57, 59, 64, 62, 40, 38, 72, 70, 68, 95, 97, 99, 101, 103, 105, 107, 109, 111, 113, 115, 117, 41, 43, 45, 47, 49, 51, 53, 55, 57, 59, 64, 62, 40, 38, 72, 70, 68, 95, 97, 99, 101, 103, 105, 107, 109, 111, 113, 115, 117, 41, 43, 45, 47, 49, 51, 53, 55, 57, 59, 64, 62, 40, 38, 72, 70, 68, 95, 97, 99, 101, 103, 105, 107, 109, 111, 113, 115, 117, 41, 43, 45, 47, 49, 51, 53, 55, 57, 59, 64, 62, 40, 38, 72, 70, 68, 95, 97, 99, 101, 103, 105, 107, 109, 111, 113, 115, 117, 41, 43, 45, 47, 49, 51, 53, 55, 57, 59, 64, 62, 40, 38, 72, 70, 68, 95, 97, 99, 101, 103, 105, 107, 109, 111, 113, 115, 117, 41, 43, 45, 47, 49, 51, 53, 55, 57, 59, 64, 62, 40, 38, 72, 70, 68, 95, 97, 99, 101, 103, 105, 107, 109, 111, 113, 87, 89, 5, 1, 3, 67, 69, 71, 73, 75, 77, 79, 81, 83, 85, 19, 21, 5]
