p	min	120	1667
n	1	0
n	2	0
n	3	0
n	4	0
n	5	0
n	6	0
n	7	0
n	8	0
n	9	0
n	10	0
n	11	0
n	12	0
n	13	0
n	14	0
n	15	0
n	16	0
n	17	0
n	18	0
n	19	0
n	20	0
n	21	0
n	22	0
n	23	0
n	24	0
n	25	0
n	26	0
n	27	0
n	28	0
n	29	0
n	30	0
n	31	0
n	32	0
n	33	0
n	34	0
n	35	0
n	36	0
n	37	0
n	38	0
n	39	0
n	40	0
n	41	0
n	42	0
n	43	0
n	44	0
n	45	0
n	46	0
n	47	0
n	48	0
n	49	0
n	50	0
n	51	0
n	52	0
n	53	0
n	54	0
n	55	0
n	56	0
n	57	0
n	58	0
n	59	0
n	60	0
n	61	0
n	62	0
n	63	0
n	64	0
n	65	0
n	66	0
n	67	0
n	68	0
n	69	0
n	70	0
n	71	0
n	72	0
n	73	0
n	74	0
n	75	0
n	76	0
n	77	0
n	78	0
n	79	0
n	80	0
n	81	0
n	82	0
n	83	0
n	84	0
n	85	0
n	86	0
n	87	0
n	88	0
n	89	0
n	90	0
n	91	0
n	92	0
n	93	0
n	94	0
n	95	0
n	96	0
n	97	0
n	98	0
n	99	0
n	100	0
n	101	0
n	102	0
n	103	0
n	104	0
n	105	0
n	106	0
n	107	0
n	108	0
n	109	0
n	110	0
n	111	0
n	112	0
n	113	0
n	114	0
n	115	0
n	116	0
n	117	0
n	118	0
n	119	0
n	120	0
a	1	3	1	1	0
a	1	5	0	0	0
a	1	6	0	0	0
a	2	5	0	0	0
a	2	6	0	0	0
a	3	7	0	1	0
a	3	7	0	1	0
a	3	7	0	1	0
a	3	7	0	1	0
a	3	9	0	1	0
a	3	9	0	1	0
a	3	9	0	1	0
a	3	9	0	1	0
a	3	11	0	1	0
a	3	11	0	1	0
a	3	11	0	1	0
a	3	11	0	1	0
a	3	13	0	1	0
a	3	13	0	1	0
a	3	13	0	1	0
a	3	13	0	1	0
a	3	15	0	1	0
a	3	15	0	1	0
a	3	15	0	1	0
a	3	15	0	1	0
a	3	19	0	1	0
a	3	19	0	1	0
a	3	19	0	1	0
a	3	19	0	1	0
a	3	21	0	1	0
a	3	21	0	1	0
a	3	21	0	1	0
a	3	21	0	1	0
a	3	23	0	1	0
a	3	23	0	1	0
a	3	23	0	1	0
a	3	23	0	1	0
a	3	25	0	1	0
a	3	25	0	1	0
a	3	25	0	1	0
a	3	25	0	1	0
a	3	27	0	1	0
a	3	27	0	1	0
a	3	27	0	1	0
a	3	27	0	1	0
a	3	29	0	1	0
a	3	29	0	1	0
a	3	29	0	1	0
a	3	29	0	1	0
a	3	31	0	1	0
a	3	31	0	1	0
a	3	31	0	1	0
a	3	31	0	1	0
a	3	33	0	1	0
a	3	33	0	1	0
a	3	33	0	1	0
a	3	33	0	1	0
a	3	37	0	1	0
a	3	37	0	1	0
a	3	37	0	1	0
a	3	37	0	1	0
a	3	39	0	1	0
a	3	39	0	1	0
a	3	39	0	1	0
a	3	39	0	1	0
a	3	41	0	1	0
a	3	41	0	1	0
a	3	41	0	1	0
a	3	41	0	1	0
a	3	43	0	1	0
a	3	43	0	1	0
a	3	43	0	1	0
a	3	43	0	1	0
a	3	45	0	1	0
a	3	45	0	1	0
a	3	45	0	1	0
a	3	45	0	1	0
a	3	47	0	1	0
a	3	47	0	1	0
a	3	47	0	1	0
a	3	47	0	1	0
a	3	49	0	1	0
a	3	49	0	1	0
a	3	49	0	1	0
a	3	49	0	1	0
a	3	51	0	1	0
a	3	51	0	1	0
a	3	51	0	1	0
a	3	51	0	1	0
a	3	53	0	1	0
a	3	53	0	1	0
a	3	53	0	1	0
a	3	53	0	1	0
a	3	55	0	1	0
a	3	55	0	1	0
a	3	55	0	1	0
a	3	55	0	1	0
a	3	57	0	1	0
a	3	57	0	1	0
a	3	57	0	1	0
a	3	57	0	1	0
a	3	59	0	1	0
a	3	59	0	1	0
a	3	59	0	1	0
a	3	59	0	1	0
a	3	61	0	1	0
a	3	61	0	1	0
a	3	61	0	1	0
a	3	61	0	1	0
a	3	63	0	1	0
a	3	63	0	1	0
a	3	63	0	1	0
a	3	63	0	1	0
a	3	65	0	1	0
a	3	65	0	1	0
a	3	65	0	1	0
a	3	65	0	1	0
a	3	69	0	1	0
a	3	69	0	1	0
a	3	69	0	1	0
a	3	69	0	1	0
a	3	71	0	1	0
a	3	71	0	1	0
a	3	71	0	1	0
a	3	71	0	1	0
a	3	73	0	1	0
a	3	73	0	1	0
a	3	73	0	1	0
a	3	73	0	1	0
a	3	75	0	1	0
a	3	75	0	1	0
a	3	75	0	1	0
a	3	75	0	1	0
a	3	77	0	1	0
a	3	77	0	1	0
a	3	77	0	1	0
a	3	77	0	1	0
a	3	79	0	1	0
a	3	79	0	1	0
a	3	79	0	1	0
a	3	79	0	1	0
a	3	81	0	1	0
a	3	81	0	1	0
a	3	81	0	1	0
a	3	81	0	1	0
a	3	83	0	1	0
a	3	83	0	1	0
a	3	83	0	1	0
a	3	83	0	1	0
a	3	85	0	1	0
a	3	85	0	1	0
a	3	85	0	1	0
a	3	85	0	1	0
a	3	87	0	1	0
a	3	87	0	1	0
a	3	87	0	1	0
a	3	87	0	1	0
a	3	89	0	1	0
a	3	89	0	1	0
a	3	89	0	1	0
a	3	89	0	1	0
a	3	91	0	1	0
a	3	91	0	1	0
a	3	91	0	1	0
a	3	91	0	1	0
a	3	93	0	1	0
a	3	93	0	1	0
a	3	93	0	1	0
a	3	93	0	1	0
a	3	95	0	1	0
a	3	95	0	1	0
a	3	95	0	1	0
a	3	95	0	1	0
a	3	97	0	1	0
a	3	97	0	1	0
a	3	97	0	1	0
a	3	97	0	1	0
a	3	99	0	1	0
a	3	99	0	1	0
a	3	99	0	1	0
a	3	99	0	1	0
a	3	101	0	1	0
a	3	101	0	1	0
a	3	101	0	1	0
a	3	101	0	1	0
a	3	103	0	1	0
a	3	103	0	1	0
a	3	103	0	1	0
a	3	103	0	1	0
a	3	105	0	1	0
a	3	105	0	1	0
a	3	105	0	1	0
a	3	105	0	1	0
a	3	107	0	1	0
a	3	107	0	1	0
a	3	107	0	1	0
a	3	107	0	1	0
a	3	109	0	1	0
a	3	109	0	1	0
a	3	109	0	1	0
a	3	109	0	1	0
a	3	111	0	1	0
a	3	111	0	1	0
a	3	111	0	1	0
a	3	111	0	1	0
a	3	113	0	1	0
a	3	113	0	1	0
a	3	113	0	1	0
a	3	113	0	1	0
a	3	115	0	1	0
a	3	115	0	1	0
a	3	115	0	1	0
a	3	115	0	1	0
a	3	117	0	1	0
a	3	117	0	1	0
a	3	117	0	1	0
a	3	117	0	1	0
a	4	2	0	4	0
a	5	1	0	4	0
a	5	2	0	4	0
a	6	1	0	4	0
a	6	2	0	4	0
a	6	8	0	0	0
a	6	8	0	0	0
a	6	8	0	0	0
a	6	8	0	0	0
a	6	10	0	0	0
a	6	10	0	0	0
a	6	10	0	0	0
a	6	10	0	0	0
a	6	12	0	0	0
a	6	12	0	0	0
a	6	12	0	0	0
a	6	12	0	0	0
a	6	14	0	0	0
a	6	14	0	0	0
a	6	14	0	0	0
a	6	14	0	0	0
a	6	16	0	0	0
a	6	16	0	0	0
a	6	16	0	0	0
a	6	16	0	0	0
a	6	18	0	0	0
a	6	18	0	0	0
a	6	18	0	0	0
a	6	18	0	0	0
a	6	20	0	0	0
a	6	20	0	0	0
a	6	20	0	0	0
a	6	20	0	0	0
a	6	22	0	0	0
a	6	22	0	0	0
a	6	22	0	0	0
a	6	22	0	0	0
a	6	24	0	0	0
a	6	24	0	0	0
a	6	24	0	0	0
a	6	24	0	0	0
a	6	26	0	0	0
a	6	26	0	0	0
a	6	26	0	0	0
a	6	26	0	0	0
a	6	28	0	0	0
a	6	28	0	0	0
a	6	28	0	0	0
a	6	28	0	0	0
a	6	30	0	0	0
a	6	30	0	0	0
a	6	30	0	0	0
a	6	30	0	0	0
a	6	32	0	0	0
a	6	32	0	0	0
a	6	32	0	0	0
a	6	32	0	0	0
a	6	34	0	0	0
a	6	34	0	0	0
a	6	34	0	0	0
a	6	34	0	0	0
a	6	36	0	0	0
a	6	36	0	0	0
a	6	36	0	0	0
a	6	36	0	0	0
a	6	38	0	0	0
a	6	38	0	0	0
a	6	38	0	0	0
a	6	38	0	0	0
a	6	40	0	0	0
a	6	40	0	0	0
a	6	40	0	0	0
a	6	40	0	0	0
a	6	42	0	0	0
a	6	42	0	0	0
a	6	42	0	0	0
a	6	42	0	0	0
a	6	44	0	0	0
a	6	44	0	0	0
a	6	44	0	0	0
a	6	44	0	0	0
a	6	46	0	0	0
a	6	46	0	0	0
a	6	46	0	0	0
a	6	46	0	0	0
a	6	48	0	0	0
a	6	48	0	0	0
a	6	48	0	0	0
a	6	48	0	0	0
a	6	50	0	0	0
a	6	50	0	0	0
a	6	50	0	0	0
a	6	50	0	0	0
a	6	52	0	0	0
a	6	52	0	0	0
a	6	52	0	0	0
a	6	52	0	0	0
a	6	54	0	0	0
a	6	54	0	0	0
a	6	54	0	0	0
a	6	54	0	0	0
a	6	56	0	0	0
a	6	56	0	0	0
a	6	56	0	0	0
a	6	56	0	0	0
a	6	58	0	0	0
a	6	58	0	0	0
a	6	58	0	0	0
a	6	58	0	0	0
a	6	60	0	0	0
a	6	60	0	0	0
a	6	60	0	0	0
a	6	60	0	0	0
a	6	62	0	0	0
a	6	62	0	0	0
a	6	62	0	0	0
a	6	62	0	0	0
a	6	64	0	0	0
a	6	64	0	0	0
a	6	64	0	0	0
a	6	64	0	0	0
a	6	66	0	0	0
a	6	66	0	0	0
a	6	66	0	0	0
a	6	66	0	0	0
a	6	68	0	0	0
a	6	68	0	0	0
a	6	68	0	0	0
a	6	68	0	0	0
a	6	70	0	0	0
a	6	70	0	0	0
a	6	70	0	0	0
a	6	70	0	0	0
a	6	72	0	0	0
a	6	72	0	0	0
a	6	72	0	0	0
a	6	72	0	0	0
a	6	74	0	0	0
a	6	74	0	0	0
a	6	74	0	0	0
a	6	74	0	0	0
a	6	76	0	0	0
a	6	76	0	0	0
a	6	76	0	0	0
a	6	76	0	0	0
a	6	78	0	0	0
a	6	78	0	0	0
a	6	78	0	0	0
a	6	78	0	0	0
a	6	80	0	0	0
a	6	80	0	0	0
a	6	80	0	0	0
a	6	80	0	0	0
a	6	82	0	0	0
a	6	82	0	0	0
a	6	82	0	0	0
a	6	82	0	0	0
a	6	84	0	0	0
a	6	84	0	0	0
a	6	84	0	0	0
a	6	84	0	0	0
a	6	86	0	0	0
a	6	86	0	0	0
a	6	86	0	0	0
a	6	86	0	0	0
a	6	88	0	0	0
a	6	88	0	0	0
a	6	88	0	0	0
a	6	88	0	0	0
a	6	90	0	0	0
a	6	90	0	0	0
a	6	90	0	0	0
a	6	90	0	0	0
a	6	92	0	0	0
a	6	92	0	0	0
a	6	92	0	0	0
a	6	92	0	0	0
a	6	94	0	0	0
a	6	94	0	0	0
a	6	94	0	0	0
a	6	94	0	0	0
a	6	96	0	0	0
a	6	96	0	0	0
a	6	96	0	0	0
a	6	96	0	0	0
a	6	98	0	0	0
a	6	98	0	0	0
a	6	98	0	0	0
a	6	98	0	0	0
a	6	100	0	0	0
a	6	100	0	0	0
a	6	100	0	0	0
a	6	100	0	0	0
a	6	102	0	0	0
a	6	102	0	0	0
a	6	102	0	0	0
a	6	102	0	0	0
a	6	104	0	0	0
a	6	104	0	0	0
a	6	104	0	0	0
a	6	104	0	0	0
a	6	106	0	0	0
a	6	106	0	0	0
a	6	106	0	0	0
a	6	106	0	0	0
a	6	108	0	0	0
a	6	108	0	0	0
a	6	108	0	0	0
a	6	108	0	0	0
a	6	110	0	0	0
a	6	110	0	0	0
a	6	110	0	0	0
a	6	110	0	0	0
a	6	112	0	0	0
a	6	112	0	0	0
a	6	112	0	0	0
a	6	112	0	0	0
a	6	114	0	0	0
a	6	114	0	0	0
a	6	114	0	0	0
a	6	114	0	0	0
a	6	116	0	0	0
a	6	116	0	0	0
a	6	116	0	0	0
a	6	116	0	0	0
a	6	118	0	0	0
a	6	118	0	0	0
a	6	118	0	0	0
a	6	118	0	0	0
a	7	5	0	1	0
a	7	5	0	1	0
a	7	5	0	1	0
a	7	5	0	1	0
a	8	4	0	0	0
a	8	4	0	0	0
a	8	4	0	0	0
a	8	4	0	0	0
a	9	11	0	1	-179677
a	9	11	0	1	-51923
a	9	11	0	1	-29140
a	9	11	0	1	-19812
a	9	11	0	1	-14701
a	9	11	0	1	-11468
a	9	5	0	1	0
a	9	5	0	1	0
a	9	5	0	1	0
a	9	5	0	1	0
a	10	4	0	0	0
a	10	4	0	0	0
a	10	4	0	0	0
a	10	4	0	0	0
a	11	5	0	1	0
a	11	5	0	1	0
a	11	5	0	1	0
a	11	5	0	1	0
a	11	13	0	1	-17674
a	11	13	0	1	-4813
a	11	13	0	1	-2526
a	11	13	0	1	-1590
a	11	13	0	1	-1077
a	11	13	0	1	-753
a	12	4	0	0	0
a	12	4	0	0	0
a	12	4	0	0	0
a	12	4	0	0	0
a	13	5	0	1	0
a	13	5	0	1	0
a	13	5	0	1	0
a	13	5	0	1	0
a	13	15	0	1	-1999617
a	13	15	0	1	-579208
a	13	15	0	1	-325872
a	13	15	0	1	-222151
a	13	15	0	1	-165317
a	13	15	0	1	-129369
a	14	4	0	0	0
a	14	4	0	0	0
a	14	4	0	0	0
a	14	4	0	0	0
a	15	73	0	1	-225
a	15	73	0	1	-57
a	15	73	0	1	-27
a	15	73	0	1	-14
a	15	73	0	1	-8
a	15	73	0	1	-3
a	15	5	0	1	0
a	15	5	0	1	0
a	15	5	0	1	0
a	15	5	0	1	0
a	16	4	0	0	0
a	16	4	0	0	0
a	16	4	0	0	0
a	16	4	0	0	0
a	17	5	0	1	0
a	17	5	0	1	0
a	17	5	0	1	0
a	17	5	0	1	0
a	18	4	0	0	0
a	18	4	0	0	0
a	18	4	0	0	0
a	18	4	0	0	0
a	19	5	0	1	0
a	19	5	0	1	0
a	19	5	0	1	0
a	19	5	0	1	0
a	19	21	0	1	-2995566
a	19	21	0	1	-870346
a	19	21	0	1	-491239
a	19	21	0	1	-336025
a	19	21	0	1	-250976
a	19	21	0	1	-197181
a	20	18	0	1	-24
a	20	18	0	1	0
a	20	18	0	1	4
a	20	18	0	1	6
a	20	18	0	1	7
a	20	18	0	1	8
a	20	18	0	1	8
a	20	18	0	1	8
a	20	18	0	1	9
a	20	18	0	1	9
a	20	18	0	1	9
a	20	18	0	1	9
a	20	18	0	1	9
a	20	18	0	1	9
a	20	18	0	1	9
a	20	18	0	1	10
a	20	18	0	1	10
a	20	18	0	1	10
a	20	18	0	1	10
a	20	18	0	1	10
a	20	18	0	1	10
a	20	18	0	1	10
a	20	18	0	1	10
a	20	18	0	1	10
a	20	18	0	1	10
a	20	18	0	1	10
a	20	18	0	1	10
a	20	18	0	1	10
a	20	18	0	1	10
a	20	18	0	1	10
a	20	18	0	1	10
a	20	18	0	1	10
a	20	18	0	1	10
a	20	18	0	1	10
a	20	18	0	1	10
a	20	18	0	1	10
a	20	18	0	1	10
a	20	18	0	1	10
a	20	18	0	1	10
a	20	18	0	1	10
a	20	18	0	1	10
a	20	18	0	1	10
a	20	18	0	1	10
a	20	18	0	1	10
a	20	18	0	1	10
a	20	18	0	1	10
a	20	18	0	1	10
a	20	18	0	1	10
a	20	18	0	1	10
a	20	18	0	1	10
a	20	18	0	1	10
a	20	18	0	1	10
a	20	18	0	1	10
a	20	18	0	1	10
a	20	18	0	1	10
a	20	18	0	1	10
a	20	18	0	1	10
a	20	18	0	1	10
a	20	18	0	1	10
a	20	18	0	1	10
a	20	18	0	1	10
a	20	18	0	1	10
a	20	18	0	1	10
a	20	18	0	1	10
a	20	18	0	1	10
a	20	18	0	1	10
a	20	18	0	1	10
a	20	18	0	1	10
a	20	18	0	1	10
a	20	18	0	1	10
a	20	18	0	1	10
a	20	18	0	1	10
a	20	18	0	1	10
a	20	18	0	1	10
a	20	18	0	1	10
a	20	18	0	1	10
a	20	18	0	1	10
a	20	18	0	1	10
a	20	18	0	1	10
a	20	18	0	1	10
a	20	18	0	1	10
a	20	18	0	1	10
a	20	18	0	1	10
a	20	18	0	1	10
a	20	18	0	1	10
a	20	18	0	1	10
a	20	18	0	1	10
a	20	18	0	1	10
a	20	18	0	1	10
a	20	18	0	1	10
a	20	18	0	1	10
a	20	18	0	1	10
a	20	18	0	1	10
a	20	18	0	1	10
a	20	18	0	1	10
a	20	18	0	1	10
a	20	18	0	1	10
a	20	18	0	1	10
a	20	18	0	1	10
a	20	4	0	0	0
a	20	4	0	0	0
a	20	4	0	0	0
a	20	4	0	0	0
a	21	23	0	1	-205
a	21	23	0	1	-84
a	21	23	0	1	-53
a	21	23	0	1	-26
a	21	23	0	1	-21
a	21	23	0	1	-15
a	22	4	0	0	0
a	22	4	0	0	0
a	22	4	0	0	0
a	22	4	0	0	0
a	23	25	0	1	-1371949
a	23	25	0	1	-397027
a	23	25	0	1	-223154
a	23	25	0	1	-151967
a	23	25	0	1	-112961
a	23	25	0	1	-88288
a	23	5	0	1	0
a	23	5	0	1	0
a	23	5	0	1	0
a	23	5	0	1	0
a	24	4	0	0	0
a	24	4	0	0	0
a	24	4	0	0	0
a	24	4	0	0	0
a	25	27	0	1	-28012
a	25	27	0	1	-7613
a	25	27	0	1	-3986
a	25	27	0	1	-2502
a	25	27	0	1	-1688
a	25	27	0	1	-1174
a	25	5	0	1	0
a	25	5	0	1	0
a	25	5	0	1	0
a	25	5	0	1	0
a	26	4	0	0	0
a	26	4	0	0	0
a	26	4	0	0	0
a	26	4	0	0	0
a	27	5	0	1	0
a	27	5	0	1	0
a	27	5	0	1	0
a	27	5	0	1	0
a	27	29	0	1	-719
a	27	29	0	1	-194
a	27	29	0	1	-101
a	27	29	0	1	-63
a	27	29	0	1	-42
a	27	29	0	1	-29
a	28	4	0	0	0
a	28	4	0	0	0
a	28	4	0	0	0
a	28	4	0	0	0
a	29	52	0	1	-277
a	29	52	0	1	-76
a	29	52	0	1	-41
a	29	52	0	1	-26
a	29	52	0	1	-18
a	29	5	0	1	0
a	29	5	0	1	0
a	29	5	0	1	0
a	29	5	0	1	0
a	29	31	0	1	-607459
a	30	4	0	0	0
a	30	4	0	0	0
a	30	4	0	0	0
a	30	4	0	0	0
a	31	33	0	1	-227
a	31	5	0	1	0
a	31	5	0	1	0
a	31	5	0	1	0
a	31	5	0	1	0
a	32	4	0	0	0
a	32	4	0	0	0
a	32	4	0	0	0
a	32	4	0	0	0
a	33	35	0	1	-940966
a	33	5	0	1	0
a	33	5	0	1	0
a	33	5	0	1	0
a	33	5	0	1	0
a	34	4	0	0	0
a	34	4	0	0	0
a	34	4	0	0	0
a	34	4	0	0	0
a	35	98	0	1	-271
a	35	5	0	1	0
a	35	5	0	1	0
a	35	5	0	1	0
a	35	5	0	1	0
a	36	4	0	0	0
a	36	4	0	0	0
a	36	4	0	0	0
a	36	4	0	0	0
a	37	5	0	1	0
a	37	5	0	1	0
a	37	5	0	1	0
a	37	5	0	1	0
a	37	39	0	1	-1015279
a	37	39	0	1	-294554
a	37	39	0	1	-165998
a	37	39	0	1	-113364
a	37	39	0	1	-84524
a	37	39	0	1	-66282
a	38	4	0	0	0
a	38	4	0	0	0
a	38	4	0	0	0
a	38	4	0	0	0
a	39	5	0	1	0
a	39	5	0	1	0
a	39	5	0	1	0
a	39	5	0	1	0
a	39	61	0	1	-387
a	39	61	0	1	-110
a	39	61	0	1	-60
a	39	61	0	1	-40
a	39	61	0	1	-29
a	39	61	0	1	-22
a	40	4	0	0	0
a	40	4	0	0	0
a	40	4	0	0	0
a	40	4	0	0	0
a	41	5	0	1	0
a	41	5	0	1	0
a	41	5	0	1	0
a	41	5	0	1	0
a	42	4	0	0	0
a	42	4	0	0	0
a	42	4	0	0	0
a	42	4	0	0	0
a	42	118	0	1	-293
a	42	118	0	1	-78
a	42	118	0	1	-39
a	42	118	0	1	-24
a	42	118	0	1	-15
a	43	5	0	1	0
a	43	5	0	1	0
a	43	5	0	1	0
a	43	5	0	1	0
a	44	42	0	1	-296480
a	44	42	0	1	-85733
a	44	42	0	1	-48148
a	44	42	0	1	-32761
a	44	42	0	1	-24329
a	44	4	0	0	0
a	44	4	0	0	0
a	44	4	0	0	0
a	44	4	0	0	0
a	45	5	0	1	0
a	45	5	0	1	0
a	45	5	0	1	0
a	45	5	0	1	0
a	46	44	0	1	-798
a	46	44	0	1	-228
a	46	44	0	1	-127
a	46	44	0	1	-85
a	46	44	0	1	-62
a	46	4	0	0	0
a	46	4	0	0	0
a	46	4	0	0	0
a	46	4	0	0	0
a	47	5	0	1	0
a	47	5	0	1	0
a	47	5	0	1	0
a	47	5	0	1	0
a	48	4	0	0	0
a	48	4	0	0	0
a	48	4	0	0	0
a	48	4	0	0	0
a	48	46	0	1	-16
a	48	46	0	1	-3
a	48	46	0	1	-1
a	48	46	0	1	0
a	48	46	0	1	0
a	49	5	0	1	0
a	49	5	0	1	0
a	49	5	0	1	0
a	49	5	0	1	0
a	50	48	0	1	-1324785
a	50	48	0	1	-383329
a	50	48	0	1	-215426
a	50	48	0	1	-146683
a	50	48	0	1	-109015
a	50	4	0	0	0
a	50	4	0	0	0
a	50	4	0	0	0
a	50	4	0	0	0
a	51	5	0	1	0
a	51	5	0	1	0
a	51	5	0	1	0
a	51	5	0	1	0
a	52	50	0	1	-1520086
a	52	50	0	1	-439922
a	52	50	0	1	-247279
a	52	50	0	1	-168407
a	52	50	0	1	-125190
a	52	4	0	0	0
a	52	4	0	0	0
a	52	4	0	0	0
a	52	4	0	0	0
a	53	5	0	1	0
a	53	5	0	1	0
a	53	5	0	1	0
a	53	5	0	1	0
a	54	4	0	0	0
a	54	4	0	0	0
a	54	4	0	0	0
a	54	4	0	0	0
a	54	9	0	1	-388
a	54	9	0	1	-107
a	54	9	0	1	-57
a	54	9	0	1	-37
a	54	9	0	1	-25
a	54	9	0	1	-18
a	55	5	0	1	0
a	55	5	0	1	0
a	55	5	0	1	0
a	55	5	0	1	0
a	56	4	0	0	0
a	56	4	0	0	0
a	56	4	0	0	0
a	56	4	0	0	0
a	56	54	0	1	-338152
a	56	54	0	1	-97930
a	56	54	0	1	-55086
a	56	54	0	1	-37545
a	56	54	0	1	-27933
a	56	54	0	1	-21853
a	57	5	0	1	0
a	57	5	0	1	0
a	57	5	0	1	0
a	57	5	0	1	0
a	58	56	0	1	-463
a	58	56	0	1	-132
a	58	56	0	1	-73
a	58	56	0	1	-48
a	58	56	0	1	-35
a	58	56	0	1	-27
a	58	4	0	0	0
a	58	4	0	0	0
a	58	4	0	0	0
a	58	4	0	0	0
a	59	5	0	1	0
a	59	5	0	1	0
a	59	5	0	1	0
a	59	5	0	1	0
a	60	58	0	1	-588725
a	60	58	0	1	-170753
a	60	58	0	1	-96200
a	60	58	0	1	-65677
a	60	58	0	1	-48952
a	60	58	0	1	-38373
a	60	4	0	0	0
a	60	4	0	0	0
a	60	4	0	0	0
a	60	4	0	0	0
a	61	5	0	1	0
a	61	5	0	1	0
a	61	5	0	1	0
a	61	5	0	1	0
a	61	63	0	1	-2943346
a	61	63	0	1	-854369
a	61	63	0	1	-481747
a	61	63	0	1	-329187
a	61	63	0	1	-245594
a	61	63	0	1	-192719
a	62	4	0	0	0
a	62	4	0	0	0
a	62	4	0	0	0
a	62	4	0	0	0
a	63	60	0	1	-439
a	63	60	0	1	-124
a	63	60	0	1	-68
a	63	60	0	1	-45
a	63	60	0	1	-32
a	63	60	0	1	-24
a	63	5	0	1	0
a	63	5	0	1	0
a	63	5	0	1	0
a	63	5	0	1	0
a	64	4	0	0	0
a	64	4	0	0	0
a	64	4	0	0	0
a	64	4	0	0	0
a	65	5	0	1	0
a	65	5	0	1	0
a	65	5	0	1	0
a	65	5	0	1	0
a	66	4	0	0	0
a	66	4	0	0	0
a	66	4	0	0	0
a	66	4	0	0	0
a	67	5	0	1	0
a	67	5	0	1	0
a	67	5	0	1	0
a	67	5	0	1	0
a	67	69	0	1	-1018946
a	67	69	0	1	-296076
a	67	69	0	1	-167127
a	67	69	0	1	-114332
a	67	69	0	1	-85403
a	67	69	0	1	-67106
a	68	4	0	0	0
a	68	4	0	0	0
a	68	4	0	0	0
a	68	4	0	0	0
a	69	75	0	1	-20
a	69	75	0	1	1
a	69	75	0	1	5
a	69	75	0	1	7
a	69	75	0	1	8
a	69	75	0	1	8
a	69	75	0	1	8
a	69	75	0	1	9
a	69	75	0	1	9
a	69	75	0	1	9
a	69	75	0	1	9
a	69	75	0	1	9
a	69	75	0	1	9
a	69	75	0	1	10
a	69	75	0	1	10
a	69	75	0	1	10
a	69	75	0	1	10
a	69	75	0	1	10
a	69	75	0	1	10
a	69	75	0	1	10
a	69	75	0	1	10
a	69	75	0	1	10
a	69	75	0	1	10
a	69	75	0	1	10
a	69	75	0	1	10
a	69	75	0	1	10
a	69	75	0	1	10
a	69	75	0	1	10
a	69	75	0	1	10
a	69	75	0	1	10
a	69	75	0	1	10
a	69	75	0	1	10
a	69	75	0	1	10
a	69	75	0	1	10
a	69	75	0	1	10
a	69	75	0	1	10
a	69	75	0	1	10
a	69	75	0	1	10
a	69	75	0	1	10
a	69	75	0	1	10
a	69	75	0	1	10
a	69	75	0	1	10
a	69	75	0	1	10
a	69	75	0	1	10
a	69	75	0	1	10
a	69	75	0	1	10
a	69	75	0	1	10
a	69	75	0	1	10
a	69	75	0	1	10
a	69	75	0	1	10
a	69	75	0	1	10
a	69	75	0	1	10
a	69	75	0	1	10
a	69	75	0	1	10
a	69	75	0	1	10
a	69	75	0	1	10
a	69	75	0	1	10
a	69	75	0	1	10
a	69	75	0	1	10
a	69	75	0	1	10
a	69	75	0	1	10
a	69	75	0	1	10
a	69	75	0	1	10
a	69	75	0	1	10
a	69	75	0	1	10
a	69	75	0	1	10
a	69	75	0	1	10
a	69	75	0	1	10
a	69	75	0	1	10
a	69	75	0	1	10
a	69	75	0	1	10
a	69	75	0	1	10
a	69	75	0	1	10
a	69	75	0	1	10
a	69	75	0	1	10
a	69	75	0	1	10
a	69	75	0	1	10
a	69	75	0	1	10
a	69	75	0	1	10
a	69	75	0	1	10
a	69	75	0	1	10
a	69	75	0	1	10
a	69	75	0	1	10
a	69	75	0	1	10
a	69	75	0	1	10
a	69	75	0	1	10
a	69	75	0	1	10
a	69	75	0	1	10
a	69	75	0	1	10
a	69	75	0	1	10
a	69	75	0	1	10
a	69	75	0	1	10
a	69	75	0	1	10
a	69	75	0	1	10
a	69	75	0	1	10
a	69	75	0	1	10
a	69	75	0	1	10
a	69	75	0	1	10
a	69	75	0	1	10
a	69	5	0	1	0
a	69	5	0	1	0
a	69	5	0	1	0
a	69	5	0	1	0
a	69	71	0	1	-890085
a	69	71	0	1	-258540
a	69	71	0	1	-145884
a	69	71	0	1	-99760
a	69	71	0	1	-74487
a	69	71	0	1	-58501
a	70	4	0	0	0
a	70	4	0	0	0
a	70	4	0	0	0
a	70	4	0	0	0
a	71	5	0	1	0
a	71	5	0	1	0
a	71	5	0	1	0
a	71	5	0	1	0
a	71	37	0	1	-525
a	71	37	0	1	-150
a	71	37	0	1	-84
a	71	37	0	1	-56
a	71	37	0	1	-41
a	71	37	0	1	-32
a	72	4	0	0	0
a	72	4	0	0	0
a	72	4	0	0	0
a	72	4	0	0	0
a	73	75	0	1	-281172
a	73	75	0	1	-81504
a	73	75	0	1	-45891
a	73	75	0	1	-31311
a	73	75	0	1	-23321
a	73	75	0	1	-18268
a	73	5	0	1	0
a	73	5	0	1	0
a	73	5	0	1	0
a	73	5	0	1	0
a	74	4	0	0	0
a	74	4	0	0	0
a	74	4	0	0	0
a	74	4	0	0	0
a	75	5	0	1	0
a	75	5	0	1	0
a	75	5	0	1	0
a	75	5	0	1	0
a	75	77	0	1	-1394333
a	75	77	0	1	-404510
a	75	77	0	1	-227955
a	75	77	0	1	-155670
a	75	77	0	1	-116062
a	75	77	0	1	-91009
a	76	4	0	0	0
a	76	4	0	0	0
a	76	4	0	0	0
a	76	4	0	0	0
a	76	70	0	1	-20
a	76	70	0	1	1
a	76	70	0	1	5
a	76	70	0	1	7
a	76	70	0	1	8
a	76	70	0	1	8
a	76	70	0	1	8
a	76	70	0	1	9
a	76	70	0	1	9
a	76	70	0	1	9
a	76	70	0	1	9
a	76	70	0	1	9
a	76	70	0	1	9
a	76	70	0	1	10
a	76	70	0	1	10
a	76	70	0	1	10
a	76	70	0	1	10
a	76	70	0	1	10
a	76	70	0	1	10
a	76	70	0	1	10
a	76	70	0	1	10
a	76	70	0	1	10
a	76	70	0	1	10
a	76	70	0	1	10
a	76	70	0	1	10
a	76	70	0	1	10
a	76	70	0	1	10
a	76	70	0	1	10
a	76	70	0	1	10
a	76	70	0	1	10
a	76	70	0	1	10
a	76	70	0	1	10
a	76	70	0	1	10
a	76	70	0	1	10
a	76	70	0	1	10
a	76	70	0	1	10
a	76	70	0	1	10
a	76	70	0	1	10
a	76	70	0	1	10
a	76	70	0	1	10
a	76	70	0	1	10
a	76	70	0	1	10
a	76	70	0	1	10
a	76	70	0	1	10
a	76	70	0	1	10
a	76	70	0	1	10
a	76	70	0	1	10
a	76	70	0	1	10
a	76	70	0	1	10
a	76	70	0	1	10
a	76	70	0	1	10
a	76	70	0	1	10
a	76	70	0	1	10
a	76	70	0	1	10
a	76	70	0	1	10
a	76	70	0	1	10
a	76	70	0	1	10
a	76	70	0	1	10
a	76	70	0	1	10
a	76	70	0	1	10
a	76	70	0	1	10
a	76	70	0	1	10
a	76	70	0	1	10
a	76	70	0	1	10
a	76	70	0	1	10
a	76	70	0	1	10
a	76	70	0	1	10
a	76	70	0	1	10
a	76	70	0	1	10
a	76	70	0	1	10
a	76	70	0	1	10
a	76	70	0	1	10
a	76	70	0	1	10
a	76	70	0	1	10
a	76	70	0	1	10
a	76	70	0	1	10
a	76	70	0	1	10
a	76	70	0	1	10
a	76	70	0	1	10
a	76	70	0	1	10
a	76	70	0	1	10
a	76	70	0	1	10
a	76	70	0	1	10
a	76	70	0	1	10
a	76	70	0	1	10
a	76	70	0	1	10
a	76	70	0	1	10
a	76	70	0	1	10
a	76	70	0	1	10
a	76	70	0	1	10
a	76	70	0	1	10
a	76	70	0	1	10
a	76	70	0	1	10
a	76	70	0	1	10
a	76	70	0	1	10
a	76	70	0	1	10
a	76	70	0	1	10
a	76	70	0	1	10
a	76	70	0	1	10
a	77	5	0	1	0
a	77	5	0	1	0
a	77	5	0	1	0
a	77	5	0	1	0
a	77	79	0	1	-29005
a	77	79	0	1	-7927
a	77	79	0	1	-4179
a	77	79	0	1	-2644
a	77	79	0	1	-1804
a	77	79	0	1	-1272
a	78	4	0	0	0
a	78	4	0	0	0
a	78	4	0	0	0
a	78	4	0	0	0
a	79	81	0	1	-1088752
a	79	81	0	1	-315434
a	79	81	0	1	-177508
a	79	81	0	1	-121038
a	79	81	0	1	-90095
a	79	81	0	1	-70524
a	79	5	0	1	0
a	79	5	0	1	0
a	79	5	0	1	0
a	79	5	0	1	0
a	80	4	0	0	0
a	80	4	0	0	0
a	80	4	0	0	0
a	80	4	0	0	0
a	81	83	0	1	-12162
a	81	83	0	1	-3524
a	81	83	0	1	-1984
a	81	83	0	1	-1353
a	81	83	0	1	-1007
a	81	83	0	1	-789
a	81	84	0	1	-27
a	81	84	0	1	-1
a	81	84	0	1	3
a	81	84	0	1	5
a	81	84	0	1	6
a	81	84	0	1	7
a	81	84	0	1	7
a	81	84	0	1	7
a	81	84	0	1	8
a	81	84	0	1	8
a	81	84	0	1	8
a	81	84	0	1	8
a	81	84	0	1	8
a	81	84	0	1	8
a	81	84	0	1	8
a	81	84	0	1	8
a	81	84	0	1	9
a	81	84	0	1	9
a	81	84	0	1	9
a	81	84	0	1	9
a	81	84	0	1	9
a	81	84	0	1	9
a	81	84	0	1	9
a	81	84	0	1	9
a	81	84	0	1	9
a	81	84	0	1	9
a	81	84	0	1	9
a	81	84	0	1	9
a	81	84	0	1	9
a	81	84	0	1	9
a	81	84	0	1	9
a	81	84	0	1	9
a	81	84	0	1	9
a	81	84	0	1	9
a	81	84	0	1	9
a	81	84	0	1	9
a	81	84	0	1	9
a	81	84	0	1	9
a	81	84	0	1	9
a	81	84	0	1	9
a	81	84	0	1	9
a	81	84	0	1	9
a	81	84	0	1	9
a	81	84	0	1	9
a	81	84	0	1	9
a	81	84	0	1	9
a	81	84	0	1	9
a	81	84	0	1	9
a	81	84	0	1	9
a	81	84	0	1	9
a	81	84	0	1	9
a	81	84	0	1	9
a	81	84	0	1	9
a	81	84	0	1	9
a	81	84	0	1	9
a	81	84	0	1	9
a	81	84	0	1	9
a	81	84	0	1	9
a	81	84	0	1	9
a	81	84	0	1	9
a	81	84	0	1	9
a	81	84	0	1	9
a	81	84	0	1	9
a	81	84	0	1	9
a	81	84	0	1	9
a	81	84	0	1	9
a	81	84	0	1	9
a	81	84	0	1	9
a	81	84	0	1	9
a	81	84	0	1	9
a	81	84	0	1	9
a	81	84	0	1	9
a	81	84	0	1	9
a	81	84	0	1	9
a	81	84	0	1	9
a	81	84	0	1	9
a	81	84	0	1	9
a	81	84	0	1	9
a	81	84	0	1	9
a	81	84	0	1	9
a	81	84	0	1	9
a	81	84	0	1	9
a	81	84	0	1	9
a	81	84	0	1	9
a	81	84	0	1	9
a	81	84	0	1	9
a	81	84	0	1	9
a	81	84	0	1	9
a	81	84	0	1	9
a	81	84	0	1	9
a	81	84	0	1	9
a	81	84	0	1	9
a	81	84	0	1	9
a	81	84	0	1	9
a	81	84	0	1	9
a	81	84	0	1	9
a	81	84	0	1	9
a	81	84	0	1	9
a	81	84	0	1	9
a	81	5	0	1	0
a	81	5	0	1	0
a	81	5	0	1	0
a	81	5	0	1	0
a	82	4	0	0	0
a	82	4	0	0	0
a	82	4	0	0	0
a	82	4	0	0	0
a	83	82	0	1	-27
a	83	82	0	1	-1
a	83	82	0	1	3
a	83	82	0	1	5
a	83	82	0	1	6
a	83	82	0	1	7
a	83	82	0	1	7
a	83	82	0	1	7
a	83	82	0	1	8
a	83	82	0	1	8
a	83	82	0	1	8
a	83	82	0	1	8
a	83	82	0	1	8
a	83	82	0	1	8
a	83	82	0	1	8
a	83	82	0	1	8
a	83	82	0	1	9
a	83	82	0	1	9
a	83	82	0	1	9
a	83	82	0	1	9
a	83	82	0	1	9
a	83	82	0	1	9
a	83	82	0	1	9
a	83	82	0	1	9
a	83	82	0	1	9
a	83	82	0	1	9
a	83	82	0	1	9
a	83	82	0	1	9
a	83	82	0	1	9
a	83	82	0	1	9
a	83	82	0	1	9
a	83	82	0	1	9
a	83	82	0	1	9
a	83	82	0	1	9
a	83	82	0	1	9
a	83	82	0	1	9
a	83	82	0	1	9
a	83	82	0	1	9
a	83	82	0	1	9
a	83	82	0	1	9
a	83	82	0	1	9
a	83	82	0	1	9
a	83	82	0	1	9
a	83	82	0	1	9
a	83	82	0	1	9
a	83	82	0	1	9
a	83	82	0	1	9
a	83	82	0	1	9
a	83	82	0	1	9
a	83	82	0	1	9
a	83	82	0	1	9
a	83	82	0	1	9
a	83	82	0	1	9
a	83	82	0	1	9
a	83	82	0	1	9
a	83	82	0	1	9
a	83	82	0	1	9
a	83	82	0	1	9
a	83	82	0	1	9
a	83	82	0	1	9
a	83	82	0	1	9
a	83	82	0	1	9
a	83	82	0	1	9
a	83	82	0	1	9
a	83	82	0	1	9
a	83	82	0	1	9
a	83	82	0	1	9
a	83	82	0	1	9
a	83	82	0	1	9
a	83	82	0	1	9
a	83	82	0	1	9
a	83	82	0	1	9
a	83	82	0	1	9
a	83	82	0	1	9
a	83	82	0	1	9
a	83	82	0	1	9
a	83	82	0	1	9
a	83	82	0	1	9
a	83	82	0	1	9
a	83	82	0	1	9
a	83	82	0	1	9
a	83	82	0	1	9
a	83	82	0	1	9
a	83	82	0	1	9
a	83	82	0	1	9
a	83	82	0	1	9
a	83	82	0	1	9
a	83	82	0	1	9
a	83	82	0	1	9
a	83	82	0	1	9
a	83	82	0	1	9
a	83	82	0	1	9
a	83	82	0	1	9
a	83	82	0	1	9
a	83	82	0	1	9
a	83	82	0	1	9
a	83	82	0	1	9
a	83	82	0	1	9
a	83	82	0	1	9
a	83	5	0	1	0
a	83	5	0	1	0
a	83	5	0	1	0
a	83	5	0	1	0
a	83	85	0	1	-1100516
a	83	85	0	1	-318427
a	83	85	0	1	-178946
a	83	85	0	1	-121840
a	83	85	0	1	-90549
a	83	85	0	1	-70757
a	84	4	0	0	0
a	84	4	0	0	0
a	84	4	0	0	0
a	84	4	0	0	0
a	85	19	0	1	-645
a	85	19	0	1	-184
a	85	19	0	1	-101
a	85	19	0	1	-68
a	85	19	0	1	-49
a	85	19	0	1	-38
a	85	5	0	1	0
a	85	5	0	1	0
a	85	5	0	1	0
a	85	5	0	1	0
a	86	4	0	0	0
a	86	4	0	0	0
a	86	4	0	0	0
a	86	4	0	0	0
a	87	89	0	1	-443960
a	87	5	0	1	0
a	87	5	0	1	0
a	87	5	0	1	0
a	87	5	0	1	0
a	88	4	0	0	0
a	88	4	0	0	0
a	88	4	0	0	0
a	88	4	0	0	0
a	89	5	0	1	0
a	90	4	0	0	0
a	90	4	0	0	0
a	90	4	0	0	0
a	90	4	0	0	0
a	91	5	0	1	0
a	91	5	0	1	0
a	91	5	0	1	0
a	91	5	0	1	0
a	91	93	0	1	-288946
a	92	4	0	0	0
a	92	4	0	0	0
a	92	4	0	0	0
a	92	4	0	0	0
a	93	5	0	1	0
a	93	5	0	1	0
a	93	5	0	1	0
a	93	5	0	1	0
a	93	95	0	1	-124319
a	94	4	0	0	0
a	94	4	0	0	0
a	94	4	0	0	0
a	94	4	0	0	0
a	95	97	0	1	-934074
a	95	5	0	1	0
a	95	5	0	1	0
a	95	5	0	1	0
a	95	5	0	1	0
a	96	67	0	1	-665
a	96	67	0	1	-194
a	96	67	0	1	-110
a	96	67	0	1	-76
a	96	67	0	1	-57
a	96	67	0	1	-45
a	96	4	0	0	0
a	96	4	0	0	0
a	96	4	0	0	0
a	96	4	0	0	0
a	97	99	0	1	-78245
a	97	99	0	1	-22964
a	97	5	0	1	0
a	97	5	0	1	0
a	97	5	0	1	0
a	97	5	0	1	0
a	98	96	0	1	-934074
a	98	96	0	1	-275754
a	98	96	0	1	-158215
a	98	96	0	1	-110092
a	98	96	0	1	-83723
a	98	96	0	1	-67044
a	98	4	0	0	0
a	98	4	0	0	0
a	98	4	0	0	0
a	98	4	0	0	0
a	99	5	0	1	0
a	99	5	0	1	0
a	99	5	0	1	0
a	99	5	0	1	0
a	99	101	0	1	-69910
a	99	101	0	1	-20529
a	100	98	0	1	-78245
a	100	98	0	1	-22964
a	100	98	0	1	-13097
a	100	98	0	1	-9057
a	100	98	0	1	-6844
a	100	4	0	0	0
a	100	4	0	0	0
a	100	4	0	0	0
a	100	4	0	0	0
a	101	5	0	1	0
a	101	5	0	1	0
a	101	5	0	1	0
a	101	5	0	1	0
a	101	103	0	1	-168925
a	101	103	0	1	-49593
a	102	100	0	1	-69910
a	102	100	0	1	-20529
a	102	100	0	1	-11715
a	102	100	0	1	-8107
a	102	100	0	1	-6129
a	102	4	0	0	0
a	102	4	0	0	0
a	102	4	0	0	0
a	102	4	0	0	0
a	103	105	0	1	-630268
a	103	105	0	1	-186028
a	103	5	0	1	0
a	103	5	0	1	0
a	103	5	0	1	0
a	103	5	0	1	0
a	104	4	0	0	0
a	104	4	0	0	0
a	104	4	0	0	0
a	104	4	0	0	0
a	104	102	0	1	-168925
a	104	102	0	1	-49593
a	104	102	0	1	-28293
a	104	102	0	1	-19573
a	104	102	0	1	-14795
a	105	107	0	1	-1362
a	105	107	0	1	-400
a	106	104	0	1	-630268
a	106	104	0	1	-186028
a	106	104	0	1	-106713
a	106	104	0	1	-74239
a	106	104	0	1	-56446
a	106	4	0	0	0
a	106	4	0	0	0
a	106	4	0	0	0
a	106	4	0	0	0
a	107	5	0	1	0
a	107	5	0	1	0
a	107	5	0	1	0
a	107	5	0	1	0
a	107	109	0	1	-1725
a	107	109	0	1	-483
a	108	106	0	1	-1362
a	108	106	0	1	-400
a	108	106	0	1	-229
a	108	106	0	1	-158
a	108	106	0	1	-120
a	108	4	0	0	0
a	108	4	0	0	0
a	108	4	0	0	0
a	108	4	0	0	0
a	109	5	0	1	0
a	109	5	0	1	0
a	109	5	0	1	0
a	109	5	0	1	0
a	109	111	0	1	-1700
a	109	111	0	1	-501
a	110	108	0	1	-1725
a	110	108	0	1	-483
a	110	108	0	1	-261
a	110	108	0	1	-171
a	110	108	0	1	-121
a	110	4	0	0	0
a	110	4	0	0	0
a	110	4	0	0	0
a	110	4	0	0	0
a	111	113	0	1	-175020
a	111	113	0	1	-51551
a	111	5	0	1	0
a	111	5	0	1	0
a	111	5	0	1	0
a	111	5	0	1	0
a	112	4	0	0	0
a	112	4	0	0	0
a	112	4	0	0	0
a	112	4	0	0	0
a	112	110	0	1	-1700
a	112	110	0	1	-501
a	112	110	0	1	-287
a	112	110	0	1	-200
a	112	110	0	1	-152
a	113	115	0	1	-4422
a	113	5	0	1	0
a	113	5	0	1	0
a	113	5	0	1	0
a	113	5	0	1	0
a	113	87	0	1	-281
a	114	112	0	1	-175020
a	114	112	0	1	-51551
a	114	112	0	1	-29509
a	114	112	0	1	-20484
a	114	112	0	1	-15540
a	114	4	0	0	0
a	114	4	0	0	0
a	114	4	0	0	0
a	114	4	0	0	0
a	115	5	0	1	0
a	115	5	0	1	0
a	115	5	0	1	0
a	115	5	0	1	0
a	115	117	0	1	-1386448
a	116	114	0	1	-4422
a	116	114	0	1	-1293
a	116	114	0	1	-735
a	116	114	0	1	-506
a	116	114	0	1	-381
a	116	4	0	0	0
a	116	4	0	0	0
a	116	4	0	0	0
a	116	4	0	0	0
a	117	5	0	1	0
a	117	5	0	1	0
a	117	5	0	1	0
a	117	5	0	1	0
a	117	119	0	1	-38599
a	118	116	0	1	-1386448
a	118	116	0	1	-408257
a	118	116	0	1	-233632
a	118	116	0	1	-162137
a	118	116	0	1	-122961
a	118	4	0	0	0
a	118	4	0	0	0
a	118	4	0	0	0
a	118	4	0	0	0
a	119	91	0	1	-738
a	3	97	1	1	0
