# INFOtemp solid_path_len 7
# NODEPATH (54, 52, 50, 48, 46, 44, 42)
# PATH  [((1, 204060723), (1, 204056467), True), ((1, 204056467), (1, 203888194), True), ((1, 203888194), (1, 203739603), True), ((1, 203739603), (1, 203739600), True), ((1, 203739600), (1, 203739460), True), ((1, 203739460), (1, 203705025), True)]
# COLLAPSEDPATH  [[(1, 204060723), (1, 203705025), True]]
[((1, 204804717), (1, 204833560), 0, 0), ((1, 203888194), (1, 204056467), 0, 1.5), ((2, 8921728), (2, 8931952), 0, 0), ((1, 202189702), (1, 202209755), 0, 0), ((2, 8864662), (2, 8912431), 0, 0), ((1, 204164224), (1, 204460185), 0, 0), ((1, 205098379), (1, 205219579), 0, 0), ((1, 204833560), (1, 204971128), 0, 0), ((2, 8917257), (2, 8921728), 0, 0), ((2, 15743871), (2, 15744183), 0, 0), ((2, 8848699), (2, 8864662), 0, 0), ((1, 203266639), (1, 203369070), 0, 0), ((1, 204971128), (1, 204978974), 0, 0), ((1, 202209755), (1, 202215128), 0, 0), ((1, 203739600), (1, 203739603), 0, 1.5), ((1, 202709433), (1, 202709642), 0, 0), ((1, 201862828), (1, 202189702), 0, 0), ((1, 202869943), (1, 203015412), 0, 0), ((2, 16086121), (2, 16086525), 0, 0), ((1, 204978974), (1, 205097026), 0, 0), ((2, 8820428), (2, 8848699), 0, 0), ((1, 205221193), (1, 205356414), 0, 0), ((1, 204460185), (1, 204608941), 0, 0), ((1, 204163072), (1, 204164224), 0, 0), ((1, 202215128), (1, 202425257), 0, 0), ((1, 204720689), (1, 204804363), 0, 0), ((1, 203369070), (1, 203705025), 0, 0), ((1, 203705025), (1, 203739460), 0, 1.5), ((1, 202869731), (1, 202869943), 0, 0), ((2, 8931952), (2, 8963783), 0, 0), ((1, 202862653), (1, 202869731), 0, 0), ((2, 16073416), (2, 16086121), 0, 0), ((1, 203015763), (1, 203246644), 0, 0), ((1, 205097026), (1, 205098379), 0, 0), ((1, 203739460), (1, 203739600), 0, 1.5), ((1, 204056467), (1, 204060723), 0, 1.5), ((2, 16086525), (2, 16170477), 0, 0), ((1, 204060723), (1, 204098935), 0, 0), ((2, 16170477), (2, 16174542), 0, 0), ((1, 202427731), (1, 202709433), 0, 0), ((1, 202709642), (1, 202862653), 0, 0), ((1, 204099353), (1, 204163072), 0, 0), ((2, 8912431), (2, 8917257), 0, 0), ((1, 203739603), (1, 203888194), 0, 1.5), ((1, 204804363), (1, 204804717), 0, 0), ((1, 204625362), (1, 204720689), 0, 0), ((1, 202427657), (1, 202427731), 0, 0)]
[((1, 202869943), (1, 204056467), 2, 0), ((1, 204163072), (1, 204460185), 2, 0), ((2, 8917257), (2, 8921728), 0, 0), ((1, 203015412), (1, 203015763), 0, 0), ((1, 202427731), (1, 205219579), 1, 0), ((2, 8963783), (2, 15743871), 0, 0), ((1, 204971128), (1, 204978974), 0, 0), ((1, 202209755), (1, 202215128), 0, 0), ((1, 202709433), (1, 202709642), 0, 0), ((1, 203266639), (1, 204804363), 1, 0), ((1, 203705025), (2, 16170477), 1, 0), ((1, 204608941), (2, 8931952), 0, 0), ((2, 15744183), (2, 16073416), 0, 0), ((1, 201862828), (1, 205356414), 1, 0), ((1, 202425257), (1, 204804717), 0, 0), ((1, 204098935), (1, 204099353), 0, 0), ((1, 205221193), (2, 16086121), 1, 0), ((1, 202862653), (1, 202869731), 0, 0), ((1, 203246644), (2, 8912431), 2, 0), ((2, 8848699), (2, 16086525), 0, 0), ((1, 205097026), (1, 205098379), 2, 0), ((1, 204720689), (1, 204833560), 0, 0), ((2, 8820428), (2, 16174542), 1, 0), ((1, 203369070), (1, 204164224), 0, 0), ((1, 202189702), (1, 204060723), 3, 0), ((1, 204625362), (2, 8864662), 3, 0)]
# INFOtemp solid_path_len 3
# NODEPATH (66, 64, 62)
# PATH  [((1, 204608941), (1, 204460185), True), ((1, 204460185), (1, 204164224), True)]
# COLLAPSEDPATH  [[(1, 204608941), (1, 204164224), True]]
[((1, 204804717), (1, 204833560), 0, 0), ((1, 203888194), (1, 204056467), 0, 0), ((2, 8921728), (2, 8931952), 0, 0), ((1, 202189702), (1, 202209755), 0, 0), ((2, 8864662), (2, 8912431), 0, 0), ((1, 204164224), (1, 204460185), 0, 1.5), ((1, 205098379), (1, 205219579), 0, 0), ((1, 204833560), (1, 204971128), 0, 0), ((2, 8917257), (2, 8921728), 0, 0), ((2, 15743871), (2, 15744183), 0, 0), ((2, 8848699), (2, 8864662), 0, 0), ((1, 203266639), (1, 203369070), 0, 0), ((1, 204971128), (1, 204978974), 0, 0), ((1, 202209755), (1, 202215128), 0, 0), ((1, 203739600), (1, 203739603), 0, 0), ((1, 202709433), (1, 202709642), 0, 0), ((1, 201862828), (1, 202189702), 0, 0), ((1, 202869943), (1, 203015412), 0, 0), ((2, 16086121), (2, 16086525), 0, 0), ((1, 204978974), (1, 205097026), 0, 0), ((2, 8820428), (2, 8848699), 0, 0), ((1, 205221193), (1, 205356414), 0, 0), ((1, 204460185), (1, 204608941), 0, 1.5), ((1, 204163072), (1, 204164224), 0, 0), ((1, 202215128), (1, 202425257), 0, 0), ((1, 204720689), (1, 204804363), 0, 0), ((1, 203369070), (1, 203705025), 0, 0), ((1, 203705025), (1, 203739460), 0, 0), ((1, 202869731), (1, 202869943), 0, 0), ((2, 8931952), (2, 8963783), 0, 0), ((1, 202862653), (1, 202869731), 0, 0), ((2, 16073416), (2, 16086121), 0, 0), ((1, 203015763), (1, 203246644), 0, 0), ((1, 205097026), (1, 205098379), 0, 0), ((1, 203739460), (1, 203739600), 0, 0), ((1, 204056467), (1, 204060723), 0, 0), ((2, 16086525), (2, 16170477), 0, 0), ((1, 204060723), (1, 204098935), 0, 0), ((2, 16170477), (2, 16174542), 0, 0), ((1, 202427731), (1, 202709433), 0, 0), ((1, 202709642), (1, 202862653), 0, 0), ((1, 204099353), (1, 204163072), 0, 0), ((2, 8912431), (2, 8917257), 0, 0), ((1, 203739603), (1, 203888194), 0, 0), ((1, 204804363), (1, 204804717), 0, 0), ((1, 204625362), (1, 204720689), 0, 0), ((1, 202427657), (1, 202427731), 0, 0)]
[((1, 202869943), (1, 204056467), 2, 0), ((1, 204163072), (1, 204460185), 2, 0), ((2, 8917257), (2, 8921728), 0, 0), ((1, 203015412), (1, 203015763), 0, 0), ((1, 202427731), (1, 205219579), 1, 0), ((2, 8963783), (2, 15743871), 0, 0), ((1, 204971128), (1, 204978974), 0, 0), ((1, 202209755), (1, 202215128), 0, 0), ((1, 202709433), (1, 202709642), 0, 0), ((1, 203266639), (1, 204804363), 1, 0), ((1, 203705025), (2, 16170477), 1, 0), ((1, 204608941), (2, 8931952), 0, 0), ((2, 15744183), (2, 16073416), 0, 0), ((1, 201862828), (1, 205356414), 1, 0), ((1, 202425257), (1, 204804717), 0, 0), ((1, 204098935), (1, 204099353), 0, 0), ((1, 205221193), (2, 16086121), 1, 0), ((1, 202862653), (1, 202869731), 0, 0), ((1, 203246644), (2, 8912431), 2, 0), ((2, 8848699), (2, 16086525), 0, 0), ((1, 205097026), (1, 205098379), 2, 0), ((1, 204720689), (1, 204833560), 0, 0), ((2, 8820428), (2, 16174542), 1, 0), ((1, 203369070), (1, 204164224), 0, 0), ((1, 202189702), (1, 204060723), 3, 0), ((1, 204625362), (2, 8864662), 3, 0)]
# INFOtemp solid_path_len 7
# NODEPATH (39, 41, 43, 45, 47, 49, 51)
# PATH  [((1, 203369070), (1, 203705025), True), ((1, 203705025), (1, 203739460), True), ((1, 203739460), (1, 203739600), True), ((1, 203739600), (1, 203739603), True), ((1, 203739603), (1, 203888194), True), ((1, 203888194), (1, 204056467), True)]
# COLLAPSEDPATH  [[(1, 203369070), (1, 204056467), True]]
[((1, 204804717), (1, 204833560), 0, 0), ((1, 203888194), (1, 204056467), 0, 1.5), ((2, 8921728), (2, 8931952), 0, 0), ((1, 202189702), (1, 202209755), 0, 0), ((2, 8864662), (2, 8912431), 0, 0), ((1, 204164224), (1, 204460185), 0, 0), ((1, 205098379), (1, 205219579), 0, 0), ((1, 204833560), (1, 204971128), 0, 0), ((2, 8917257), (2, 8921728), 0, 0), ((2, 15743871), (2, 15744183), 0, 0), ((2, 8848699), (2, 8864662), 0, 0), ((1, 203266639), (1, 203369070), 0, 0), ((1, 204971128), (1, 204978974), 0, 0), ((1, 202209755), (1, 202215128), 0, 0), ((1, 203739600), (1, 203739603), 0, 1.5), ((1, 202709433), (1, 202709642), 0, 0), ((1, 201862828), (1, 202189702), 0, 0), ((1, 202869943), (1, 203015412), 0, 0), ((2, 16086121), (2, 16086525), 0, 0), ((1, 204978974), (1, 205097026), 0, 0), ((2, 8820428), (2, 8848699), 0, 0), ((1, 205221193), (1, 205356414), 0, 0), ((1, 204460185), (1, 204608941), 0, 0), ((1, 204163072), (1, 204164224), 0, 0), ((1, 202215128), (1, 202425257), 0, 0), ((1, 204720689), (1, 204804363), 0, 0), ((1, 203369070), (1, 203705025), 0, 1.5), ((1, 203705025), (1, 203739460), 0, 1.5), ((1, 202869731), (1, 202869943), 0, 0), ((2, 8931952), (2, 8963783), 0, 0), ((1, 202862653), (1, 202869731), 0, 0), ((2, 16073416), (2, 16086121), 0, 0), ((1, 203015763), (1, 203246644), 0, 0), ((1, 205097026), (1, 205098379), 0, 0), ((1, 203739460), (1, 203739600), 0, 1.5), ((1, 204056467), (1, 204060723), 0, 0), ((2, 16086525), (2, 16170477), 0, 0), ((1, 204060723), (1, 204098935), 0, 0), ((2, 16170477), (2, 16174542), 0, 0), ((1, 202427731), (1, 202709433), 0, 0), ((1, 202709642), (1, 202862653), 0, 0), ((1, 204099353), (1, 204163072), 0, 0), ((2, 8912431), (2, 8917257), 0, 0), ((1, 203739603), (1, 203888194), 0, 1.5), ((1, 204804363), (1, 204804717), 0, 0), ((1, 204625362), (1, 204720689), 0, 0), ((1, 202427657), (1, 202427731), 0, 0)]
[((1, 202869943), (1, 204056467), 2, 0), ((1, 204163072), (1, 204460185), 2, 0), ((2, 8917257), (2, 8921728), 0, 0), ((1, 203015412), (1, 203015763), 0, 0), ((1, 202427731), (1, 205219579), 1, 0), ((2, 8963783), (2, 15743871), 0, 0), ((1, 204971128), (1, 204978974), 0, 0), ((1, 202209755), (1, 202215128), 0, 0), ((1, 202709433), (1, 202709642), 0, 0), ((1, 203266639), (1, 204804363), 1, 0), ((1, 203705025), (2, 16170477), 1, 0), ((1, 204608941), (2, 8931952), 0, 0), ((2, 15744183), (2, 16073416), 0, 0), ((1, 201862828), (1, 205356414), 1, 0), ((1, 202425257), (1, 204804717), 0, 0), ((1, 204098935), (1, 204099353), 0, 0), ((1, 205221193), (2, 16086121), 1, 0), ((1, 202862653), (1, 202869731), 0, 0), ((1, 203246644), (2, 8912431), 2, 0), ((2, 8848699), (2, 16086525), 0, 0), ((1, 205097026), (1, 205098379), 2, 0), ((1, 204720689), (1, 204833560), 0, 0), ((2, 8820428), (2, 16174542), 1, 0), ((1, 203369070), (1, 204164224), 0, 0), ((1, 202189702), (1, 204060723), 3, 0), ((1, 204625362), (2, 8864662), 3, 0)]
# INFOtemp solid_path_len 20
# NODEPATH (87, 89, 7, 9, 11, 13, 15, 73, 75, 77, 79, 81, 83, 85, 19, 21, 23, 25, 27, 29)
# PATH  [((1, 205221193), (1, 205356414), True), ((1, 205356414), (1, 201862828), False), ((1, 201862828), (1, 202189702), True), ((1, 202189702), (1, 202209755), True), ((1, 202209755), (1, 202215128), True), ((1, 202215128), (1, 202425257), True), ((1, 202425257), (1, 204804717), False), ((1, 204804717), (1, 204833560), True), ((1, 204833560), (1, 204971128), True), ((1, 204971128), (1, 204978974), True), ((1, 204978974), (1, 205097026), True), ((1, 205097026), (1, 205098379), True), ((1, 205098379), (1, 205219579), True), ((1, 205219579), (1, 202427731), False), ((1, 202427731), (1, 202709433), True), ((1, 202709433), (1, 202709642), True), ((1, 202709642), (1, 202862653), True), ((1, 202862653), (1, 202869731), True), ((1, 202869731), (1, 202869943), True)]
# COLLAPSEDPATH  [[(1, 205221193), (1, 205356414), True], [(1, 205356414), (1, 201862828), False], [(1, 201862828), (1, 202425257), True], [(1, 202425257), (1, 204804717), False], [(1, 204804717), (1, 205219579), True], [(1, 205219579), (1, 202427731), False], [(1, 202427731), (1, 202869943), True]]
[((1, 204804717), (1, 204833560), 0, 1.5), ((1, 203888194), (1, 204056467), 0, 0), ((2, 8921728), (2, 8931952), 0, 0), ((1, 202189702), (1, 202209755), 0, 1.5), ((2, 8864662), (2, 8912431), 0, 0), ((1, 204164224), (1, 204460185), 0, 0), ((1, 205098379), (1, 205219579), 0, 1.5), ((1, 204833560), (1, 204971128), 0, 1.5), ((2, 8917257), (2, 8921728), 0, 0), ((2, 15743871), (2, 15744183), 0, 0), ((2, 8848699), (2, 8864662), 0, 0), ((1, 203266639), (1, 203369070), 0, 0), ((1, 204971128), (1, 204978974), 0, 1.5), ((1, 202209755), (1, 202215128), 0, 1.5), ((1, 203739600), (1, 203739603), 0, 0), ((1, 202709433), (1, 202709642), 0, 1.5), ((1, 201862828), (1, 202189702), 0, 1.5), ((1, 202869943), (1, 203015412), 0, 0), ((2, 16086121), (2, 16086525), 0, 0), ((1, 204978974), (1, 205097026), 0, 1.5), ((2, 8820428), (2, 8848699), 0, 0), ((1, 205221193), (1, 205356414), 0, 1.5), ((1, 204460185), (1, 204608941), 0, 0), ((1, 204163072), (1, 204164224), 0, 0), ((1, 202215128), (1, 202425257), 0, 1.5), ((1, 204720689), (1, 204804363), 0, 0), ((1, 203369070), (1, 203705025), 0, 0), ((1, 203705025), (1, 203739460), 0, 0), ((1, 202869731), (1, 202869943), 0, 1.5), ((2, 8931952), (2, 8963783), 0, 0), ((1, 202862653), (1, 202869731), 0, 1.5), ((2, 16073416), (2, 16086121), 0, 0), ((1, 203015763), (1, 203246644), 0, 0), ((1, 205097026), (1, 205098379), 0, 1.5), ((1, 203739460), (1, 203739600), 0, 0), ((1, 204056467), (1, 204060723), 0, 0), ((2, 16086525), (2, 16170477), 0, 0), ((1, 204060723), (1, 204098935), 0, 0), ((2, 16170477), (2, 16174542), 0, 0), ((1, 202427731), (1, 202709433), 0, 1.5), ((1, 202709642), (1, 202862653), 0, 1.5), ((1, 204099353), (1, 204163072), 0, 0), ((2, 8912431), (2, 8917257), 0, 0), ((1, 203739603), (1, 203888194), 0, 0), ((1, 204804363), (1, 204804717), 0, 0), ((1, 204625362), (1, 204720689), 0, 0), ((1, 202427657), (1, 202427731), 0, 0)]
[((1, 202869943), (1, 204056467), 2, 0), ((1, 204163072), (1, 204460185), 2, 0), ((2, 8917257), (2, 8921728), 0, 0), ((1, 203015412), (1, 203015763), 0, 0), ((1, 202427731), (1, 205219579), 1, 1.5), ((2, 8963783), (2, 15743871), 0, 0), ((1, 204971128), (1, 204978974), 0, 0.0), ((1, 202209755), (1, 202215128), 0, 0.0), ((1, 202709433), (1, 202709642), 0, 0.0), ((1, 203266639), (1, 204804363), 1, 0), ((1, 203705025), (2, 16170477), 1, 0), ((1, 204608941), (2, 8931952), 0, 0), ((2, 15744183), (2, 16073416), 0, 0), ((1, 201862828), (1, 205356414), 1, 1.5), ((1, 202425257), (1, 204804717), 0, 1.5), ((1, 204098935), (1, 204099353), 0, 0), ((1, 205221193), (2, 16086121), 1, 0), ((1, 202862653), (1, 202869731), 0, 0.0), ((1, 203246644), (2, 8912431), 2, 0), ((2, 8848699), (2, 16086525), 0, 0), ((1, 205097026), (1, 205098379), 2, 0.0), ((1, 204720689), (1, 204833560), 0, 0), ((2, 8820428), (2, 16174542), 1, 0), ((1, 203369070), (1, 204164224), 0, 0), ((1, 202189702), (1, 204060723), 3, 0), ((1, 204625362), (2, 8864662), 3, 0)]
# INFOtemp solid_path_len 6
# NODEPATH (74, 72, 70, 68, 95, 97)
# PATH  [((1, 204804717), (1, 204804363), True), ((1, 204804363), (1, 204720689), True), ((1, 204720689), (1, 204625362), True), ((1, 204625362), (2, 8864662), False), ((2, 8864662), (2, 8912431), True)]
# COLLAPSEDPATH  [[(1, 204804717), (1, 204625362), True], [(1, 204625362), (2, 8864662), False], [(2, 8864662), (2, 8912431), True]]
[((1, 204804717), (1, 204833560), 0, 0), ((1, 203888194), (1, 204056467), 0, 0), ((2, 8921728), (2, 8931952), 0, 0), ((1, 202189702), (1, 202209755), 0, 0), ((2, 8864662), (2, 8912431), 0, 1.5), ((1, 204164224), (1, 204460185), 0, 0), ((1, 205098379), (1, 205219579), 0, 0), ((1, 204833560), (1, 204971128), 0, 0), ((2, 8917257), (2, 8921728), 0, 0), ((2, 15743871), (2, 15744183), 0, 0), ((2, 8848699), (2, 8864662), 0, 0), ((1, 203266639), (1, 203369070), 0, 0), ((1, 204971128), (1, 204978974), 0, 0), ((1, 202209755), (1, 202215128), 0, 0), ((1, 203739600), (1, 203739603), 0, 0), ((1, 202709433), (1, 202709642), 0, 0), ((1, 201862828), (1, 202189702), 0, 0), ((1, 202869943), (1, 203015412), 0, 0), ((2, 16086121), (2, 16086525), 0, 0), ((1, 204978974), (1, 205097026), 0, 0), ((2, 8820428), (2, 8848699), 0, 0), ((1, 205221193), (1, 205356414), 0, 0), ((1, 204460185), (1, 204608941), 0, 0), ((1, 204163072), (1, 204164224), 0, 0), ((1, 202215128), (1, 202425257), 0, 0), ((1, 204720689), (1, 204804363), 0, 1.5), ((1, 203369070), (1, 203705025), 0, 0), ((1, 203705025), (1, 203739460), 0, 0), ((1, 202869731), (1, 202869943), 0, 0), ((2, 8931952), (2, 8963783), 0, 0), ((1, 202862653), (1, 202869731), 0, 0), ((2, 16073416), (2, 16086121), 0, 0), ((1, 203015763), (1, 203246644), 0, 0), ((1, 205097026), (1, 205098379), 0, 0), ((1, 203739460), (1, 203739600), 0, 0), ((1, 204056467), (1, 204060723), 0, 0), ((2, 16086525), (2, 16170477), 0, 0), ((1, 204060723), (1, 204098935), 0, 0), ((2, 16170477), (2, 16174542), 0, 0), ((1, 202427731), (1, 202709433), 0, 0), ((1, 202709642), (1, 202862653), 0, 0), ((1, 204099353), (1, 204163072), 0, 0), ((2, 8912431), (2, 8917257), 0, 0), ((1, 203739603), (1, 203888194), 0, 0), ((1, 204804363), (1, 204804717), 0, 1.5), ((1, 204625362), (1, 204720689), 0, 1.5), ((1, 202427657), (1, 202427731), 0, 0)]
[((1, 202869943), (1, 204056467), 2, 0), ((1, 204163072), (1, 204460185), 2, 0), ((2, 8917257), (2, 8921728), 0, 0), ((1, 203015412), (1, 203015763), 0, 0), ((1, 202427731), (1, 205219579), 1, 0), ((2, 8963783), (2, 15743871), 0, 0), ((1, 204971128), (1, 204978974), 0, 0), ((1, 202209755), (1, 202215128), 0, 0), ((1, 202709433), (1, 202709642), 0, 0), ((1, 203266639), (1, 204804363), 1, 0), ((1, 203705025), (2, 16170477), 1, 0), ((1, 204608941), (2, 8931952), 0, 0), ((2, 15744183), (2, 16073416), 0, 0), ((1, 201862828), (1, 205356414), 1, 0), ((1, 202425257), (1, 204804717), 0, 0), ((1, 204098935), (1, 204099353), 0, 0), ((1, 205221193), (2, 16086121), 1, 0), ((1, 202862653), (1, 202869731), 0, 0), ((1, 203246644), (2, 8912431), 2, 0), ((2, 8848699), (2, 16086525), 0, 0), ((1, 205097026), (1, 205098379), 2, 0), ((1, 204720689), (1, 204833560), 0, 0), ((2, 8820428), (2, 16174542), 1, 0), ((1, 203369070), (1, 204164224), 0, 0), ((1, 202189702), (1, 204060723), 3, 0), ((1, 204625362), (2, 8864662), 3, 1.5)]
# INFOtemp solid_path_len 6
# NODEPATH (29, 31, 33, 35, 98, 96)
# PATH  [((1, 202869943), (1, 203015412), True), ((1, 203015412), (1, 203015763), False), ((1, 203015763), (1, 203246644), True), ((1, 203246644), (2, 8912431), False), ((2, 8912431), (2, 8864662), True)]
# COLLAPSEDPATH  [[(1, 202869943), (1, 203015412), True], [(1, 203015412), (1, 203015763), False], [(1, 203015763), (1, 203246644), True], [(1, 203246644), (2, 8912431), False], [(2, 8912431), (2, 8864662), True]]
[((1, 204804717), (1, 204833560), 0, 0), ((1, 203888194), (1, 204056467), 0, 0), ((2, 8921728), (2, 8931952), 0, 0), ((1, 202189702), (1, 202209755), 0, 0), ((2, 8864662), (2, 8912431), 0, 1.5), ((1, 204164224), (1, 204460185), 0, 0), ((1, 205098379), (1, 205219579), 0, 0), ((1, 204833560), (1, 204971128), 0, 0), ((2, 8917257), (2, 8921728), 0, 0), ((2, 15743871), (2, 15744183), 0, 0), ((2, 8848699), (2, 8864662), 0, 0), ((1, 203266639), (1, 203369070), 0, 0), ((1, 204971128), (1, 204978974), 0, 0), ((1, 202209755), (1, 202215128), 0, 0), ((1, 203739600), (1, 203739603), 0, 0), ((1, 202709433), (1, 202709642), 0, 0), ((1, 201862828), (1, 202189702), 0, 0), ((1, 202869943), (1, 203015412), 0, 1.5), ((2, 16086121), (2, 16086525), 0, 0), ((1, 204978974), (1, 205097026), 0, 0), ((2, 8820428), (2, 8848699), 0, 0), ((1, 205221193), (1, 205356414), 0, 0), ((1, 204460185), (1, 204608941), 0, 0), ((1, 204163072), (1, 204164224), 0, 0), ((1, 202215128), (1, 202425257), 0, 0), ((1, 204720689), (1, 204804363), 0, 0), ((1, 203369070), (1, 203705025), 0, 0), ((1, 203705025), (1, 203739460), 0, 0), ((1, 202869731), (1, 202869943), 0, 0), ((2, 8931952), (2, 8963783), 0, 0), ((1, 202862653), (1, 202869731), 0, 0), ((2, 16073416), (2, 16086121), 0, 0), ((1, 203015763), (1, 203246644), 0, 1.5), ((1, 205097026), (1, 205098379), 0, 0), ((1, 203739460), (1, 203739600), 0, 0), ((1, 204056467), (1, 204060723), 0, 0), ((2, 16086525), (2, 16170477), 0, 0), ((1, 204060723), (1, 204098935), 0, 0), ((2, 16170477), (2, 16174542), 0, 0), ((1, 202427731), (1, 202709433), 0, 0), ((1, 202709642), (1, 202862653), 0, 0), ((1, 204099353), (1, 204163072), 0, 0), ((2, 8912431), (2, 8917257), 0, 0), ((1, 203739603), (1, 203888194), 0, 0), ((1, 204804363), (1, 204804717), 0, 0), ((1, 204625362), (1, 204720689), 0, 0), ((1, 202427657), (1, 202427731), 0, 0)]
[((1, 202869943), (1, 204056467), 2, 0), ((1, 204163072), (1, 204460185), 2, 0), ((2, 8917257), (2, 8921728), 0, 0), ((1, 203015412), (1, 203015763), 0, 1.5), ((1, 202427731), (1, 205219579), 1, 0), ((2, 8963783), (2, 15743871), 0, 0), ((1, 204971128), (1, 204978974), 0, 0), ((1, 202209755), (1, 202215128), 0, 0), ((1, 202709433), (1, 202709642), 0, 0), ((1, 203266639), (1, 204804363), 1, 0), ((1, 203705025), (2, 16170477), 1, 0), ((1, 204608941), (2, 8931952), 0, 0), ((2, 15744183), (2, 16073416), 0, 0), ((1, 201862828), (1, 205356414), 1, 0), ((1, 202425257), (1, 204804717), 0, 0), ((1, 204098935), (1, 204099353), 0, 0), ((1, 205221193), (2, 16086121), 1, 0), ((1, 202862653), (1, 202869731), 0, 0), ((1, 203246644), (2, 8912431), 2, 1.5), ((2, 8848699), (2, 16086525), 0, 0), ((1, 205097026), (1, 205098379), 2, 0), ((1, 204720689), (1, 204833560), 0, 0), ((2, 8820428), (2, 16174542), 1, 0), ((1, 203369070), (1, 204164224), 0, 0), ((1, 202189702), (1, 204060723), 3, 0), ((1, 204625362), (2, 8864662), 3, 0)]
# INFOtemp solid_path_len 5
# NODEPATH (51, 53, 55, 57, 59)
# PATH  [((1, 204056467), (1, 204060723), True), ((1, 204060723), (1, 204098935), True), ((1, 204098935), (1, 204099353), False), ((1, 204099353), (1, 204163072), True)]
# COLLAPSEDPATH  [[(1, 204056467), (1, 204098935), True], [(1, 204098935), (1, 204099353), False], [(1, 204099353), (1, 204163072), True]]
[((1, 204804717), (1, 204833560), 0, 0), ((1, 203888194), (1, 204056467), 0, 0), ((2, 8921728), (2, 8931952), 0, 0), ((1, 202189702), (1, 202209755), 0, 0), ((2, 8864662), (2, 8912431), 0, 0), ((1, 204164224), (1, 204460185), 0, 0), ((1, 205098379), (1, 205219579), 0, 0), ((1, 204833560), (1, 204971128), 0, 0), ((2, 8917257), (2, 8921728), 0, 0), ((2, 15743871), (2, 15744183), 0, 0), ((2, 8848699), (2, 8864662), 0, 0), ((1, 203266639), (1, 203369070), 0, 0), ((1, 204971128), (1, 204978974), 0, 0), ((1, 202209755), (1, 202215128), 0, 0), ((1, 203739600), (1, 203739603), 0, 0), ((1, 202709433), (1, 202709642), 0, 0), ((1, 201862828), (1, 202189702), 0, 0), ((1, 202869943), (1, 203015412), 0, 0), ((2, 16086121), (2, 16086525), 0, 0), ((1, 204978974), (1, 205097026), 0, 0), ((2, 8820428), (2, 8848699), 0, 0), ((1, 205221193), (1, 205356414), 0, 0), ((1, 204460185), (1, 204608941), 0, 0), ((1, 204163072), (1, 204164224), 0, 0), ((1, 202215128), (1, 202425257), 0, 0), ((1, 204720689), (1, 204804363), 0, 0), ((1, 203369070), (1, 203705025), 0, 0), ((1, 203705025), (1, 203739460), 0, 0), ((1, 202869731), (1, 202869943), 0, 0), ((2, 8931952), (2, 8963783), 0, 0), ((1, 202862653), (1, 202869731), 0, 0), ((2, 16073416), (2, 16086121), 0, 0), ((1, 203015763), (1, 203246644), 0, 0), ((1, 205097026), (1, 205098379), 0, 0), ((1, 203739460), (1, 203739600), 0, 0), ((1, 204056467), (1, 204060723), 0, 1.5), ((2, 16086525), (2, 16170477), 0, 0), ((1, 204060723), (1, 204098935), 0, 1.5), ((2, 16170477), (2, 16174542), 0, 0), ((1, 202427731), (1, 202709433), 0, 0), ((1, 202709642), (1, 202862653), 0, 0), ((1, 204099353), (1, 204163072), 0, 1.5), ((2, 8912431), (2, 8917257), 0, 0), ((1, 203739603), (1, 203888194), 0, 0), ((1, 204804363), (1, 204804717), 0, 0), ((1, 204625362), (1, 204720689), 0, 0), ((1, 202427657), (1, 202427731), 0, 0)]
[((1, 202869943), (1, 204056467), 2, 0), ((1, 204163072), (1, 204460185), 2, 0), ((2, 8917257), (2, 8921728), 0, 0), ((1, 203015412), (1, 203015763), 0, 0), ((1, 202427731), (1, 205219579), 1, 0), ((2, 8963783), (2, 15743871), 0, 0), ((1, 204971128), (1, 204978974), 0, 0), ((1, 202209755), (1, 202215128), 0, 0), ((1, 202709433), (1, 202709642), 0, 0), ((1, 203266639), (1, 204804363), 1, 0), ((1, 203705025), (2, 16170477), 1, 0), ((1, 204608941), (2, 8931952), 0, 0), ((2, 15744183), (2, 16073416), 0, 0), ((1, 201862828), (1, 205356414), 1, 0), ((1, 202425257), (1, 204804717), 0, 0), ((1, 204098935), (1, 204099353), 0, 1.5), ((1, 205221193), (2, 16086121), 1, 0), ((1, 202862653), (1, 202869731), 0, 0), ((1, 203246644), (2, 8912431), 2, 0), ((2, 8848699), (2, 16086525), 0, 0), ((1, 205097026), (1, 205098379), 2, 0), ((1, 204720689), (1, 204833560), 0, 0), ((2, 8820428), (2, 16174542), 1, 0), ((1, 203369070), (1, 204164224), 0, 0), ((1, 202189702), (1, 204060723), 3, 0), ((1, 204625362), (2, 8864662), 3, 0)]
# INFOtemp solid_path_len 4
# NODEPATH (16, 14, 12, 10)
# PATH  [((1, 202425257), (1, 202215128), True), ((1, 202215128), (1, 202209755), True), ((1, 202209755), (1, 202189702), True)]
# COLLAPSEDPATH  [[(1, 202425257), (1, 202189702), True]]
[((1, 204804717), (1, 204833560), 0, 0), ((1, 203888194), (1, 204056467), 0, 0), ((2, 8921728), (2, 8931952), 0, 0), ((1, 202189702), (1, 202209755), 0, 1.5), ((2, 8864662), (2, 8912431), 0, 0), ((1, 204164224), (1, 204460185), 0, 0), ((1, 205098379), (1, 205219579), 0, 0), ((1, 204833560), (1, 204971128), 0, 0), ((2, 8917257), (2, 8921728), 0, 0), ((2, 15743871), (2, 15744183), 0, 0), ((2, 8848699), (2, 8864662), 0, 0), ((1, 203266639), (1, 203369070), 0, 0), ((1, 204971128), (1, 204978974), 0, 0), ((1, 202209755), (1, 202215128), 0, 1.5), ((1, 203739600), (1, 203739603), 0, 0), ((1, 202709433), (1, 202709642), 0, 0), ((1, 201862828), (1, 202189702), 0, 0), ((1, 202869943), (1, 203015412), 0, 0), ((2, 16086121), (2, 16086525), 0, 0), ((1, 204978974), (1, 205097026), 0, 0), ((2, 8820428), (2, 8848699), 0, 0), ((1, 205221193), (1, 205356414), 0, 0), ((1, 204460185), (1, 204608941), 0, 0), ((1, 204163072), (1, 204164224), 0, 0), ((1, 202215128), (1, 202425257), 0, 1.5), ((1, 204720689), (1, 204804363), 0, 0), ((1, 203369070), (1, 203705025), 0, 0), ((1, 203705025), (1, 203739460), 0, 0), ((1, 202869731), (1, 202869943), 0, 0), ((2, 8931952), (2, 8963783), 0, 0), ((1, 202862653), (1, 202869731), 0, 0), ((2, 16073416), (2, 16086121), 0, 0), ((1, 203015763), (1, 203246644), 0, 0), ((1, 205097026), (1, 205098379), 0, 0), ((1, 203739460), (1, 203739600), 0, 0), ((1, 204056467), (1, 204060723), 0, 0), ((2, 16086525), (2, 16170477), 0, 0), ((1, 204060723), (1, 204098935), 0, 0), ((2, 16170477), (2, 16174542), 0, 0), ((1, 202427731), (1, 202709433), 0, 0), ((1, 202709642), (1, 202862653), 0, 0), ((1, 204099353), (1, 204163072), 0, 0), ((2, 8912431), (2, 8917257), 0, 0), ((1, 203739603), (1, 203888194), 0, 0), ((1, 204804363), (1, 204804717), 0, 0), ((1, 204625362), (1, 204720689), 0, 0), ((1, 202427657), (1, 202427731), 0, 0)]
[((1, 202869943), (1, 204056467), 2, 0), ((1, 204163072), (1, 204460185), 2, 0), ((2, 8917257), (2, 8921728), 0, 0), ((1, 203015412), (1, 203015763), 0, 0), ((1, 202427731), (1, 205219579), 1, 0), ((2, 8963783), (2, 15743871), 0, 0), ((1, 204971128), (1, 204978974), 0, 0), ((1, 202209755), (1, 202215128), 0, 0.0), ((1, 202709433), (1, 202709642), 0, 0), ((1, 203266639), (1, 204804363), 1, 0), ((1, 203705025), (2, 16170477), 1, 0), ((1, 204608941), (2, 8931952), 0, 0), ((2, 15744183), (2, 16073416), 0, 0), ((1, 201862828), (1, 205356414), 1, 0), ((1, 202425257), (1, 204804717), 0, 0), ((1, 204098935), (1, 204099353), 0, 0), ((1, 205221193), (2, 16086121), 1, 0), ((1, 202862653), (1, 202869731), 0, 0), ((1, 203246644), (2, 8912431), 2, 0), ((2, 8848699), (2, 16086525), 0, 0), ((1, 205097026), (1, 205098379), 2, 0), ((1, 204720689), (1, 204833560), 0, 0), ((2, 8820428), (2, 16174542), 1, 0), ((1, 203369070), (1, 204164224), 0, 0), ((1, 202189702), (1, 204060723), 3, 0), ((1, 204625362), (2, 8864662), 3, 0)]
# INFOtemp solid_path_len 8
# NODEPATH (63, 65, 103, 105, 107, 109, 111, 113)
# PATH  [((1, 204460185), (1, 204608941), True), ((1, 204608941), (2, 8931952), False), ((2, 8931952), (2, 8963783), True), ((2, 8963783), (2, 15743871), False), ((2, 15743871), (2, 15744183), True), ((2, 15744183), (2, 16073416), False), ((2, 16073416), (2, 16086121), True)]
# COLLAPSEDPATH  [[(1, 204460185), (1, 204608941), True], [(1, 204608941), (2, 8931952), False], [(2, 8931952), (2, 8963783), True], [(2, 8963783), (2, 15743871), False], [(2, 15743871), (2, 15744183), True], [(2, 15744183), (2, 16073416), False], [(2, 16073416), (2, 16086121), True]]
[((1, 204804717), (1, 204833560), 0, 0), ((1, 203888194), (1, 204056467), 0, 0), ((2, 8921728), (2, 8931952), 0, 0), ((1, 202189702), (1, 202209755), 0, 0), ((2, 8864662), (2, 8912431), 0, 0), ((1, 204164224), (1, 204460185), 0, 0), ((1, 205098379), (1, 205219579), 0, 0), ((1, 204833560), (1, 204971128), 0, 0), ((2, 8917257), (2, 8921728), 0, 0), ((2, 15743871), (2, 15744183), 0, 1.5), ((2, 8848699), (2, 8864662), 0, 0), ((1, 203266639), (1, 203369070), 0, 0), ((1, 204971128), (1, 204978974), 0, 0), ((1, 202209755), (1, 202215128), 0, 0), ((1, 203739600), (1, 203739603), 0, 0), ((1, 202709433), (1, 202709642), 0, 0), ((1, 201862828), (1, 202189702), 0, 0), ((1, 202869943), (1, 203015412), 0, 0), ((2, 16086121), (2, 16086525), 0, 0), ((1, 204978974), (1, 205097026), 0, 0), ((2, 8820428), (2, 8848699), 0, 0), ((1, 205221193), (1, 205356414), 0, 0), ((1, 204460185), (1, 204608941), 0, 1.5), ((1, 204163072), (1, 204164224), 0, 0), ((1, 202215128), (1, 202425257), 0, 0), ((1, 204720689), (1, 204804363), 0, 0), ((1, 203369070), (1, 203705025), 0, 0), ((1, 203705025), (1, 203739460), 0, 0), ((1, 202869731), (1, 202869943), 0, 0), ((2, 8931952), (2, 8963783), 0, 1.5), ((1, 202862653), (1, 202869731), 0, 0), ((2, 16073416), (2, 16086121), 0, 1.5), ((1, 203015763), (1, 203246644), 0, 0), ((1, 205097026), (1, 205098379), 0, 0), ((1, 203739460), (1, 203739600), 0, 0), ((1, 204056467), (1, 204060723), 0, 0), ((2, 16086525), (2, 16170477), 0, 0), ((1, 204060723), (1, 204098935), 0, 0), ((2, 16170477), (2, 16174542), 0, 0), ((1, 202427731), (1, 202709433), 0, 0), ((1, 202709642), (1, 202862653), 0, 0), ((1, 204099353), (1, 204163072), 0, 0), ((2, 8912431), (2, 8917257), 0, 0), ((1, 203739603), (1, 203888194), 0, 0), ((1, 204804363), (1, 204804717), 0, 0), ((1, 204625362), (1, 204720689), 0, 0), ((1, 202427657), (1, 202427731), 0, 0)]
[((1, 202869943), (1, 204056467), 2, 0), ((1, 204163072), (1, 204460185), 2, 0), ((2, 8917257), (2, 8921728), 0, 0), ((1, 203015412), (1, 203015763), 0, 0), ((1, 202427731), (1, 205219579), 1, 0), ((2, 8963783), (2, 15743871), 0, 1.5), ((1, 204971128), (1, 204978974), 0, 0), ((1, 202209755), (1, 202215128), 0, 0), ((1, 202709433), (1, 202709642), 0, 0), ((1, 203266639), (1, 204804363), 1, 0), ((1, 203705025), (2, 16170477), 1, 0), ((1, 204608941), (2, 8931952), 0, 1.5), ((2, 15744183), (2, 16073416), 0, 1.5), ((1, 201862828), (1, 205356414), 1, 0), ((1, 202425257), (1, 204804717), 0, 0), ((1, 204098935), (1, 204099353), 0, 0), ((1, 205221193), (2, 16086121), 1, 0), ((1, 202862653), (1, 202869731), 0, 0), ((1, 203246644), (2, 8912431), 2, 0), ((2, 8848699), (2, 16086525), 0, 0), ((1, 205097026), (1, 205098379), 2, 0), ((1, 204720689), (1, 204833560), 0, 0), ((2, 8820428), (2, 16174542), 1, 0), ((1, 203369070), (1, 204164224), 0, 0), ((1, 202189702), (1, 204060723), 3, 0), ((1, 204625362), (2, 8864662), 3, 0)]
# INFOtemp solid_path_len 5
# NODEPATH (104, 102, 100, 98, 96)
# PATH  [((2, 8931952), (2, 8921728), True), ((2, 8921728), (2, 8917257), True), ((2, 8917257), (2, 8912431), True), ((2, 8912431), (2, 8864662), True)]
# COLLAPSEDPATH  [[(2, 8931952), (2, 8864662), True]]
[((1, 204804717), (1, 204833560), 0, 0), ((1, 203888194), (1, 204056467), 0, 0), ((2, 8921728), (2, 8931952), 0, 1.5), ((1, 202189702), (1, 202209755), 0, 0), ((2, 8864662), (2, 8912431), 0, 1.5), ((1, 204164224), (1, 204460185), 0, 0), ((1, 205098379), (1, 205219579), 0, 0), ((1, 204833560), (1, 204971128), 0, 0), ((2, 8917257), (2, 8921728), 0, 1.5), ((2, 15743871), (2, 15744183), 0, 0), ((2, 8848699), (2, 8864662), 0, 0), ((1, 203266639), (1, 203369070), 0, 0), ((1, 204971128), (1, 204978974), 0, 0), ((1, 202209755), (1, 202215128), 0, 0), ((1, 203739600), (1, 203739603), 0, 0), ((1, 202709433), (1, 202709642), 0, 0), ((1, 201862828), (1, 202189702), 0, 0), ((1, 202869943), (1, 203015412), 0, 0), ((2, 16086121), (2, 16086525), 0, 0), ((1, 204978974), (1, 205097026), 0, 0), ((2, 8820428), (2, 8848699), 0, 0), ((1, 205221193), (1, 205356414), 0, 0), ((1, 204460185), (1, 204608941), 0, 0), ((1, 204163072), (1, 204164224), 0, 0), ((1, 202215128), (1, 202425257), 0, 0), ((1, 204720689), (1, 204804363), 0, 0), ((1, 203369070), (1, 203705025), 0, 0), ((1, 203705025), (1, 203739460), 0, 0), ((1, 202869731), (1, 202869943), 0, 0), ((2, 8931952), (2, 8963783), 0, 0), ((1, 202862653), (1, 202869731), 0, 0), ((2, 16073416), (2, 16086121), 0, 0), ((1, 203015763), (1, 203246644), 0, 0), ((1, 205097026), (1, 205098379), 0, 0), ((1, 203739460), (1, 203739600), 0, 0), ((1, 204056467), (1, 204060723), 0, 0), ((2, 16086525), (2, 16170477), 0, 0), ((1, 204060723), (1, 204098935), 0, 0), ((2, 16170477), (2, 16174542), 0, 0), ((1, 202427731), (1, 202709433), 0, 0), ((1, 202709642), (1, 202862653), 0, 0), ((1, 204099353), (1, 204163072), 0, 0), ((2, 8912431), (2, 8917257), 0, 1.5), ((1, 203739603), (1, 203888194), 0, 0), ((1, 204804363), (1, 204804717), 0, 0), ((1, 204625362), (1, 204720689), 0, 0), ((1, 202427657), (1, 202427731), 0, 0)]
[((1, 202869943), (1, 204056467), 2, 0), ((1, 204163072), (1, 204460185), 2, 0), ((2, 8917257), (2, 8921728), 0, 0.0), ((1, 203015412), (1, 203015763), 0, 0), ((1, 202427731), (1, 205219579), 1, 0), ((2, 8963783), (2, 15743871), 0, 0), ((1, 204971128), (1, 204978974), 0, 0), ((1, 202209755), (1, 202215128), 0, 0), ((1, 202709433), (1, 202709642), 0, 0), ((1, 203266639), (1, 204804363), 1, 0), ((1, 203705025), (2, 16170477), 1, 0), ((1, 204608941), (2, 8931952), 0, 0), ((2, 15744183), (2, 16073416), 0, 0), ((1, 201862828), (1, 205356414), 1, 0), ((1, 202425257), (1, 204804717), 0, 0), ((1, 204098935), (1, 204099353), 0, 0), ((1, 205221193), (2, 16086121), 1, 0), ((1, 202862653), (1, 202869731), 0, 0), ((1, 203246644), (2, 8912431), 2, 0), ((2, 8848699), (2, 16086525), 0, 0), ((1, 205097026), (1, 205098379), 2, 0), ((1, 204720689), (1, 204833560), 0, 0), ((2, 8820428), (2, 16174542), 1, 0), ((1, 203369070), (1, 204164224), 0, 0), ((1, 202189702), (1, 204060723), 3, 0), ((1, 204625362), (2, 8864662), 3, 0)]
# INFOtemp solid_path_len 5
# NODEPATH (62, 60, 58, 56, 54)
# PATH  [((1, 204164224), (1, 204163072), True), ((1, 204163072), (1, 204099353), True), ((1, 204099353), (1, 204098935), False), ((1, 204098935), (1, 204060723), True)]
# COLLAPSEDPATH  [[(1, 204164224), (1, 204099353), True], [(1, 204099353), (1, 204098935), False], [(1, 204098935), (1, 204060723), True]]
[((1, 204804717), (1, 204833560), 0, 0), ((1, 203888194), (1, 204056467), 0, 0), ((2, 8921728), (2, 8931952), 0, 0), ((1, 202189702), (1, 202209755), 0, 0), ((2, 8864662), (2, 8912431), 0, 0), ((1, 204164224), (1, 204460185), 0, 0), ((1, 205098379), (1, 205219579), 0, 0), ((1, 204833560), (1, 204971128), 0, 0), ((2, 8917257), (2, 8921728), 0, 0), ((2, 15743871), (2, 15744183), 0, 0), ((2, 8848699), (2, 8864662), 0, 0), ((1, 203266639), (1, 203369070), 0, 0), ((1, 204971128), (1, 204978974), 0, 0), ((1, 202209755), (1, 202215128), 0, 0), ((1, 203739600), (1, 203739603), 0, 0), ((1, 202709433), (1, 202709642), 0, 0), ((1, 201862828), (1, 202189702), 0, 0), ((1, 202869943), (1, 203015412), 0, 0), ((2, 16086121), (2, 16086525), 0, 0), ((1, 204978974), (1, 205097026), 0, 0), ((2, 8820428), (2, 8848699), 0, 0), ((1, 205221193), (1, 205356414), 0, 0), ((1, 204460185), (1, 204608941), 0, 0), ((1, 204163072), (1, 204164224), 0, 1.5), ((1, 202215128), (1, 202425257), 0, 0), ((1, 204720689), (1, 204804363), 0, 0), ((1, 203369070), (1, 203705025), 0, 0), ((1, 203705025), (1, 203739460), 0, 0), ((1, 202869731), (1, 202869943), 0, 0), ((2, 8931952), (2, 8963783), 0, 0), ((1, 202862653), (1, 202869731), 0, 0), ((2, 16073416), (2, 16086121), 0, 0), ((1, 203015763), (1, 203246644), 0, 0), ((1, 205097026), (1, 205098379), 0, 0), ((1, 203739460), (1, 203739600), 0, 0), ((1, 204056467), (1, 204060723), 0, 0), ((2, 16086525), (2, 16170477), 0, 0), ((1, 204060723), (1, 204098935), 0, 1.5), ((2, 16170477), (2, 16174542), 0, 0), ((1, 202427731), (1, 202709433), 0, 0), ((1, 202709642), (1, 202862653), 0, 0), ((1, 204099353), (1, 204163072), 0, 1.5), ((2, 8912431), (2, 8917257), 0, 0), ((1, 203739603), (1, 203888194), 0, 0), ((1, 204804363), (1, 204804717), 0, 0), ((1, 204625362), (1, 204720689), 0, 0), ((1, 202427657), (1, 202427731), 0, 0)]
[((1, 202869943), (1, 204056467), 2, 0), ((1, 204163072), (1, 204460185), 2, 0), ((2, 8917257), (2, 8921728), 0, 0), ((1, 203015412), (1, 203015763), 0, 0), ((1, 202427731), (1, 205219579), 1, 0), ((2, 8963783), (2, 15743871), 0, 0), ((1, 204971128), (1, 204978974), 0, 0), ((1, 202209755), (1, 202215128), 0, 0), ((1, 202709433), (1, 202709642), 0, 0), ((1, 203266639), (1, 204804363), 1, 0), ((1, 203705025), (2, 16170477), 1, 0), ((1, 204608941), (2, 8931952), 0, 0), ((2, 15744183), (2, 16073416), 0, 0), ((1, 201862828), (1, 205356414), 1, 0), ((1, 202425257), (1, 204804717), 0, 0), ((1, 204098935), (1, 204099353), 0, 1.5), ((1, 205221193), (2, 16086121), 1, 0), ((1, 202862653), (1, 202869731), 0, 0), ((1, 203246644), (2, 8912431), 2, 0), ((2, 8848699), (2, 16086525), 0, 0), ((1, 205097026), (1, 205098379), 2, 0), ((1, 204720689), (1, 204833560), 0, 0), ((2, 8820428), (2, 16174542), 1, 0), ((1, 203369070), (1, 204164224), 0, 0), ((1, 202189702), (1, 204060723), 3, 0), ((1, 204625362), (2, 8864662), 3, 0)]
# INFOtemp solid_path_len 3
# NODEPATH (67, 69, 71)
# PATH  [((1, 204625362), (1, 204720689), True), ((1, 204720689), (1, 204804363), True)]
# COLLAPSEDPATH  [[(1, 204625362), (1, 204804363), True]]
[((1, 204804717), (1, 204833560), 0, 0), ((1, 203888194), (1, 204056467), 0, 0), ((2, 8921728), (2, 8931952), 0, 0), ((1, 202189702), (1, 202209755), 0, 0), ((2, 8864662), (2, 8912431), 0, 0), ((1, 204164224), (1, 204460185), 0, 0), ((1, 205098379), (1, 205219579), 0, 0), ((1, 204833560), (1, 204971128), 0, 0), ((2, 8917257), (2, 8921728), 0, 0), ((2, 15743871), (2, 15744183), 0, 0), ((2, 8848699), (2, 8864662), 0, 0), ((1, 203266639), (1, 203369070), 0, 0), ((1, 204971128), (1, 204978974), 0, 0), ((1, 202209755), (1, 202215128), 0, 0), ((1, 203739600), (1, 203739603), 0, 0), ((1, 202709433), (1, 202709642), 0, 0), ((1, 201862828), (1, 202189702), 0, 0), ((1, 202869943), (1, 203015412), 0, 0), ((2, 16086121), (2, 16086525), 0, 0), ((1, 204978974), (1, 205097026), 0, 0), ((2, 8820428), (2, 8848699), 0, 0), ((1, 205221193), (1, 205356414), 0, 0), ((1, 204460185), (1, 204608941), 0, 0), ((1, 204163072), (1, 204164224), 0, 0), ((1, 202215128), (1, 202425257), 0, 0), ((1, 204720689), (1, 204804363), 0, 1.5), ((1, 203369070), (1, 203705025), 0, 0), ((1, 203705025), (1, 203739460), 0, 0), ((1, 202869731), (1, 202869943), 0, 0), ((2, 8931952), (2, 8963783), 0, 0), ((1, 202862653), (1, 202869731), 0, 0), ((2, 16073416), (2, 16086121), 0, 0), ((1, 203015763), (1, 203246644), 0, 0), ((1, 205097026), (1, 205098379), 0, 0), ((1, 203739460), (1, 203739600), 0, 0), ((1, 204056467), (1, 204060723), 0, 0), ((2, 16086525), (2, 16170477), 0, 0), ((1, 204060723), (1, 204098935), 0, 0), ((2, 16170477), (2, 16174542), 0, 0), ((1, 202427731), (1, 202709433), 0, 0), ((1, 202709642), (1, 202862653), 0, 0), ((1, 204099353), (1, 204163072), 0, 0), ((2, 8912431), (2, 8917257), 0, 0), ((1, 203739603), (1, 203888194), 0, 0), ((1, 204804363), (1, 204804717), 0, 0), ((1, 204625362), (1, 204720689), 0, 1.5), ((1, 202427657), (1, 202427731), 0, 0)]
[((1, 202869943), (1, 204056467), 2, 0), ((1, 204163072), (1, 204460185), 2, 0), ((2, 8917257), (2, 8921728), 0, 0), ((1, 203015412), (1, 203015763), 0, 0), ((1, 202427731), (1, 205219579), 1, 0), ((2, 8963783), (2, 15743871), 0, 0), ((1, 204971128), (1, 204978974), 0, 0), ((1, 202209755), (1, 202215128), 0, 0), ((1, 202709433), (1, 202709642), 0, 0), ((1, 203266639), (1, 204804363), 1, 0), ((1, 203705025), (2, 16170477), 1, 0), ((1, 204608941), (2, 8931952), 0, 0), ((2, 15744183), (2, 16073416), 0, 0), ((1, 201862828), (1, 205356414), 1, 0), ((1, 202425257), (1, 204804717), 0, 0), ((1, 204098935), (1, 204099353), 0, 0), ((1, 205221193), (2, 16086121), 1, 0), ((1, 202862653), (1, 202869731), 0, 0), ((1, 203246644), (2, 8912431), 2, 0), ((2, 8848699), (2, 16086525), 0, 0), ((1, 205097026), (1, 205098379), 2, 0), ((1, 204720689), (1, 204833560), 0, 0), ((2, 8820428), (2, 16174542), 1, 0), ((1, 203369070), (1, 204164224), 0, 0), ((1, 202189702), (1, 204060723), 3, 0), ((1, 204625362), (2, 8864662), 3, 0)]
# INFOtemp solid_path_len 16
# NODEPATH (36, 34, 32, 30, 28, 26, 24, 22, 20, 86, 84, 82, 80, 78, 76, 74)
# PATH  [((1, 203246644), (1, 203015763), True), ((1, 203015763), (1, 203015412), False), ((1, 203015412), (1, 202869943), True), ((1, 202869943), (1, 202869731), True), ((1, 202869731), (1, 202862653), True), ((1, 202862653), (1, 202709642), True), ((1, 202709642), (1, 202709433), True), ((1, 202709433), (1, 202427731), True), ((1, 202427731), (1, 205219579), False), ((1, 205219579), (1, 205098379), True), ((1, 205098379), (1, 205097026), True), ((1, 205097026), (1, 204978974), True), ((1, 204978974), (1, 204971128), True), ((1, 204971128), (1, 204833560), True), ((1, 204833560), (1, 204804717), True)]
# COLLAPSEDPATH  [[(1, 203246644), (1, 203015763), True], [(1, 203015763), (1, 203015412), False], [(1, 203015412), (1, 202427731), True], [(1, 202427731), (1, 205219579), False], [(1, 205219579), (1, 204804717), True]]
[((1, 204804717), (1, 204833560), 0, 1.5), ((1, 203888194), (1, 204056467), 0, 0), ((2, 8921728), (2, 8931952), 0, 0), ((1, 202189702), (1, 202209755), 0, 0), ((2, 8864662), (2, 8912431), 0, 0), ((1, 204164224), (1, 204460185), 0, 0), ((1, 205098379), (1, 205219579), 0, 1.5), ((1, 204833560), (1, 204971128), 0, 1.5), ((2, 8917257), (2, 8921728), 0, 0), ((2, 15743871), (2, 15744183), 0, 0), ((2, 8848699), (2, 8864662), 0, 0), ((1, 203266639), (1, 203369070), 0, 0), ((1, 204971128), (1, 204978974), 0, 1.5), ((1, 202209755), (1, 202215128), 0, 0), ((1, 203739600), (1, 203739603), 0, 0), ((1, 202709433), (1, 202709642), 0, 1.5), ((1, 201862828), (1, 202189702), 0, 0), ((1, 202869943), (1, 203015412), 0, 1.5), ((2, 16086121), (2, 16086525), 0, 0), ((1, 204978974), (1, 205097026), 0, 1.5), ((2, 8820428), (2, 8848699), 0, 0), ((1, 205221193), (1, 205356414), 0, 0), ((1, 204460185), (1, 204608941), 0, 0), ((1, 204163072), (1, 204164224), 0, 0), ((1, 202215128), (1, 202425257), 0, 0), ((1, 204720689), (1, 204804363), 0, 0), ((1, 203369070), (1, 203705025), 0, 0), ((1, 203705025), (1, 203739460), 0, 0), ((1, 202869731), (1, 202869943), 0, 1.5), ((2, 8931952), (2, 8963783), 0, 0), ((1, 202862653), (1, 202869731), 0, 1.5), ((2, 16073416), (2, 16086121), 0, 0), ((1, 203015763), (1, 203246644), 0, 1.5), ((1, 205097026), (1, 205098379), 0, 1.5), ((1, 203739460), (1, 203739600), 0, 0), ((1, 204056467), (1, 204060723), 0, 0), ((2, 16086525), (2, 16170477), 0, 0), ((1, 204060723), (1, 204098935), 0, 0), ((2, 16170477), (2, 16174542), 0, 0), ((1, 202427731), (1, 202709433), 0, 1.5), ((1, 202709642), (1, 202862653), 0, 1.5), ((1, 204099353), (1, 204163072), 0, 0), ((2, 8912431), (2, 8917257), 0, 0), ((1, 203739603), (1, 203888194), 0, 0), ((1, 204804363), (1, 204804717), 0, 0), ((1, 204625362), (1, 204720689), 0, 0), ((1, 202427657), (1, 202427731), 0, 0)]
[((1, 202869943), (1, 204056467), 2, 0), ((1, 204163072), (1, 204460185), 2, 0), ((2, 8917257), (2, 8921728), 0, 0), ((1, 203015412), (1, 203015763), 0, 1.5), ((1, 202427731), (1, 205219579), 1, 1.5), ((2, 8963783), (2, 15743871), 0, 0), ((1, 204971128), (1, 204978974), 0, 0.0), ((1, 202209755), (1, 202215128), 0, 0), ((1, 202709433), (1, 202709642), 0, 0.0), ((1, 203266639), (1, 204804363), 1, 0), ((1, 203705025), (2, 16170477), 1, 0), ((1, 204608941), (2, 8931952), 0, 0), ((2, 15744183), (2, 16073416), 0, 0), ((1, 201862828), (1, 205356414), 1, 0), ((1, 202425257), (1, 204804717), 0, 0), ((1, 204098935), (1, 204099353), 0, 0), ((1, 205221193), (2, 16086121), 1, 0), ((1, 202862653), (1, 202869731), 0, 0.0), ((1, 203246644), (2, 8912431), 2, 0), ((2, 8848699), (2, 16086525), 0, 0), ((1, 205097026), (1, 205098379), 2, 0.0), ((1, 204720689), (1, 204833560), 0, 0), ((2, 8820428), (2, 16174542), 1, 0), ((1, 203369070), (1, 204164224), 0, 0), ((1, 202189702), (1, 204060723), 3, 0), ((1, 204625362), (2, 8864662), 3, 0)]
# INFOtemp solid_path_len 7
# NODEPATH (116, 114, 112, 110, 108, 106, 104)
# PATH  [((2, 16086525), (2, 16086121), True), ((2, 16086121), (2, 16073416), True), ((2, 16073416), (2, 15744183), False), ((2, 15744183), (2, 15743871), True), ((2, 15743871), (2, 8963783), False), ((2, 8963783), (2, 8931952), True)]
# COLLAPSEDPATH  [[(2, 16086525), (2, 16073416), True], [(2, 16073416), (2, 15744183), False], [(2, 15744183), (2, 15743871), True], [(2, 15743871), (2, 8963783), False], [(2, 8963783), (2, 8931952), True]]
[((1, 204804717), (1, 204833560), 0, 0), ((1, 203888194), (1, 204056467), 0, 0), ((2, 8921728), (2, 8931952), 0, 0), ((1, 202189702), (1, 202209755), 0, 0), ((2, 8864662), (2, 8912431), 0, 0), ((1, 204164224), (1, 204460185), 0, 0), ((1, 205098379), (1, 205219579), 0, 0), ((1, 204833560), (1, 204971128), 0, 0), ((2, 8917257), (2, 8921728), 0, 0), ((2, 15743871), (2, 15744183), 0, 1.5), ((2, 8848699), (2, 8864662), 0, 0), ((1, 203266639), (1, 203369070), 0, 0), ((1, 204971128), (1, 204978974), 0, 0), ((1, 202209755), (1, 202215128), 0, 0), ((1, 203739600), (1, 203739603), 0, 0), ((1, 202709433), (1, 202709642), 0, 0), ((1, 201862828), (1, 202189702), 0, 0), ((1, 202869943), (1, 203015412), 0, 0), ((2, 16086121), (2, 16086525), 0, 1.5), ((1, 204978974), (1, 205097026), 0, 0), ((2, 8820428), (2, 8848699), 0, 0), ((1, 205221193), (1, 205356414), 0, 0), ((1, 204460185), (1, 204608941), 0, 0), ((1, 204163072), (1, 204164224), 0, 0), ((1, 202215128), (1, 202425257), 0, 0), ((1, 204720689), (1, 204804363), 0, 0), ((1, 203369070), (1, 203705025), 0, 0), ((1, 203705025), (1, 203739460), 0, 0), ((1, 202869731), (1, 202869943), 0, 0), ((2, 8931952), (2, 8963783), 0, 1.5), ((1, 202862653), (1, 202869731), 0, 0), ((2, 16073416), (2, 16086121), 0, 1.5), ((1, 203015763), (1, 203246644), 0, 0), ((1, 205097026), (1, 205098379), 0, 0), ((1, 203739460), (1, 203739600), 0, 0), ((1, 204056467), (1, 204060723), 0, 0), ((2, 16086525), (2, 16170477), 0, 0), ((1, 204060723), (1, 204098935), 0, 0), ((2, 16170477), (2, 16174542), 0, 0), ((1, 202427731), (1, 202709433), 0, 0), ((1, 202709642), (1, 202862653), 0, 0), ((1, 204099353), (1, 204163072), 0, 0), ((2, 8912431), (2, 8917257), 0, 0), ((1, 203739603), (1, 203888194), 0, 0), ((1, 204804363), (1, 204804717), 0, 0), ((1, 204625362), (1, 204720689), 0, 0), ((1, 202427657), (1, 202427731), 0, 0)]
[((1, 202869943), (1, 204056467), 2, 0), ((1, 204163072), (1, 204460185), 2, 0), ((2, 8917257), (2, 8921728), 0, 0), ((1, 203015412), (1, 203015763), 0, 0), ((1, 202427731), (1, 205219579), 1, 0), ((2, 8963783), (2, 15743871), 0, 1.5), ((1, 204971128), (1, 204978974), 0, 0), ((1, 202209755), (1, 202215128), 0, 0), ((1, 202709433), (1, 202709642), 0, 0), ((1, 203266639), (1, 204804363), 1, 0), ((1, 203705025), (2, 16170477), 1, 0), ((1, 204608941), (2, 8931952), 0, 0), ((2, 15744183), (2, 16073416), 0, 1.5), ((1, 201862828), (1, 205356414), 1, 0), ((1, 202425257), (1, 204804717), 0, 0), ((1, 204098935), (1, 204099353), 0, 0), ((1, 205221193), (2, 16086121), 1, 0), ((1, 202862653), (1, 202869731), 0, 0), ((1, 203246644), (2, 8912431), 2, 0), ((2, 8848699), (2, 16086525), 0, 0), ((1, 205097026), (1, 205098379), 2, 0), ((1, 204720689), (1, 204833560), 0, 0), ((2, 8820428), (2, 16174542), 1, 0), ((1, 203369070), (1, 204164224), 0, 0), ((1, 202189702), (1, 204060723), 3, 0), ((1, 204625362), (2, 8864662), 3, 0)]
# INFOtemp solid_path_len 6
# NODEPATH (96, 94, 92, 120, 118, 116)
# PATH  [((2, 8864662), (2, 8848699), True), ((2, 8848699), (2, 8820428), True), ((2, 8820428), (2, 16174542), False), ((2, 16174542), (2, 16170477), True), ((2, 16170477), (2, 16086525), True)]
# COLLAPSEDPATH  [[(2, 8864662), (2, 8820428), True], [(2, 8820428), (2, 16174542), False], [(2, 16174542), (2, 16086525), True]]
[((1, 204804717), (1, 204833560), 0, 0), ((1, 203888194), (1, 204056467), 0, 0), ((2, 8921728), (2, 8931952), 0, 0), ((1, 202189702), (1, 202209755), 0, 0), ((2, 8864662), (2, 8912431), 0, 0), ((1, 204164224), (1, 204460185), 0, 0), ((1, 205098379), (1, 205219579), 0, 0), ((1, 204833560), (1, 204971128), 0, 0), ((2, 8917257), (2, 8921728), 0, 0), ((2, 15743871), (2, 15744183), 0, 0), ((2, 8848699), (2, 8864662), 0, 1.5), ((1, 203266639), (1, 203369070), 0, 0), ((1, 204971128), (1, 204978974), 0, 0), ((1, 202209755), (1, 202215128), 0, 0), ((1, 203739600), (1, 203739603), 0, 0), ((1, 202709433), (1, 202709642), 0, 0), ((1, 201862828), (1, 202189702), 0, 0), ((1, 202869943), (1, 203015412), 0, 0), ((2, 16086121), (2, 16086525), 0, 0), ((1, 204978974), (1, 205097026), 0, 0), ((2, 8820428), (2, 8848699), 0, 1.5), ((1, 205221193), (1, 205356414), 0, 0), ((1, 204460185), (1, 204608941), 0, 0), ((1, 204163072), (1, 204164224), 0, 0), ((1, 202215128), (1, 202425257), 0, 0), ((1, 204720689), (1, 204804363), 0, 0), ((1, 203369070), (1, 203705025), 0, 0), ((1, 203705025), (1, 203739460), 0, 0), ((1, 202869731), (1, 202869943), 0, 0), ((2, 8931952), (2, 8963783), 0, 0), ((1, 202862653), (1, 202869731), 0, 0), ((2, 16073416), (2, 16086121), 0, 0), ((1, 203015763), (1, 203246644), 0, 0), ((1, 205097026), (1, 205098379), 0, 0), ((1, 203739460), (1, 203739600), 0, 0), ((1, 204056467), (1, 204060723), 0, 0), ((2, 16086525), (2, 16170477), 0, 1.5), ((1, 204060723), (1, 204098935), 0, 0), ((2, 16170477), (2, 16174542), 0, 1.5), ((1, 202427731), (1, 202709433), 0, 0), ((1, 202709642), (1, 202862653), 0, 0), ((1, 204099353), (1, 204163072), 0, 0), ((2, 8912431), (2, 8917257), 0, 0), ((1, 203739603), (1, 203888194), 0, 0), ((1, 204804363), (1, 204804717), 0, 0), ((1, 204625362), (1, 204720689), 0, 0), ((1, 202427657), (1, 202427731), 0, 0)]
[((1, 202869943), (1, 204056467), 2, 0), ((1, 204163072), (1, 204460185), 2, 0), ((2, 8917257), (2, 8921728), 0, 0), ((1, 203015412), (1, 203015763), 0, 0), ((1, 202427731), (1, 205219579), 1, 0), ((2, 8963783), (2, 15743871), 0, 0), ((1, 204971128), (1, 204978974), 0, 0), ((1, 202209755), (1, 202215128), 0, 0), ((1, 202709433), (1, 202709642), 0, 0), ((1, 203266639), (1, 204804363), 1, 0), ((1, 203705025), (2, 16170477), 1, 0), ((1, 204608941), (2, 8931952), 0, 0), ((2, 15744183), (2, 16073416), 0, 0), ((1, 201862828), (1, 205356414), 1, 0), ((1, 202425257), (1, 204804717), 0, 0), ((1, 204098935), (1, 204099353), 0, 0), ((1, 205221193), (2, 16086121), 1, 0), ((1, 202862653), (1, 202869731), 0, 0), ((1, 203246644), (2, 8912431), 2, 0), ((2, 8848699), (2, 16086525), 0, 0), ((1, 205097026), (1, 205098379), 2, 0), ((1, 204720689), (1, 204833560), 0, 0), ((2, 8820428), (2, 16174542), 1, 1.5), ((1, 203369070), (1, 204164224), 0, 0), ((1, 202189702), (1, 204060723), 3, 0), ((1, 204625362), (2, 8864662), 3, 0)]
# INFOtemp solid_path_len 3
# NODEPATH (113, 115, 117)
# PATH  [((2, 16086121), (2, 16086525), True), ((2, 16086525), (2, 16170477), True)]
# COLLAPSEDPATH  [[(2, 16086121), (2, 16170477), True]]
[((1, 204804717), (1, 204833560), 0, 0), ((1, 203888194), (1, 204056467), 0, 0), ((2, 8921728), (2, 8931952), 0, 0), ((1, 202189702), (1, 202209755), 0, 0), ((2, 8864662), (2, 8912431), 0, 0), ((1, 204164224), (1, 204460185), 0, 0), ((1, 205098379), (1, 205219579), 0, 0), ((1, 204833560), (1, 204971128), 0, 0), ((2, 8917257), (2, 8921728), 0, 0), ((2, 15743871), (2, 15744183), 0, 0), ((2, 8848699), (2, 8864662), 0, 0), ((1, 203266639), (1, 203369070), 0, 0), ((1, 204971128), (1, 204978974), 0, 0), ((1, 202209755), (1, 202215128), 0, 0), ((1, 203739600), (1, 203739603), 0, 0), ((1, 202709433), (1, 202709642), 0, 0), ((1, 201862828), (1, 202189702), 0, 0), ((1, 202869943), (1, 203015412), 0, 0), ((2, 16086121), (2, 16086525), 0, 1.5), ((1, 204978974), (1, 205097026), 0, 0), ((2, 8820428), (2, 8848699), 0, 0), ((1, 205221193), (1, 205356414), 0, 0), ((1, 204460185), (1, 204608941), 0, 0), ((1, 204163072), (1, 204164224), 0, 0), ((1, 202215128), (1, 202425257), 0, 0), ((1, 204720689), (1, 204804363), 0, 0), ((1, 203369070), (1, 203705025), 0, 0), ((1, 203705025), (1, 203739460), 0, 0), ((1, 202869731), (1, 202869943), 0, 0), ((2, 8931952), (2, 8963783), 0, 0), ((1, 202862653), (1, 202869731), 0, 0), ((2, 16073416), (2, 16086121), 0, 0), ((1, 203015763), (1, 203246644), 0, 0), ((1, 205097026), (1, 205098379), 0, 0), ((1, 203739460), (1, 203739600), 0, 0), ((1, 204056467), (1, 204060723), 0, 0), ((2, 16086525), (2, 16170477), 0, 1.5), ((1, 204060723), (1, 204098935), 0, 0), ((2, 16170477), (2, 16174542), 0, 0), ((1, 202427731), (1, 202709433), 0, 0), ((1, 202709642), (1, 202862653), 0, 0), ((1, 204099353), (1, 204163072), 0, 0), ((2, 8912431), (2, 8917257), 0, 0), ((1, 203739603), (1, 203888194), 0, 0), ((1, 204804363), (1, 204804717), 0, 0), ((1, 204625362), (1, 204720689), 0, 0), ((1, 202427657), (1, 202427731), 0, 0)]
[((1, 202869943), (1, 204056467), 2, 0), ((1, 204163072), (1, 204460185), 2, 0), ((2, 8917257), (2, 8921728), 0, 0), ((1, 203015412), (1, 203015763), 0, 0), ((1, 202427731), (1, 205219579), 1, 0), ((2, 8963783), (2, 15743871), 0, 0), ((1, 204971128), (1, 204978974), 0, 0), ((1, 202209755), (1, 202215128), 0, 0), ((1, 202709433), (1, 202709642), 0, 0), ((1, 203266639), (1, 204804363), 1, 0), ((1, 203705025), (2, 16170477), 1, 0), ((1, 204608941), (2, 8931952), 0, 0), ((2, 15744183), (2, 16073416), 0, 0), ((1, 201862828), (1, 205356414), 1, 0), ((1, 202425257), (1, 204804717), 0, 0), ((1, 204098935), (1, 204099353), 0, 0), ((1, 205221193), (2, 16086121), 1, 0), ((1, 202862653), (1, 202869731), 0, 0), ((1, 203246644), (2, 8912431), 2, 0), ((2, 8848699), (2, 16086525), 0, 0), ((1, 205097026), (1, 205098379), 2, 0), ((1, 204720689), (1, 204833560), 0, 0), ((2, 8820428), (2, 16174542), 1, 0), ((1, 203369070), (1, 204164224), 0, 0), ((1, 202189702), (1, 204060723), 3, 0), ((1, 204625362), (2, 8864662), 3, 0)]
# INFOtemp solid_path_len 9
# NODEPATH (97, 99, 101, 103, 105, 107, 109, 111, 113)
# PATH  [((2, 8912431), (2, 8917257), True), ((2, 8917257), (2, 8921728), True), ((2, 8921728), (2, 8931952), True), ((2, 8931952), (2, 8963783), True), ((2, 8963783), (2, 15743871), False), ((2, 15743871), (2, 15744183), True), ((2, 15744183), (2, 16073416), False), ((2, 16073416), (2, 16086121), True)]
# COLLAPSEDPATH  [[(2, 8912431), (2, 8963783), True], [(2, 8963783), (2, 15743871), False], [(2, 15743871), (2, 15744183), True], [(2, 15744183), (2, 16073416), False], [(2, 16073416), (2, 16086121), True]]
[((1, 204804717), (1, 204833560), 0, 0), ((1, 203888194), (1, 204056467), 0, 0), ((2, 8921728), (2, 8931952), 0, 1.5), ((1, 202189702), (1, 202209755), 0, 0), ((2, 8864662), (2, 8912431), 0, 0), ((1, 204164224), (1, 204460185), 0, 0), ((1, 205098379), (1, 205219579), 0, 0), ((1, 204833560), (1, 204971128), 0, 0), ((2, 8917257), (2, 8921728), 0, 1.5), ((2, 15743871), (2, 15744183), 0, 1.5), ((2, 8848699), (2, 8864662), 0, 0), ((1, 203266639), (1, 203369070), 0, 0), ((1, 204971128), (1, 204978974), 0, 0), ((1, 202209755), (1, 202215128), 0, 0), ((1, 203739600), (1, 203739603), 0, 0), ((1, 202709433), (1, 202709642), 0, 0), ((1, 201862828), (1, 202189702), 0, 0), ((1, 202869943), (1, 203015412), 0, 0), ((2, 16086121), (2, 16086525), 0, 0), ((1, 204978974), (1, 205097026), 0, 0), ((2, 8820428), (2, 8848699), 0, 0), ((1, 205221193), (1, 205356414), 0, 0), ((1, 204460185), (1, 204608941), 0, 0), ((1, 204163072), (1, 204164224), 0, 0), ((1, 202215128), (1, 202425257), 0, 0), ((1, 204720689), (1, 204804363), 0, 0), ((1, 203369070), (1, 203705025), 0, 0), ((1, 203705025), (1, 203739460), 0, 0), ((1, 202869731), (1, 202869943), 0, 0), ((2, 8931952), (2, 8963783), 0, 1.5), ((1, 202862653), (1, 202869731), 0, 0), ((2, 16073416), (2, 16086121), 0, 1.5), ((1, 203015763), (1, 203246644), 0, 0), ((1, 205097026), (1, 205098379), 0, 0), ((1, 203739460), (1, 203739600), 0, 0), ((1, 204056467), (1, 204060723), 0, 0), ((2, 16086525), (2, 16170477), 0, 0), ((1, 204060723), (1, 204098935), 0, 0), ((2, 16170477), (2, 16174542), 0, 0), ((1, 202427731), (1, 202709433), 0, 0), ((1, 202709642), (1, 202862653), 0, 0), ((1, 204099353), (1, 204163072), 0, 0), ((2, 8912431), (2, 8917257), 0, 1.5), ((1, 203739603), (1, 203888194), 0, 0), ((1, 204804363), (1, 204804717), 0, 0), ((1, 204625362), (1, 204720689), 0, 0), ((1, 202427657), (1, 202427731), 0, 0)]
[((1, 202869943), (1, 204056467), 2, 0), ((1, 204163072), (1, 204460185), 2, 0), ((2, 8917257), (2, 8921728), 0, 0.0), ((1, 203015412), (1, 203015763), 0, 0), ((1, 202427731), (1, 205219579), 1, 0), ((2, 8963783), (2, 15743871), 0, 1.5), ((1, 204971128), (1, 204978974), 0, 0), ((1, 202209755), (1, 202215128), 0, 0), ((1, 202709433), (1, 202709642), 0, 0), ((1, 203266639), (1, 204804363), 1, 0), ((1, 203705025), (2, 16170477), 1, 0), ((1, 204608941), (2, 8931952), 0, 0), ((2, 15744183), (2, 16073416), 0, 1.5), ((1, 201862828), (1, 205356414), 1, 0), ((1, 202425257), (1, 204804717), 0, 0), ((1, 204098935), (1, 204099353), 0, 0), ((1, 205221193), (2, 16086121), 1, 0), ((1, 202862653), (1, 202869731), 0, 0), ((1, 203246644), (2, 8912431), 2, 0), ((2, 8848699), (2, 16086525), 0, 0), ((1, 205097026), (1, 205098379), 2, 0), ((1, 204720689), (1, 204833560), 0, 0), ((2, 8820428), (2, 16174542), 1, 0), ((1, 203369070), (1, 204164224), 0, 0), ((1, 202189702), (1, 204060723), 3, 0), ((1, 204625362), (2, 8864662), 3, 0)]
# INFOtemp solid_path_len 3
# NODEPATH (59, 61, 63)
# PATH  [((1, 204163072), (1, 204164224), True), ((1, 204164224), (1, 204460185), True)]
# COLLAPSEDPATH  [[(1, 204163072), (1, 204460185), True]]
[((1, 204804717), (1, 204833560), 0, 0), ((1, 203888194), (1, 204056467), 0, 0), ((2, 8921728), (2, 8931952), 0, 0), ((1, 202189702), (1, 202209755), 0, 0), ((2, 8864662), (2, 8912431), 0, 0), ((1, 204164224), (1, 204460185), 0, 1.5), ((1, 205098379), (1, 205219579), 0, 0), ((1, 204833560), (1, 204971128), 0, 0), ((2, 8917257), (2, 8921728), 0, 0), ((2, 15743871), (2, 15744183), 0, 0), ((2, 8848699), (2, 8864662), 0, 0), ((1, 203266639), (1, 203369070), 0, 0), ((1, 204971128), (1, 204978974), 0, 0), ((1, 202209755), (1, 202215128), 0, 0), ((1, 203739600), (1, 203739603), 0, 0), ((1, 202709433), (1, 202709642), 0, 0), ((1, 201862828), (1, 202189702), 0, 0), ((1, 202869943), (1, 203015412), 0, 0), ((2, 16086121), (2, 16086525), 0, 0), ((1, 204978974), (1, 205097026), 0, 0), ((2, 8820428), (2, 8848699), 0, 0), ((1, 205221193), (1, 205356414), 0, 0), ((1, 204460185), (1, 204608941), 0, 0), ((1, 204163072), (1, 204164224), 0, 1.5), ((1, 202215128), (1, 202425257), 0, 0), ((1, 204720689), (1, 204804363), 0, 0), ((1, 203369070), (1, 203705025), 0, 0), ((1, 203705025), (1, 203739460), 0, 0), ((1, 202869731), (1, 202869943), 0, 0), ((2, 8931952), (2, 8963783), 0, 0), ((1, 202862653), (1, 202869731), 0, 0), ((2, 16073416), (2, 16086121), 0, 0), ((1, 203015763), (1, 203246644), 0, 0), ((1, 205097026), (1, 205098379), 0, 0), ((1, 203739460), (1, 203739600), 0, 0), ((1, 204056467), (1, 204060723), 0, 0), ((2, 16086525), (2, 16170477), 0, 0), ((1, 204060723), (1, 204098935), 0, 0), ((2, 16170477), (2, 16174542), 0, 0), ((1, 202427731), (1, 202709433), 0, 0), ((1, 202709642), (1, 202862653), 0, 0), ((1, 204099353), (1, 204163072), 0, 0), ((2, 8912431), (2, 8917257), 0, 0), ((1, 203739603), (1, 203888194), 0, 0), ((1, 204804363), (1, 204804717), 0, 0), ((1, 204625362), (1, 204720689), 0, 0), ((1, 202427657), (1, 202427731), 0, 0)]
[((1, 202869943), (1, 204056467), 2, 0), ((1, 204163072), (1, 204460185), 2, 0), ((2, 8917257), (2, 8921728), 0, 0), ((1, 203015412), (1, 203015763), 0, 0), ((1, 202427731), (1, 205219579), 1, 0), ((2, 8963783), (2, 15743871), 0, 0), ((1, 204971128), (1, 204978974), 0, 0), ((1, 202209755), (1, 202215128), 0, 0), ((1, 202709433), (1, 202709642), 0, 0), ((1, 203266639), (1, 204804363), 1, 0), ((1, 203705025), (2, 16170477), 1, 0), ((1, 204608941), (2, 8931952), 0, 0), ((2, 15744183), (2, 16073416), 0, 0), ((1, 201862828), (1, 205356414), 1, 0), ((1, 202425257), (1, 204804717), 0, 0), ((1, 204098935), (1, 204099353), 0, 0), ((1, 205221193), (2, 16086121), 1, 0), ((1, 202862653), (1, 202869731), 0, 0), ((1, 203246644), (2, 8912431), 2, 0), ((2, 8848699), (2, 16086525), 0, 0), ((1, 205097026), (1, 205098379), 2, 0), ((1, 204720689), (1, 204833560), 0, 0), ((2, 8820428), (2, 16174542), 1, 0), ((1, 203369070), (1, 204164224), 0, 0), ((1, 202189702), (1, 204060723), 3, 0), ((1, 204625362), (2, 8864662), 3, 0)]
# INFOtemp solid_path_len 10
# NODEPATH (10, 8, 90, 88, 114, 112, 110, 108, 106, 104)
# PATH  [((1, 202189702), (1, 201862828), True), ((1, 201862828), (1, 205356414), False), ((1, 205356414), (1, 205221193), True), ((1, 205221193), (2, 16086121), False), ((2, 16086121), (2, 16073416), True), ((2, 16073416), (2, 15744183), False), ((2, 15744183), (2, 15743871), True), ((2, 15743871), (2, 8963783), False), ((2, 8963783), (2, 8931952), True)]
# COLLAPSEDPATH  [[(1, 202189702), (1, 201862828), True], [(1, 201862828), (1, 205356414), False], [(1, 205356414), (1, 205221193), True], [(1, 205221193), (2, 16086121), False], [(2, 16086121), (2, 16073416), True], [(2, 16073416), (2, 15744183), False], [(2, 15744183), (2, 15743871), True], [(2, 15743871), (2, 8963783), False], [(2, 8963783), (2, 8931952), True]]
[((1, 204804717), (1, 204833560), 0, 0), ((1, 203888194), (1, 204056467), 0, 0), ((2, 8921728), (2, 8931952), 0, 0), ((1, 202189702), (1, 202209755), 0, 0), ((2, 8864662), (2, 8912431), 0, 0), ((1, 204164224), (1, 204460185), 0, 0), ((1, 205098379), (1, 205219579), 0, 0), ((1, 204833560), (1, 204971128), 0, 0), ((2, 8917257), (2, 8921728), 0, 0), ((2, 15743871), (2, 15744183), 0, 1.5), ((2, 8848699), (2, 8864662), 0, 0), ((1, 203266639), (1, 203369070), 0, 0), ((1, 204971128), (1, 204978974), 0, 0), ((1, 202209755), (1, 202215128), 0, 0), ((1, 203739600), (1, 203739603), 0, 0), ((1, 202709433), (1, 202709642), 0, 0), ((1, 201862828), (1, 202189702), 0, 1.5), ((1, 202869943), (1, 203015412), 0, 0), ((2, 16086121), (2, 16086525), 0, 0), ((1, 204978974), (1, 205097026), 0, 0), ((2, 8820428), (2, 8848699), 0, 0), ((1, 205221193), (1, 205356414), 0, 1.5), ((1, 204460185), (1, 204608941), 0, 0), ((1, 204163072), (1, 204164224), 0, 0), ((1, 202215128), (1, 202425257), 0, 0), ((1, 204720689), (1, 204804363), 0, 0), ((1, 203369070), (1, 203705025), 0, 0), ((1, 203705025), (1, 203739460), 0, 0), ((1, 202869731), (1, 202869943), 0, 0), ((2, 8931952), (2, 8963783), 0, 1.5), ((1, 202862653), (1, 202869731), 0, 0), ((2, 16073416), (2, 16086121), 0, 1.5), ((1, 203015763), (1, 203246644), 0, 0), ((1, 205097026), (1, 205098379), 0, 0), ((1, 203739460), (1, 203739600), 0, 0), ((1, 204056467), (1, 204060723), 0, 0), ((2, 16086525), (2, 16170477), 0, 0), ((1, 204060723), (1, 204098935), 0, 0), ((2, 16170477), (2, 16174542), 0, 0), ((1, 202427731), (1, 202709433), 0, 0), ((1, 202709642), (1, 202862653), 0, 0), ((1, 204099353), (1, 204163072), 0, 0), ((2, 8912431), (2, 8917257), 0, 0), ((1, 203739603), (1, 203888194), 0, 0), ((1, 204804363), (1, 204804717), 0, 0), ((1, 204625362), (1, 204720689), 0, 0), ((1, 202427657), (1, 202427731), 0, 0)]
[((1, 202869943), (1, 204056467), 2, 0), ((1, 204163072), (1, 204460185), 2, 0), ((2, 8917257), (2, 8921728), 0, 0), ((1, 203015412), (1, 203015763), 0, 0), ((1, 202427731), (1, 205219579), 1, 0), ((2, 8963783), (2, 15743871), 0, 1.5), ((1, 204971128), (1, 204978974), 0, 0), ((1, 202209755), (1, 202215128), 0, 0), ((1, 202709433), (1, 202709642), 0, 0), ((1, 203266639), (1, 204804363), 1, 0), ((1, 203705025), (2, 16170477), 1, 0), ((1, 204608941), (2, 8931952), 0, 0), ((2, 15744183), (2, 16073416), 0, 1.5), ((1, 201862828), (1, 205356414), 1, 1.5), ((1, 202425257), (1, 204804717), 0, 0), ((1, 204098935), (1, 204099353), 0, 0), ((1, 205221193), (2, 16086121), 1, 1.5), ((1, 202862653), (1, 202869731), 0, 0), ((1, 203246644), (2, 8912431), 2, 0), ((2, 8848699), (2, 16086525), 0, 0), ((1, 205097026), (1, 205098379), 2, 0), ((1, 204720689), (1, 204833560), 0, 0), ((2, 8820428), (2, 16174542), 1, 0), ((1, 203369070), (1, 204164224), 0, 0), ((1, 202189702), (1, 204060723), 3, 0), ((1, 204625362), (2, 8864662), 3, 0)]
# INFOtemp solid_path_len 14
# NODEPATH (71, 73, 75, 77, 79, 81, 83, 85, 19, 21, 23, 25, 27, 29)
# PATH  [((1, 204804363), (1, 204804717), True), ((1, 204804717), (1, 204833560), True), ((1, 204833560), (1, 204971128), True), ((1, 204971128), (1, 204978974), True), ((1, 204978974), (1, 205097026), True), ((1, 205097026), (1, 205098379), True), ((1, 205098379), (1, 205219579), True), ((1, 205219579), (1, 202427731), False), ((1, 202427731), (1, 202709433), True), ((1, 202709433), (1, 202709642), True), ((1, 202709642), (1, 202862653), True), ((1, 202862653), (1, 202869731), True), ((1, 202869731), (1, 202869943), True)]
# COLLAPSEDPATH  [[(1, 204804363), (1, 205219579), True], [(1, 205219579), (1, 202427731), False], [(1, 202427731), (1, 202869943), True]]
[((1, 204804717), (1, 204833560), 0, 1.5), ((1, 203888194), (1, 204056467), 0, 0), ((2, 8921728), (2, 8931952), 0, 0), ((1, 202189702), (1, 202209755), 0, 0), ((2, 8864662), (2, 8912431), 0, 0), ((1, 204164224), (1, 204460185), 0, 0), ((1, 205098379), (1, 205219579), 0, 1.5), ((1, 204833560), (1, 204971128), 0, 1.5), ((2, 8917257), (2, 8921728), 0, 0), ((2, 15743871), (2, 15744183), 0, 0), ((2, 8848699), (2, 8864662), 0, 0), ((1, 203266639), (1, 203369070), 0, 0), ((1, 204971128), (1, 204978974), 0, 1.5), ((1, 202209755), (1, 202215128), 0, 0), ((1, 203739600), (1, 203739603), 0, 0), ((1, 202709433), (1, 202709642), 0, 1.5), ((1, 201862828), (1, 202189702), 0, 0), ((1, 202869943), (1, 203015412), 0, 0), ((2, 16086121), (2, 16086525), 0, 0), ((1, 204978974), (1, 205097026), 0, 1.5), ((2, 8820428), (2, 8848699), 0, 0), ((1, 205221193), (1, 205356414), 0, 0), ((1, 204460185), (1, 204608941), 0, 0), ((1, 204163072), (1, 204164224), 0, 0), ((1, 202215128), (1, 202425257), 0, 0), ((1, 204720689), (1, 204804363), 0, 0), ((1, 203369070), (1, 203705025), 0, 0), ((1, 203705025), (1, 203739460), 0, 0), ((1, 202869731), (1, 202869943), 0, 1.5), ((2, 8931952), (2, 8963783), 0, 0), ((1, 202862653), (1, 202869731), 0, 1.5), ((2, 16073416), (2, 16086121), 0, 0), ((1, 203015763), (1, 203246644), 0, 0), ((1, 205097026), (1, 205098379), 0, 1.5), ((1, 203739460), (1, 203739600), 0, 0), ((1, 204056467), (1, 204060723), 0, 0), ((2, 16086525), (2, 16170477), 0, 0), ((1, 204060723), (1, 204098935), 0, 0), ((2, 16170477), (2, 16174542), 0, 0), ((1, 202427731), (1, 202709433), 0, 1.5), ((1, 202709642), (1, 202862653), 0, 1.5), ((1, 204099353), (1, 204163072), 0, 0), ((2, 8912431), (2, 8917257), 0, 0), ((1, 203739603), (1, 203888194), 0, 0), ((1, 204804363), (1, 204804717), 0, 1.5), ((1, 204625362), (1, 204720689), 0, 0), ((1, 202427657), (1, 202427731), 0, 0)]
[((1, 202869943), (1, 204056467), 2, 0), ((1, 204163072), (1, 204460185), 2, 0), ((2, 8917257), (2, 8921728), 0, 0), ((1, 203015412), (1, 203015763), 0, 0), ((1, 202427731), (1, 205219579), 1, 1.5), ((2, 8963783), (2, 15743871), 0, 0), ((1, 204971128), (1, 204978974), 0, 0.0), ((1, 202209755), (1, 202215128), 0, 0), ((1, 202709433), (1, 202709642), 0, 0.0), ((1, 203266639), (1, 204804363), 1, 0), ((1, 203705025), (2, 16170477), 1, 0), ((1, 204608941), (2, 8931952), 0, 0), ((2, 15744183), (2, 16073416), 0, 0), ((1, 201862828), (1, 205356414), 1, 0), ((1, 202425257), (1, 204804717), 0, 0), ((1, 204098935), (1, 204099353), 0, 0), ((1, 205221193), (2, 16086121), 1, 0), ((1, 202862653), (1, 202869731), 0, 0.0), ((1, 203246644), (2, 8912431), 2, 0), ((2, 8848699), (2, 16086525), 0, 0), ((1, 205097026), (1, 205098379), 2, 0.0), ((1, 204720689), (1, 204833560), 0, 0), ((2, 8820428), (2, 16174542), 1, 0), ((1, 203369070), (1, 204164224), 0, 0), ((1, 202189702), (1, 204060723), 3, 0), ((1, 204625362), (2, 8864662), 3, 0)]
# INFOtemp solid_path_len 3
# NODEPATH (93, 95, 97)
# PATH  [((2, 8848699), (2, 8864662), True), ((2, 8864662), (2, 8912431), True)]
# COLLAPSEDPATH  [[(2, 8848699), (2, 8912431), True]]
[((1, 204804717), (1, 204833560), 0, 0), ((1, 203888194), (1, 204056467), 0, 0), ((2, 8921728), (2, 8931952), 0, 0), ((1, 202189702), (1, 202209755), 0, 0), ((2, 8864662), (2, 8912431), 0, 1.5), ((1, 204164224), (1, 204460185), 0, 0), ((1, 205098379), (1, 205219579), 0, 0), ((1, 204833560), (1, 204971128), 0, 0), ((2, 8917257), (2, 8921728), 0, 0), ((2, 15743871), (2, 15744183), 0, 0), ((2, 8848699), (2, 8864662), 0, 1.5), ((1, 203266639), (1, 203369070), 0, 0), ((1, 204971128), (1, 204978974), 0, 0), ((1, 202209755), (1, 202215128), 0, 0), ((1, 203739600), (1, 203739603), 0, 0), ((1, 202709433), (1, 202709642), 0, 0), ((1, 201862828), (1, 202189702), 0, 0), ((1, 202869943), (1, 203015412), 0, 0), ((2, 16086121), (2, 16086525), 0, 0), ((1, 204978974), (1, 205097026), 0, 0), ((2, 8820428), (2, 8848699), 0, 0), ((1, 205221193), (1, 205356414), 0, 0), ((1, 204460185), (1, 204608941), 0, 0), ((1, 204163072), (1, 204164224), 0, 0), ((1, 202215128), (1, 202425257), 0, 0), ((1, 204720689), (1, 204804363), 0, 0), ((1, 203369070), (1, 203705025), 0, 0), ((1, 203705025), (1, 203739460), 0, 0), ((1, 202869731), (1, 202869943), 0, 0), ((2, 8931952), (2, 8963783), 0, 0), ((1, 202862653), (1, 202869731), 0, 0), ((2, 16073416), (2, 16086121), 0, 0), ((1, 203015763), (1, 203246644), 0, 0), ((1, 205097026), (1, 205098379), 0, 0), ((1, 203739460), (1, 203739600), 0, 0), ((1, 204056467), (1, 204060723), 0, 0), ((2, 16086525), (2, 16170477), 0, 0), ((1, 204060723), (1, 204098935), 0, 0), ((2, 16170477), (2, 16174542), 0, 0), ((1, 202427731), (1, 202709433), 0, 0), ((1, 202709642), (1, 202862653), 0, 0), ((1, 204099353), (1, 204163072), 0, 0), ((2, 8912431), (2, 8917257), 0, 0), ((1, 203739603), (1, 203888194), 0, 0), ((1, 204804363), (1, 204804717), 0, 0), ((1, 204625362), (1, 204720689), 0, 0), ((1, 202427657), (1, 202427731), 0, 0)]
[((1, 202869943), (1, 204056467), 2, 0), ((1, 204163072), (1, 204460185), 2, 0), ((2, 8917257), (2, 8921728), 0, 0), ((1, 203015412), (1, 203015763), 0, 0), ((1, 202427731), (1, 205219579), 1, 0), ((2, 8963783), (2, 15743871), 0, 0), ((1, 204971128), (1, 204978974), 0, 0), ((1, 202209755), (1, 202215128), 0, 0), ((1, 202709433), (1, 202709642), 0, 0), ((1, 203266639), (1, 204804363), 1, 0), ((1, 203705025), (2, 16170477), 1, 0), ((1, 204608941), (2, 8931952), 0, 0), ((2, 15744183), (2, 16073416), 0, 0), ((1, 201862828), (1, 205356414), 1, 0), ((1, 202425257), (1, 204804717), 0, 0), ((1, 204098935), (1, 204099353), 0, 0), ((1, 205221193), (2, 16086121), 1, 0), ((1, 202862653), (1, 202869731), 0, 0), ((1, 203246644), (2, 8912431), 2, 0), ((2, 8848699), (2, 16086525), 0, 0), ((1, 205097026), (1, 205098379), 2, 0), ((1, 204720689), (1, 204833560), 0, 0), ((2, 8820428), (2, 16174542), 1, 0), ((1, 203369070), (1, 204164224), 0, 0), ((1, 202189702), (1, 204060723), 3, 0), ((1, 204625362), (2, 8864662), 3, 0)]
# INFOtemp solid_path_len 4
# NODEPATH (117, 119, 91, 93)
# PATH  [((2, 16170477), (2, 16174542), True), ((2, 16174542), (2, 8820428), False), ((2, 8820428), (2, 8848699), True)]
# COLLAPSEDPATH  [[(2, 16170477), (2, 16174542), True], [(2, 16174542), (2, 8820428), False], [(2, 8820428), (2, 8848699), True]]
[((1, 204804717), (1, 204833560), 0, 0), ((1, 203888194), (1, 204056467), 0, 0), ((2, 8921728), (2, 8931952), 0, 0), ((1, 202189702), (1, 202209755), 0, 0), ((2, 8864662), (2, 8912431), 0, 0), ((1, 204164224), (1, 204460185), 0, 0), ((1, 205098379), (1, 205219579), 0, 0), ((1, 204833560), (1, 204971128), 0, 0), ((2, 8917257), (2, 8921728), 0, 0), ((2, 15743871), (2, 15744183), 0, 0), ((2, 8848699), (2, 8864662), 0, 0), ((1, 203266639), (1, 203369070), 0, 0), ((1, 204971128), (1, 204978974), 0, 0), ((1, 202209755), (1, 202215128), 0, 0), ((1, 203739600), (1, 203739603), 0, 0), ((1, 202709433), (1, 202709642), 0, 0), ((1, 201862828), (1, 202189702), 0, 0), ((1, 202869943), (1, 203015412), 0, 0), ((2, 16086121), (2, 16086525), 0, 0), ((1, 204978974), (1, 205097026), 0, 0), ((2, 8820428), (2, 8848699), 0, 1.5), ((1, 205221193), (1, 205356414), 0, 0), ((1, 204460185), (1, 204608941), 0, 0), ((1, 204163072), (1, 204164224), 0, 0), ((1, 202215128), (1, 202425257), 0, 0), ((1, 204720689), (1, 204804363), 0, 0), ((1, 203369070), (1, 203705025), 0, 0), ((1, 203705025), (1, 203739460), 0, 0), ((1, 202869731), (1, 202869943), 0, 0), ((2, 8931952), (2, 8963783), 0, 0), ((1, 202862653), (1, 202869731), 0, 0), ((2, 16073416), (2, 16086121), 0, 0), ((1, 203015763), (1, 203246644), 0, 0), ((1, 205097026), (1, 205098379), 0, 0), ((1, 203739460), (1, 203739600), 0, 0), ((1, 204056467), (1, 204060723), 0, 0), ((2, 16086525), (2, 16170477), 0, 0), ((1, 204060723), (1, 204098935), 0, 0), ((2, 16170477), (2, 16174542), 0, 1.5), ((1, 202427731), (1, 202709433), 0, 0), ((1, 202709642), (1, 202862653), 0, 0), ((1, 204099353), (1, 204163072), 0, 0), ((2, 8912431), (2, 8917257), 0, 0), ((1, 203739603), (1, 203888194), 0, 0), ((1, 204804363), (1, 204804717), 0, 0), ((1, 204625362), (1, 204720689), 0, 0), ((1, 202427657), (1, 202427731), 0, 0)]
[((1, 202869943), (1, 204056467), 2, 0), ((1, 204163072), (1, 204460185), 2, 0), ((2, 8917257), (2, 8921728), 0, 0), ((1, 203015412), (1, 203015763), 0, 0), ((1, 202427731), (1, 205219579), 1, 0), ((2, 8963783), (2, 15743871), 0, 0), ((1, 204971128), (1, 204978974), 0, 0), ((1, 202209755), (1, 202215128), 0, 0), ((1, 202709433), (1, 202709642), 0, 0), ((1, 203266639), (1, 204804363), 1, 0), ((1, 203705025), (2, 16170477), 1, 0), ((1, 204608941), (2, 8931952), 0, 0), ((2, 15744183), (2, 16073416), 0, 0), ((1, 201862828), (1, 205356414), 1, 0), ((1, 202425257), (1, 204804717), 0, 0), ((1, 204098935), (1, 204099353), 0, 0), ((1, 205221193), (2, 16086121), 1, 0), ((1, 202862653), (1, 202869731), 0, 0), ((1, 203246644), (2, 8912431), 2, 0), ((2, 8848699), (2, 16086525), 0, 0), ((1, 205097026), (1, 205098379), 2, 0), ((1, 204720689), (1, 204833560), 0, 0), ((2, 8820428), (2, 16174542), 1, 1.5), ((1, 203369070), (1, 204164224), 0, 0), ((1, 202189702), (1, 204060723), 3, 0), ((1, 204625362), (2, 8864662), 3, 0)]
# INFOtemp solid_path_len 8
# NODEPATH (42, 40, 38, 72, 70, 68, 95, 97)
# PATH  [((1, 203705025), (1, 203369070), True), ((1, 203369070), (1, 203266639), True), ((1, 203266639), (1, 204804363), False), ((1, 204804363), (1, 204720689), True), ((1, 204720689), (1, 204625362), True), ((1, 204625362), (2, 8864662), False), ((2, 8864662), (2, 8912431), True)]
# COLLAPSEDPATH  [[(1, 203705025), (1, 203266639), True], [(1, 203266639), (1, 204804363), False], [(1, 204804363), (1, 204625362), True], [(1, 204625362), (2, 8864662), False], [(2, 8864662), (2, 8912431), True]]
[((1, 204804717), (1, 204833560), 0, 0), ((1, 203888194), (1, 204056467), 0, 0), ((2, 8921728), (2, 8931952), 0, 0), ((1, 202189702), (1, 202209755), 0, 0), ((2, 8864662), (2, 8912431), 0, 1.5), ((1, 204164224), (1, 204460185), 0, 0), ((1, 205098379), (1, 205219579), 0, 0), ((1, 204833560), (1, 204971128), 0, 0), ((2, 8917257), (2, 8921728), 0, 0), ((2, 15743871), (2, 15744183), 0, 0), ((2, 8848699), (2, 8864662), 0, 0), ((1, 203266639), (1, 203369070), 0, 1.5), ((1, 204971128), (1, 204978974), 0, 0), ((1, 202209755), (1, 202215128), 0, 0), ((1, 203739600), (1, 203739603), 0, 0), ((1, 202709433), (1, 202709642), 0, 0), ((1, 201862828), (1, 202189702), 0, 0), ((1, 202869943), (1, 203015412), 0, 0), ((2, 16086121), (2, 16086525), 0, 0), ((1, 204978974), (1, 205097026), 0, 0), ((2, 8820428), (2, 8848699), 0, 0), ((1, 205221193), (1, 205356414), 0, 0), ((1, 204460185), (1, 204608941), 0, 0), ((1, 204163072), (1, 204164224), 0, 0), ((1, 202215128), (1, 202425257), 0, 0), ((1, 204720689), (1, 204804363), 0, 1.5), ((1, 203369070), (1, 203705025), 0, 1.5), ((1, 203705025), (1, 203739460), 0, 0), ((1, 202869731), (1, 202869943), 0, 0), ((2, 8931952), (2, 8963783), 0, 0), ((1, 202862653), (1, 202869731), 0, 0), ((2, 16073416), (2, 16086121), 0, 0), ((1, 203015763), (1, 203246644), 0, 0), ((1, 205097026), (1, 205098379), 0, 0), ((1, 203739460), (1, 203739600), 0, 0), ((1, 204056467), (1, 204060723), 0, 0), ((2, 16086525), (2, 16170477), 0, 0), ((1, 204060723), (1, 204098935), 0, 0), ((2, 16170477), (2, 16174542), 0, 0), ((1, 202427731), (1, 202709433), 0, 0), ((1, 202709642), (1, 202862653), 0, 0), ((1, 204099353), (1, 204163072), 0, 0), ((2, 8912431), (2, 8917257), 0, 0), ((1, 203739603), (1, 203888194), 0, 0), ((1, 204804363), (1, 204804717), 0, 0), ((1, 204625362), (1, 204720689), 0, 1.5), ((1, 202427657), (1, 202427731), 0, 0)]
[((1, 202869943), (1, 204056467), 2, 0), ((1, 204163072), (1, 204460185), 2, 0), ((2, 8917257), (2, 8921728), 0, 0), ((1, 203015412), (1, 203015763), 0, 0), ((1, 202427731), (1, 205219579), 1, 0), ((2, 8963783), (2, 15743871), 0, 0), ((1, 204971128), (1, 204978974), 0, 0), ((1, 202209755), (1, 202215128), 0, 0), ((1, 202709433), (1, 202709642), 0, 0), ((1, 203266639), (1, 204804363), 1, 1.5), ((1, 203705025), (2, 16170477), 1, 0), ((1, 204608941), (2, 8931952), 0, 0), ((2, 15744183), (2, 16073416), 0, 0), ((1, 201862828), (1, 205356414), 1, 0), ((1, 202425257), (1, 204804717), 0, 0), ((1, 204098935), (1, 204099353), 0, 0), ((1, 205221193), (2, 16086121), 1, 0), ((1, 202862653), (1, 202869731), 0, 0), ((1, 203246644), (2, 8912431), 2, 0), ((2, 8848699), (2, 16086525), 0, 0), ((1, 205097026), (1, 205098379), 2, 0), ((1, 204720689), (1, 204833560), 0, 0), ((2, 8820428), (2, 16174542), 1, 0), ((1, 203369070), (1, 204164224), 0, 0), ((1, 202189702), (1, 204060723), 3, 0), ((1, 204625362), (2, 8864662), 3, 1.5)]
