1 -118216634
2 -118220412
3 -118224142
4 -118227678
5 -118229296
6 -118230063
7 -118230788
8 -118231480
9 -118231870
10 -118232239
11 -118232390
12 -118232537
13 -118232666
14 -118232761
15 -118232837
16 -118232911
17 -118232972
18 -118233026
19 -118233071
20 -118233108
21 -118233142
22 -118233175
23 -118233208
24 -118233241
25 -118233274
26 -118233306
27 -118233338
28 -118233369
29 -118233400
30 -118233431
31 -118233461
32 -118233491
33 -118233520
34 -118233548
35 -118233576
36 -118233604
37 -118233631
38 -118233658
39 -118233684
40 -118233709
41 -118233733
42 -118233756
43 -118233779
44 -118233801
45 -118233821
46 -118233841
47 -118233860
48 -118233879
49 -118233897
50 -118233915
51 -118233932
52 -118233949
53 -118233966
54 -118233982
55 -118233998
56 -118234013
57 -118234028
58 -118234042
59 -118234056
60 -118234070
61 -118234083
62 -118234096
63 -118234108
64 -118234120
65 -118234131
66 -118234141
67 -118234151
68 -118234161
69 -118234171
70 -118234181
71 -118234191
72 -118234200
73 -118234209
74 -118234218
75 -118234227
76 -118234236
77 -118234244
78 -118234252
79 -118234260
80 -118234267
81 -118234274
82 -118234281
83 -118234287
84 -118234293
85 -118234298
86 -118234303
87 -118234308
88 -118234312
89 -118234316
90 -118234320
91 -118234324
92 -118234328
93 -118234332
94 -118234335
95 -118234338
96 -118234341
97 -118234344
98 -118234347
99 -118234350
100 -118234353
101 -118234356
102 -118234359
103 -118234362
104 -118234365
105 -118234368
106 -118234371
107 -118234374
108 -118234377
109 -118234379
110 -118234381
111 -118234383
112 -118234385
113 -118234387
114 -118234389
115 -118234391
116 -118234393
117 -118234395
118 -118234397
119 -118234399
120 -118234401
121 -118234403
122 -118234405
123 -118234406
124 -118234407
125 -118234408
126 -118234409
127 -118234410
128 -118234411
129 -118234412
130 -118234413
131 -118234414
132 -118234415
133 -118234416
134 -118234417
135 -118234418
136 -118234419
137 -118234420
138 -118234421
139 -118234422
140 -118234423
141 -118234424
142 -118234425
143 -118234426
144 -118234427
145 -118234428
146 -118234429
147 -118234430
148 -118234431
149 -118234432
150 -118234433
151 -118234434
152 -118234435
153 -118234435
154 -118234435
155 -118234435
156 -118234435
157 -118234435
158 -118234435
159 -118234435
160 -118234435
161 -118234435
162 -118234435
163 -118234435
164 -118234435
165 -118234435
166 -118234435
167 -118234435
168 -118234435
169 -118234435
170 -118234435
171 -118234435
172 -118234435
173 -118234435
174 -118234435
175 -118234435
176 -118234435
177 -118234435
178 -118234435
179 -118234435
180 -118234435
