c 0.00 time: cost: -118230788
c 120 nodes: arcs: 15808
c 12 scale-factor: cut-off-factor: 12.3
c 15 updates: u-scans: 1194
c 1800 dfs-scans: bad-in: 0 + 0
c 63893 pushes: relabels: 5319
c 7 p-refines: r-scans: 686
c 7 refines: discharges: 9075
c Commercial use requires a licence
f 100 102 1
f 100 102 1
f 100 102 1
f 100 102 1
f 100 102 1
f 100 102 1
f 100 102 1
f 100 102 1
f 100 102 1
f 100 102 1
f 100 102 1
f 100 102 1
f 100 102 1
f 100 102 1
f 100 102 1
f 100 102 1
f 100 102 1
f 100 102 1
f 100 102 1
f 100 102 1
f 100 102 1
f 100 102 1
f 100 102 1
f 100 102 1
f 100 102 1
f 100 102 1
f 100 102 1
f 100 102 1
f 100 102 1
f 100 102 1
f 100 102 1
f 100 102 1
f 100 102 1
f 100 102 1
f 100 102 1
f 100 102 1
f 100 102 1
f 100 102 1
f 100 102 1
f 100 102 1
f     101     103          1
f     101     103          1
f     101     103          1
f     101     103          1
f     101     103          1
f     101     103          1
f     101     103          1
f     101     103          1
f     101     103          1
f     101     103          1
f     101     103          1
f     101     103          1
f     101     103          1
f     101     103          1
f     101     103          1
f     101     103          1
f     101     103          1
f     101     103          1
f     101     103          1
f     101     103          1
f     101     103          1
f     101     103          1
f     101     103          1
f     101     103          1
f     101     103          1
f     101     103          1
f     101     103          1
f     101     103          1
f     101     103          1
f     101     103          1
f     101     103          1
f     101     103          1
f     101     103          1
f     101     103          1
f     101     103          1
f     101     103          1
f     101     103          1
f     101     103          1
f     101     103          1
f     101     103          1
f     101     103          1
f     101     103          1
f 10 12 1
f 10 12 1
f 10 12 1
f 10 12 1
f 10 12 1
f 10 12 1
f 10 12 1
f 10 12 1
f 10 12 1
f 10 12 1
f 10 12 1
f 10 12 1
f 10 12 1
f 10 12 1
f 10 12 1
f 10 12 1
f 10 12 1
f 10 12 1
f 10 12 1
f 10 12 1
f 10 12 1
f 10 12 1
f 10 12 1
f 10 12 1
f 10 12 1
f 10 12 1
f 10 12 1
f 10 12 1
f 102 104 1
f 102 104 1
f 102 104 1
f 102 104 1
f 102 104 1
f 102 104 1
f 102 104 1
f 102 104 1
f 102 104 1
f 102 104 1
f 102 104 1
f 102 104 1
f 102 104 1
f 102 104 1
f 102 104 1
f 102 104 1
f 102 104 1
f 102 104 1
f 102 104 1
f 102 104 1
f 102 104 1
f 102 104 1
f 102 104 1
f 102 104 1
f 102 104 1
f 102 104 1
f 102 104 1
f 102 104 1
f 102 104 1
f 102 104 1
f 102 104 1
f 102 104 1
f 102 104 1
f 102 104 1
f 102 104 1
f 102 104 1
f 102 104 1
f 102 104 1
f 102 104 1
f 102 104 1
f     103     105          1
f     103     105          1
f     103     105          1
f     103     105          1
f     103     105          1
f     103     105          1
f     103     105          1
f     103     105          1
f     103     105          1
f     103     105          1
f     103     105          1
f     103     105          1
f     103     105          1
f     103     105          1
f     103     105          1
f     103     105          1
f     103     105          1
f     103     105          1
f     103     105          1
f     103     105          1
f     103     105          1
f     103     105          1
f     103     105          1
f     103     105          1
f     103     105          1
f     103     105          1
f     103     105          1
f     103     105          1
f     103     105          1
f     103     105          1
f     103     105          1
f     103     105          1
f     103     105          1
f     103     105          1
f     103     105          1
f     103     105          1
f     103     105          1
f     103     105          1
f     103     105          1
f     103     105          1
f     103     105          1
f     103     105          1
f     103     105          1
f     103     105          1
f     103     105          1
f     103     105          1
f     103     105          1
f     103     105          1
f     103     105          1
f     103     105          1
f     103     105          1
f     103     105          1
f     103     105          1
f     103     105          1
f 104 106 1
f 104 106 1
f 104 106 1
f 104 106 1
f 104 106 1
f 104 106 1
f 104 106 1
f 104 106 1
f 104 106 1
f 104 106 1
f 104 106 1
f 104 106 1
f 104 106 1
f 104 106 1
f 104 106 1
f 104 106 1
f 104 106 1
f 104 106 1
f 104 106 1
f 104 106 1
f 104 106 1
f 104 106 1
f 104 106 1
f 104 106 1
f 104 106 1
f 104 106 1
f 104 106 1
f 104 106 1
f 104 106 1
f 104 106 1
f 104 106 1
f 104 106 1
f 104 106 1
f 104 106 1
f 104 106 1
f 104 106 1
f 104 106 1
f 104 106 1
f 104 106 1
f 104 106 1
f 104 106 1
f 104 106 1
f 104 106 1
f 104 106 1
f 104 106 1
f 104 106 1
f 104 106 1
f 104 106 1
f 104 106 1
f 104 106 1
f 104 106 1
f 104 106 1
f     105     107          1
f     105     107          1
f     105     107          1
f     105     107          1
f     105     107          1
f     105     107          1
f     105     107          1
f     105     107          1
f     105     107          1
f     105     107          1
f     105     107          1
f     105     107          1
f     105     107          1
f     105     107          1
f     105     107          1
f     105     107          1
f     105     107          1
f     105     107          1
f     105     107          1
f     105     107          1
f     105     107          1
f     105     107          1
f     105     107          1
f     105     107          1
f     105     107          1
f     105     107          1
f     105     107          1
f     105     107          1
f     105     107          1
f     105     107          1
f     105     107          1
f     105     107          1
f     105     107          1
f     105     107          1
f     105     107          1
f     105     107          1
f     105     107          1
f     105     107          1
f     105     107          1
f     105     107          1
f     105     107          1
f     105     107          1
f     105     107          1
f     105     107          1
f     105     107          1
f     105     107          1
f     105     107          1
f     105     107          1
f     105     107          1
f     105     107          1
f     105     107          1
f      10      53          1
f      10      53          1
f      10      53          1
f      10      53          1
f      10      53          1
f      10      53          1
f      10      53          1
f      10      53          1
f      10      53          1
f      10      53          1
f      10      53          1
f      10      53          1
f      10      53          1
f      10      53          1
f      10      53          1
f      10      53          1
f      10      53          1
f      10      53          1
f 106 108 1
f 106 108 1
f 106 108 1
f 106 108 1
f 106 108 1
f 106 108 1
f 106 108 1
f 106 108 1
f 106 108 1
f 106 108 1
f 106 108 1
f 106 108 1
f 106 108 1
f 106 108 1
f 106 108 1
f 106 108 1
f 106 108 1
f 106 108 1
f 106 108 1
f 106 108 1
f 106 108 1
f 106 108 1
f 106 108 1
f 106 108 1
f 106 108 1
f 106 108 1
f 106 108 1
f 106 108 1
f 106 108 1
f 106 108 1
f 106 108 1
f 106 108 1
f 106 108 1
f 106 108 1
f 106 108 1
f 106 108 1
f 106 108 1
f 106 108 1
f 106 108 1
f 106 108 1
f 106 108 1
f 106 108 1
f 106 108 1
f 106 108 1
f 106 108 1
f 106 108 1
f 106 108 1
f 106 108 1
f 106 108 1
f 106 108 1
f 106 108 1
f 106 108 1
f     107     109          1
f     107     109          1
f     107     109          1
f     107     109          1
f     107     109          1
f     107     109          1
f     107     109          1
f     107     109          1
f     107     109          1
f     107     109          1
f     107     109          1
f     107     109          1
f     107     109          1
f     107     109          1
f     107     109          1
f     107     109          1
f     107     109          1
f     107     109          1
f     107     109          1
f     107     109          1
f     107     109          1
f     107     109          1
f     107     109          1
f     107     109          1
f     107     109          1
f     107     109          1
f     107     109          1
f     107     109          1
f     107     109          1
f     107     109          1
f     107     109          1
f     107     109          1
f     107     109          1
f     107     109          1
f     107     109          1
f     107     109          1
f     107     109          1
f     107     109          1
f     107     109          1
f     107     109          1
f     107     109          1
f     107     109          1
f     107     109          1
f     107     109          1
f     107     109          1
f     107     109          1
f     107     109          1
f     107     109          1
f     107     109          1
f     107     109          1
f     107     109          1
f 108 110 1
f 108 110 1
f 108 110 1
f 108 110 1
f 108 110 1
f 108 110 1
f 108 110 1
f 108 110 1
f 108 110 1
f 108 110 1
f 108 110 1
f 108 110 1
f 108 110 1
f 108 110 1
f 108 110 1
f 108 110 1
f 108 110 1
f 108 110 1
f 108 110 1
f 108 110 1
f 108 110 1
f 108 110 1
f 108 110 1
f 108 110 1
f 108 110 1
f 108 110 1
f 108 110 1
f 108 110 1
f 108 110 1
f 108 110 1
f 108 110 1
f 108 110 1
f 108 110 1
f 108 110 1
f 108 110 1
f 108 110 1
f 108 110 1
f 108 110 1
f 108 110 1
f 108 110 1
f 108 110 1
f 108 110 1
f 108 110 1
f 108 110 1
f 108 110 1
f 108 110 1
f 108 110 1
f 108 110 1
f 108 110 1
f 108 110 1
f 108 110 1
f 108 110 1
f     109     111          1
f     109     111          1
f     109     111          1
f     109     111          1
f     109     111          1
f     109     111          1
f     109     111          1
f     109     111          1
f     109     111          1
f     109     111          1
f     109     111          1
f     109     111          1
f     109     111          1
f     109     111          1
f     109     111          1
f     109     111          1
f     109     111          1
f     109     111          1
f     109     111          1
f     109     111          1
f     109     111          1
f     109     111          1
f     109     111          1
f     109     111          1
f     109     111          1
f     109     111          1
f     109     111          1
f     109     111          1
f     109     111          1
f     109     111          1
f     109     111          1
f     109     111          1
f     109     111          1
f     109     111          1
f     109     111          1
f     109     111          1
f     109     111          1
f     109     111          1
f     109     111          1
f     109     111          1
f     109     111          1
f     109     111          1
f     109     111          1
f     109     111          1
f     109     111          1
f     109     111          1
f     109     111          1
f     109     111          1
f     109     111          1
f     109     111          1
f     109     111          1
f 110 112 1
f 110 112 1
f 110 112 1
f 110 112 1
f 110 112 1
f 110 112 1
f 110 112 1
f 110 112 1
f 110 112 1
f 110 112 1
f 110 112 1
f 110 112 1
f 110 112 1
f 110 112 1
f 110 112 1
f 110 112 1
f 110 112 1
f 110 112 1
f 110 112 1
f 110 112 1
f 110 112 1
f 110 112 1
f 110 112 1
f 110 112 1
f 110 112 1
f 110 112 1
f 110 112 1
f 110 112 1
f 110 112 1
f 110 112 1
f 110 112 1
f 110 112 1
f 110 112 1
f 110 112 1
f 110 112 1
f 110 112 1
f 110 112 1
f 110 112 1
f 110 112 1
f 110 112 1
f 110 112 1
f 110 112 1
f 110 112 1
f 110 112 1
f 110 112 1
f 110 112 1
f 110 112 1
f 110 112 1
f 110 112 1
f 110 112 1
f 110 112 1
f 110 112 1
f     111     113          1
f     111     113          1
f     111     113          1
f     111     113          1
f     111     113          1
f     111     113          1
f     111     113          1
f     111     113          1
f     111     113          1
f     111     113          1
f     111     113          1
f     111     113          1
f     111     113          1
f     111     113          1
f     111     113          1
f     111     113          1
f     111     113          1
f     111     113          1
f     111     113          1
f     111     113          1
f     111     113          1
f     111     113          1
f     111     113          1
f     111     113          1
f     111     113          1
f     111     113          1
f     111     113          1
f     111     113          1
f     111     113          1
f     111     113          1
f     111     113          1
f     111     113          1
f     111     113          1
f     111     113          1
f     111     113          1
f     111     113          1
f     111     113          1
f     111     113          1
f     111     113          1
f     111     113          1
f     111     113          1
f     111     113          1
f     111     113          1
f     111     113          1
f     111     113          1
f     111     113          1
f     111     113          1
f     111     113          1
f     111     113          1
f     111     113          1
f     111     113          1
f      11      13          1
f      11      13          1
f      11      13          1
f      11      13          1
f      11      13          1
f      11      13          1
f      11      13          1
f      11      13          1
f      11      13          1
f      11      13          1
f      11      13          1
f      11      13          1
f      11      13          1
f      11      13          1
f      11      13          1
f      11      13          1
f      11      13          1
f      11      13          1
f      11      13          1
f      11      13          1
f      11      13          1
f      11      13          1
f      11      13          1
f      11      13          1
f      11      13          1
f      11      13          1
f      11      13          1
f 112 114 1
f 112 114 1
f 112 114 1
f 112 114 1
f 112 114 1
f 112 114 1
f 112 114 1
f 112 114 1
f 112 114 1
f 112 114 1
f 112 114 1
f 112 114 1
f 112 114 1
f 112 114 1
f 112 114 1
f 112 114 1
f 112 114 1
f 112 114 1
f 112 114 1
f 112 114 1
f 112 114 1
f 112 114 1
f 112 114 1
f 112 114 1
f 112 114 1
f 112 114 1
f 112 114 1
f 112 114 1
f 112 114 1
f 112 114 1
f 112 114 1
f 112 114 1
f 112 114 1
f 112 114 1
f 112 114 1
f 112 114 1
f 112 114 1
f 112 114 1
f 112 114 1
f 112 114 1
f 112 114 1
f 112 114 1
f 112 114 1
f 112 114 1
f 112 114 1
f 112 114 1
f 112 114 1
f 112 114 1
f 112 114 1
f 112 114 1
f 112 114 1
f 112 114 1
f     113     115          1
f     113     115          1
f     113     115          1
f     113     115          1
f     113     115          1
f     113     115          1
f     113     115          1
f     113     115          1
f     113     115          1
f     113     115          1
f     113     115          1
f     113     115          1
f     113     115          1
f     113     115          1
f     113     115          1
f     113     115          1
f     113     115          1
f     113     115          1
f     113     115          1
f     113     115          1
f     113     115          1
f     113     115          1
f     113     115          1
f     113     115          1
f     113     115          1
f     113     115          1
f     113     115          1
f     113     115          1
f     113     115          1
f     113     115          1
f     113     115          1
f     113     115          1
f     113     115          1
f     113     115          1
f     113     115          1
f     113     115          1
f     113     115          1
f     113     115          1
f     113     115          1
f     113     115          1
f 114 116 1
f 114 116 1
f 114 116 1
f 114 116 1
f 114 116 1
f 114 116 1
f 114 116 1
f 114 116 1
f 114 116 1
f 114 116 1
f 114 116 1
f 114 116 1
f 114 116 1
f 114 116 1
f 114 116 1
f 114 116 1
f 114 116 1
f 114 116 1
f 114 116 1
f 114 116 1
f 114 116 1
f 114 116 1
f 114 116 1
f 114 116 1
f 114 116 1
f 114 116 1
f 114 116 1
f 114 116 1
f 114 116 1
f 114 116 1
f 114 116 1
f 114 116 1
f 114 116 1
f 114 116 1
f 114 116 1
f 114 116 1
f 114 116 1
f 114 116 1
f 114 116 1
f 114 116 1
f 114 116 1
f 114 116 1
f     115     117          1
f     115     117          1
f     115     117          1
f     115     117          1
f     115     117          1
f     115     117          1
f     115     117          1
f     115     117          1
f     115     117          1
f     115     117          1
f     115     117          1
f     115     117          1
f     115     117          1
f     115     117          1
f     115     117          1
f     115     117          1
f     115     117          1
f     115     117          1
f     115     117          1
f     115     117          1
f     115     117          1
f     115     117          1
f     115     117          1
f     115     117          1
f     115     117          1
f     115     117          1
f     115     117          1
f     115     117          1
f     115     117          1
f     115     117          1
f     115     117          1
f     115     117          1
f     115     117          1
f     115     117          1
f     115     117          1
f     115     117          1
f     115     117          1
f     115     117          1
f     115     117          1
f     115     117          1
f     115     117          1
f     115     117          1
f     115     117          1
f     115     117          1
f     115     117          1
f     115     117          1
f     115     117          1
f     115     117          1
f     115     117          1
f 116 118 1
f 116 118 1
f 116 118 1
f 116 118 1
f 116 118 1
f 116 118 1
f 116 118 1
f 116 118 1
f 116 118 1
f 116 118 1
f 116 118 1
f 116 118 1
f 116 118 1
f 116 118 1
f 116 118 1
f 116 118 1
f 116 118 1
f 116 118 1
f 116 118 1
f 116 118 1
f 116 118 1
f 116 118 1
f 116 118 1
f 116 118 1
f 116 118 1
f 116 118 1
f 116 118 1
f 116 118 1
f 116 118 1
f 116 118 1
f 116 118 1
f 116 118 1
f 116 118 1
f 116 118 1
f 116 118 1
f 116 118 1
f 116 118 1
f 116 118 1
f 116 118 1
f 116 118 1
f 116 118 1
f 116 118 1
f 116 118 1
f 116 118 1
f 116 118 1
f 116 118 1
f 116 118 1
f 116 118 1
f 116 118 1
f     117     119          1
f     117     119          1
f     117     119          1
f     117     119          1
f     117     119          1
f     117     119          1
f     117     119          1
f     117     119          1
f     117     119          1
f     117     119          1
f     117     119          1
f     117     119          1
f     117     119          1
f     117     119          1
f     117     119          1
f     117     119          1
f     117     119          1
f     117     119          1
f     117     119          1
f     117     119          1
f     117     119          1
f     117     119          1
f     117     119          1
f     117     119          1
f     117     119          1
f     117     119          1
f     117     119          1
f     117     119          1
f     117     119          1
f     117     119          1
f     117     119          1
f     117     119          1
f     117     119          1
f 118 120 1
f 118 120 1
f 118 120 1
f 118 120 1
f 118 120 1
f 118 120 1
f 118 120 1
f 118 120 1
f 118 120 1
f 118 120 1
f 118 120 1
f 118 120 1
f 118 120 1
f 118 120 1
f 118 120 1
f 118 120 1
f 118 120 1
f 118 120 1
f 118 120 1
f 118 120 1
f 118 120 1
f 118 120 1
f 118 120 1
f 118 120 1
f 118 120 1
f 118 120 1
f 118 120 1
f 118 120 1
f 118 120 1
f 118 120 1
f 118 120 1
f 118 120 1
f 118 120 1
f 12 14 1
f 12 14 1
f 12 14 1
f 12 14 1
f 12 14 1
f 12 14 1
f 12 14 1
f 12 14 1
f 12 14 1
f 12 14 1
f 12 14 1
f 12 14 1
f 12 14 1
f 12 14 1
f 12 14 1
f 12 14 1
f 12 14 1
f 12 14 1
f 12 14 1
f 12 14 1
f 12 14 1
f 12 14 1
f 12 14 1
f 12 14 1
f 12 14 1
f 12 14 1
f 12 14 1
f 12 14 1
f      13      15          1
f      13      15          1
f      13      15          1
f      13      15          1
f      13      15          1
f      13      15          1
f      13      15          1
f      13      15          1
f      13      15          1
f      13      15          1
f      13      15          1
f      13      15          1
f      13      15          1
f      13      15          1
f      13      15          1
f      13      15          1
f      13      15          1
f      13      15          1
f      13      15          1
f      13      15          1
f      13      15          1
f      13      15          1
f      13      15          1
f      13      15          1
f      13      15          1
f      13      15          1
f      13      15          1
f      13      15          1
f       1       3          6
f 14 16 1
f 14 16 1
f 14 16 1
f 14 16 1
f 14 16 1
f 14 16 1
f 14 16 1
f 14 16 1
f 14 16 1
f 14 16 1
f 14 16 1
f 14 16 1
f 14 16 1
f 14 16 1
f 14 16 1
f 14 16 1
f 14 16 1
f 14 16 1
f 14 16 1
f 14 16 1
f 14 16 1
f 14 16 1
f 14 16 1
f 14 16 1
f 14 16 1
f 14 16 1
f 14 16 1
f 14 16 1
f 1 5 6
f      15      73          1
f      15      73          1
f      15      73          1
f      15      73          1
f      15      73          1
f      15      73          1
f      15      73          1
f      15      73          1
f      15      73          1
f      15      73          1
f      15      73          1
f      15      73          1
f      15      73          1
f      15      73          1
f      15      73          1
f      15      73          1
f      15      73          1
f      15      73          1
f      15      73          1
f      15      73          1
f      15      73          1
f      15      73          1
f      15      73          1
f      15      73          1
f      15      73          1
f      15      73          1
f      15      73          1
f      15      73          1
f 16 74 1
f 16 74 1
f 16 74 1
f 16 74 1
f 16 74 1
f 16 74 1
f 16 74 1
f 16 74 1
f 16 74 1
f 16 74 1
f 16 74 1
f 16 74 1
f 16 74 1
f 16 74 1
f 16 74 1
f 16 74 1
f 16 74 1
f 16 74 1
f 16 74 1
f 16 74 1
f 16 74 1
f 16 74 1
f 16 74 1
f 16 74 1
f 16 74 1
f 16 74 1
f 16 74 1
f 16 74 1
f      17      19          1
f      19      21          1
f      19      21          1
f      19      21          1
f      19      21          1
f      19      21          1
f      19      21          1
f      19      21          1
f      19      21          1
f      19      21          1
f      19      21          1
f      19      21          1
f      19      21          1
f      19      21          1
f      19      21          1
f      19      21          1
f      19      21          1
f      19      21          1
f      19      21          1
f      19      21          1
f      19      21          1
f      19      21          1
f      19      21          1
f      19      21          1
f      19      21          1
f      19      21          1
f      19      21          1
f      19      21          1
f      19      21          1
f      19      21          1
f      19      21          1
f 19 85 1
f 19 85 1
f 19 85 1
f 19 85 1
f 19 85 1
f 19 85 1
f 19 85 1
f 19 85 1
f 19 85 1
f 19 85 1
f 19 85 1
f 19 85 1
f 19 85 1
f 19 85 1
f 19 85 1
f 19 85 1
f 19 85 1
f 19 85 1
f 19 85 1
f 19 85 1
f 19 85 1
f 19 85 1
f 19 85 1
f 19 85 1
f 19 85 1
f 19 85 1
f 19 85 1
f 19 85 1
f 19 85 1
f 20 22 1
f 20 22 1
f 20 22 1
f 20 22 1
f 20 22 1
f 20 22 1
f 20 22 1
f 20 22 1
f 20 22 1
f 20 22 1
f 20 22 1
f 20 22 1
f 20 22 1
f 20 22 1
f 20 22 1
f 20 22 1
f 20 22 1
f 20 22 1
f 20 22 1
f 20 22 1
f 20 22 1
f 20 22 1
f 20 22 1
f 20 22 1
f 20 22 1
f 20 22 1
f 20 22 1
f 20 22 1
f 20 22 1
f      20      86          1
f      20      86          1
f      20      86          1
f      20      86          1
f      20      86          1
f      20      86          1
f      20      86          1
f      20      86          1
f      20      86          1
f      20      86          1
f      20      86          1
f      20      86          1
f      20      86          1
f      20      86          1
f      20      86          1
f      20      86          1
f      20      86          1
f      20      86          1
f      20      86          1
f      20      86          1
f      20      86          1
f      20      86          1
f      20      86          1
f      20      86          1
f      20      86          1
f      20      86          1
f      20      86          1
f      20      86          1
f      20      86          1
f      21      23          1
f      21      23          1
f      21      23          1
f      21      23          1
f      21      23          1
f      21      23          1
f      21      23          1
f      21      23          1
f      21      23          1
f      21      23          1
f      21      23          1
f      21      23          1
f      21      23          1
f      21      23          1
f      21      23          1
f      21      23          1
f      21      23          1
f      21      23          1
f      21      23          1
f      21      23          1
f      21      23          1
f      21      23          1
f      21      23          1
f      21      23          1
f      21      23          1
f      21      23          1
f      21      23          1
f      21      23          1
f 22 24 1
f 22 24 1
f 22 24 1
f 22 24 1
f 22 24 1
f 22 24 1
f 22 24 1
f 22 24 1
f 22 24 1
f 22 24 1
f 22 24 1
f 22 24 1
f 22 24 1
f 22 24 1
f 22 24 1
f 22 24 1
f 22 24 1
f 22 24 1
f 22 24 1
f 22 24 1
f 22 24 1
f 22 24 1
f 22 24 1
f 22 24 1
f 22 24 1
f 22 24 1
f 22 24 1
f 22 24 1
f 22 24 1
f      23      25          1
f      23      25          1
f      23      25          1
f      23      25          1
f      23      25          1
f      23      25          1
f      23      25          1
f      23      25          1
f      23      25          1
f      23      25          1
f      23      25          1
f      23      25          1
f      23      25          1
f      23      25          1
f      23      25          1
f      23      25          1
f      23      25          1
f      23      25          1
f      23      25          1
f      23      25          1
f      23      25          1
f      23      25          1
f      23      25          1
f      23      25          1
f      23      25          1
f      23      25          1
f      23      25          1
f      23      25          1
f 24 26 1
f 24 26 1
f 24 26 1
f 24 26 1
f 24 26 1
f 24 26 1
f 24 26 1
f 24 26 1
f 24 26 1
f 24 26 1
f 24 26 1
f 24 26 1
f 24 26 1
f 24 26 1
f 24 26 1
f 24 26 1
f 24 26 1
f 24 26 1
f 24 26 1
f 24 26 1
f 24 26 1
f 24 26 1
f 24 26 1
f 24 26 1
f 24 26 1
f 24 26 1
f 24 26 1
f 24 26 1
f 24 26 1
f      25      27          1
f      25      27          1
f      25      27          1
f      25      27          1
f      25      27          1
f      25      27          1
f      25      27          1
f      25      27          1
f      25      27          1
f      25      27          1
f      25      27          1
f      25      27          1
f      25      27          1
f      25      27          1
f      25      27          1
f      25      27          1
f      25      27          1
f      25      27          1
f      25      27          1
f      25      27          1
f      25      27          1
f      25      27          1
f      25      27          1
f      25      27          1
f      25      27          1
f      25      27          1
f      25      27          1
f      25      27          1
f 26 28 1
f 26 28 1
f 26 28 1
f 26 28 1
f 26 28 1
f 26 28 1
f 26 28 1
f 26 28 1
f 26 28 1
f 26 28 1
f 26 28 1
f 26 28 1
f 26 28 1
f 26 28 1
f 26 28 1
f 26 28 1
f 26 28 1
f 26 28 1
f 26 28 1
f 26 28 1
f 26 28 1
f 26 28 1
f 26 28 1
f 26 28 1
f 26 28 1
f 26 28 1
f 26 28 1
f 26 28 1
f 26 28 1
f      27      29          1
f      27      29          1
f      27      29          1
f      27      29          1
f      27      29          1
f      27      29          1
f      27      29          1
f      27      29          1
f      27      29          1
f      27      29          1
f      27      29          1
f      27      29          1
f      27      29          1
f      27      29          1
f      27      29          1
f      27      29          1
f      27      29          1
f      27      29          1
f      27      29          1
f      27      29          1
f      27      29          1
f      27      29          1
f      27      29          1
f      27      29          1
f      27      29          1
f      27      29          1
f      27      29          1
f      27      29          1
f 28 30 1
f 28 30 1
f 28 30 1
f 28 30 1
f 28 30 1
f 28 30 1
f 28 30 1
f 28 30 1
f 28 30 1
f 28 30 1
f 28 30 1
f 28 30 1
f 28 30 1
f 28 30 1
f 28 30 1
f 28 30 1
f 28 30 1
f 28 30 1
f 28 30 1
f 28 30 1
f 28 30 1
f 28 30 1
f 28 30 1
f 28 30 1
f 28 30 1
f 28 30 1
f 28 30 1
f 28 30 1
f 28 30 1
f      29      31          1
f      29      31          1
f      29      31          1
f      29      31          1
f      29      31          1
f      29      31          1
f      29      31          1
f      29      31          1
f      29      31          1
f      29      31          1
f      29      31          1
f      29      31          1
f      29      31          1
f      29      52          1
f      29      52          1
f      29      52          1
f      29      52          1
f      29      52          1
f      29      52          1
f      29      52          1
f      29      52          1
f      29      52          1
f      29      52          1
f      29      52          1
f      29      52          1
f      29      52          1
f      29      52          1
f      29      52          1
f 30 32 1
f 30 32 1
f 30 32 1
f 30 32 1
f 30 32 1
f 30 32 1
f 30 32 1
f 30 32 1
f 30 32 1
f 30 32 1
f 30 32 1
f 30 32 1
f 30 32 1
f 30 51 1
f 30 51 1
f 30 51 1
f 30 51 1
f 30 51 1
f 30 51 1
f 30 51 1
f 30 51 1
f 30 51 1
f 30 51 1
f 30 51 1
f 30 51 1
f 30 51 1
f 30 51 1
f 30 51 1
f 30 51 1
f       3      13          1
f      31      33          1
f      31      33          1
f      31      33          1
f      31      33          1
f      31      33          1
f      31      33          1
f      31      33          1
f      31      33          1
f      31      33          1
f      31      33          1
f      31      33          1
f      31      33          1
f      31      33          1
f       3      17          1
f 32 34 1
f 32 34 1
f 32 34 1
f 32 34 1
f 32 34 1
f 32 34 1
f 32 34 1
f 32 34 1
f 32 34 1
f 32 34 1
f 32 34 1
f 32 34 1
f 32 34 1
f      33      35          1
f      33      35          1
f      33      35          1
f      33      35          1
f      33      35          1
f      33      35          1
f      33      35          1
f      33      35          1
f      33      35          1
f      33      35          1
f      33      35          1
f      33      35          1
f      33      35          1
f       3      35          1
f       3      35          1
f 34 36 1
f 34 36 1
f 34 36 1
f 34 36 1
f 34 36 1
f 34 36 1
f 34 36 1
f 34 36 1
f 34 36 1
f 34 36 1
f 34 36 1
f 34 36 1
f 34 36 1
f      35      98          1
f      35      98          1
f      35      98          1
f      35      98          1
f      35      98          1
f      35      98          1
f      35      98          1
f      35      98          1
f      35      98          1
f      35      98          1
f      35      98          1
f      35      98          1
f      35      98          1
f      35      98          1
f      35      98          1
f       3      61          1
f       3      67          1
f 36 97 1
f 36 97 1
f 36 97 1
f 36 97 1
f 36 97 1
f 36 97 1
f 36 97 1
f 36 97 1
f 36 97 1
f 36 97 1
f 36 97 1
f 36 97 1
f 36 97 1
f      37      39          1
f      37      39          1
f      37      39          1
f      37      39          1
f      37      39          1
f      37      39          1
f      37      39          1
f      37      39          1
f      37      39          1
f      37      39          1
f      37      39          1
f      37      39          1
f      37      39          1
f      37      39          1
f      37      39          1
f      37      39          1
f      37      39          1
f      37      39          1
f      37      39          1
f      37      39          1
f      37      39          1
f      37      39          1
f      37      39          1
f      37      39          1
f      37      39          1
f      37      39          1
f      37      39          1
f      37      39          1
f      37      39          1
f 37 71 1
f 37 71 1
f 37 71 1
f 37 71 1
f 37 71 1
f 37 71 1
f 37 71 1
f 37 71 1
f 37 71 1
f 37 71 1
f 37 71 1
f 37 71 1
f 37 71 1
f 37 71 1
f 37 71 1
f 37 71 1
f 37 71 1
f 37 71 1
f 37 71 1
f 37 71 1
f 37 71 1
f 37 71 1
f 37 71 1
f 37 71 1
f 37 71 1
f 37 71 1
f 37 71 1
f 37 71 1
f 37 71 1
f 38 40 1
f 38 40 1
f 38 40 1
f 38 40 1
f 38 40 1
f 38 40 1
f 38 40 1
f 38 40 1
f 38 40 1
f 38 40 1
f 38 40 1
f 38 40 1
f 38 40 1
f 38 40 1
f 38 40 1
f 38 40 1
f 38 40 1
f 38 40 1
f 38 40 1
f 38 40 1
f 38 40 1
f 38 40 1
f 38 40 1
f 38 40 1
f 38 40 1
f 38 40 1
f 38 40 1
f 38 40 1
f 38 40 1
f 38 40 1
f      38      72          1
f      38      72          1
f      38      72          1
f      38      72          1
f      38      72          1
f      38      72          1
f      38      72          1
f      38      72          1
f      38      72          1
f      38      72          1
f      38      72          1
f      38      72          1
f      38      72          1
f      38      72          1
f      38      72          1
f      38      72          1
f      38      72          1
f      38      72          1
f      38      72          1
f      38      72          1
f      38      72          1
f      38      72          1
f      38      72          1
f      38      72          1
f      38      72          1
f      38      72          1
f      38      72          1
f      38      72          1
f      38      72          1
f      38      72          1
f      39      41          1
f      39      41          1
f      39      41          1
f      39      41          1
f      39      41          1
f      39      41          1
f      39      41          1
f      39      41          1
f      39      41          1
f      39      41          1
f      39      41          1
f      39      41          1
f      39      61          1
f      39      61          1
f      39      61          1
f      39      61          1
f      39      61          1
f      39      61          1
f      39      61          1
f      39      61          1
f      39      61          1
f      39      61          1
f      39      61          1
f      39      61          1
f      39      61          1
f      39      61          1
f      39      61          1
f      39      61          1
f      39      61          1
f 40 42 1
f 40 42 1
f 40 42 1
f 40 42 1
f 40 42 1
f 40 42 1
f 40 42 1
f 40 42 1
f 40 42 1
f 40 42 1
f 40 42 1
f 40 42 1
f 40 62 1
f 40 62 1
f 40 62 1
f 40 62 1
f 40 62 1
f 40 62 1
f 40 62 1
f 40 62 1
f 40 62 1
f 40 62 1
f 40 62 1
f 40 62 1
f 40 62 1
f 40 62 1
f 40 62 1
f 40 62 1
f 40 62 1
f 40 62 1
f 41 117 1
f 41 117 1
f 41 117 1
f 41 117 1
f 41 117 1
f 41 117 1
f 41 117 1
f 41 117 1
f 41 117 1
f 41 117 1
f 41 117 1
f 41 117 1
f 41 117 1
f 41 117 1
f 41 117 1
f 41 117 1
f      41      43          1
f      41      43          1
f      41      43          1
f      41      43          1
f      41      43          1
f      41      43          1
f      41      43          1
f      41      43          1
f      41      43          1
f      41      43          1
f      41      43          1
f      41      43          1
f      41      43          1
f      41      43          1
f      41      43          1
f      41      43          1
f      41      43          1
f      41      43          1
f      41      43          1
f      41      43          1
f      41      43          1
f      41      43          1
f      41      43          1
f      41      43          1
f      41      43          1
f      41      43          1
f      41      43          1
f      41      43          1
f      42     118          1
f      42     118          1
f      42     118          1
f      42     118          1
f      42     118          1
f      42     118          1
f      42     118          1
f      42     118          1
f      42     118          1
f      42     118          1
f      42     118          1
f      42     118          1
f      42     118          1
f      42     118          1
f      42     118          1
f      42     118          1
f 42 44 1
f 42 44 1
f 42 44 1
f 42 44 1
f 42 44 1
f 42 44 1
f 42 44 1
f 42 44 1
f 42 44 1
f 42 44 1
f 42 44 1
f 42 44 1
f 42 44 1
f 42 44 1
f 42 44 1
f 42 44 1
f 42 44 1
f 42 44 1
f 42 44 1
f 42 44 1
f 42 44 1
f 42 44 1
f 42 44 1
f 42 44 1
f 42 44 1
f 42 44 1
f 42 44 1
f 42 44 1
f      43      45          1
f      43      45          1
f      43      45          1
f      43      45          1
f      43      45          1
f      43      45          1
f      43      45          1
f      43      45          1
f      43      45          1
f      43      45          1
f      43      45          1
f      43      45          1
f      43      45          1
f      43      45          1
f      43      45          1
f      43      45          1
f      43      45          1
f      43      45          1
f      43      45          1
f      43      45          1
f      43      45          1
f      43      45          1
f      43      45          1
f      43      45          1
f      43      45          1
f      43      45          1
f      43      45          1
f      43      45          1
f 44 46 1
f 44 46 1
f 44 46 1
f 44 46 1
f 44 46 1
f 44 46 1
f 44 46 1
f 44 46 1
f 44 46 1
f 44 46 1
f 44 46 1
f 44 46 1
f 44 46 1
f 44 46 1
f 44 46 1
f 44 46 1
f 44 46 1
f 44 46 1
f 44 46 1
f 44 46 1
f 44 46 1
f 44 46 1
f 44 46 1
f 44 46 1
f 44 46 1
f 44 46 1
f 44 46 1
f 44 46 1
f      45      47          1
f      45      47          1
f      45      47          1
f      45      47          1
f      45      47          1
f      45      47          1
f      45      47          1
f      45      47          1
f      45      47          1
f      45      47          1
f      45      47          1
f      45      47          1
f      45      47          1
f      45      47          1
f      45      47          1
f      45      47          1
f      45      47          1
f      45      47          1
f      45      47          1
f      45      47          1
f      45      47          1
f      45      47          1
f      45      47          1
f      45      47          1
f      45      47          1
f      45      47          1
f      45      47          1
f      45      47          1
f 46 48 1
f 46 48 1
f 46 48 1
f 46 48 1
f 46 48 1
f 46 48 1
f 46 48 1
f 46 48 1
f 46 48 1
f 46 48 1
f 46 48 1
f 46 48 1
f 46 48 1
f 46 48 1
f 46 48 1
f 46 48 1
f 46 48 1
f 46 48 1
f 46 48 1
f 46 48 1
f 46 48 1
f 46 48 1
f 46 48 1
f 46 48 1
f 46 48 1
f 46 48 1
f 46 48 1
f 46 48 1
f      47      49          1
f      47      49          1
f      47      49          1
f      47      49          1
f      47      49          1
f      47      49          1
f      47      49          1
f      47      49          1
f      47      49          1
f      47      49          1
f      47      49          1
f      47      49          1
f      47      49          1
f      47      49          1
f      47      49          1
f      47      49          1
f      47      49          1
f      47      49          1
f      47      49          1
f      47      49          1
f      47      49          1
f      47      49          1
f      47      49          1
f      47      49          1
f      47      49          1
f      47      49          1
f      47      49          1
f      47      49          1
f 48 50 1
f 48 50 1
f 48 50 1
f 48 50 1
f 48 50 1
f 48 50 1
f 48 50 1
f 48 50 1
f 48 50 1
f 48 50 1
f 48 50 1
f 48 50 1
f 48 50 1
f 48 50 1
f 48 50 1
f 48 50 1
f 48 50 1
f 48 50 1
f 48 50 1
f 48 50 1
f 48 50 1
f 48 50 1
f 48 50 1
f 48 50 1
f 48 50 1
f 48 50 1
f 48 50 1
f 48 50 1
f      49      51          1
f      49      51          1
f      49      51          1
f      49      51          1
f      49      51          1
f      49      51          1
f      49      51          1
f      49      51          1
f      49      51          1
f      49      51          1
f      49      51          1
f      49      51          1
f      49      51          1
f      49      51          1
f      49      51          1
f      49      51          1
f      49      51          1
f      49      51          1
f      49      51          1
f      49      51          1
f      49      51          1
f      49      51          1
f      49      51          1
f      49      51          1
f      49      51          1
f      49      51          1
f      49      51          1
f      49      51          1
f 50 52 1
f 50 52 1
f 50 52 1
f 50 52 1
f 50 52 1
f 50 52 1
f 50 52 1
f 50 52 1
f 50 52 1
f 50 52 1
f 50 52 1
f 50 52 1
f 50 52 1
f 50 52 1
f 50 52 1
f 50 52 1
f 50 52 1
f 50 52 1
f 50 52 1
f 50 52 1
f 50 52 1
f 50 52 1
f 50 52 1
f 50 52 1
f 50 52 1
f 50 52 1
f 50 52 1
f 50 52 1
f 5 105 1
f 5 105 1
f 5 105 1
f      51      53          1
f      51      53          1
f      51      53          1
f      51      53          1
f      51      53          1
f      51      53          1
f      51      53          1
f      51      53          1
f      51      53          1
f      51      53          1
f      51      53          1
f      51      53          1
f 5 21 1
f 5 21 1
f 52 54 1
f 52 54 1
f 52 54 1
f 52 54 1
f 52 54 1
f 52 54 1
f 52 54 1
f 52 54 1
f 52 54 1
f 52 54 1
f 52 54 1
f 52 54 1
f 52 54 1
f      53      55          1
f      53      55          1
f      53      55          1
f      53      55          1
f      53      55          1
f      53      55          1
f      53      55          1
f      53      55          1
f      53      55          1
f      53      55          1
f      53      55          1
f      53      55          1
f      53      55          1
f      53      55          1
f      53      55          1
f      53      55          1
f      53      55          1
f      53      55          1
f      53      55          1
f      53      55          1
f      53      55          1
f      53      55          1
f      53      55          1
f      53      55          1
f      53      55          1
f      53      55          1
f      53      55          1
f      53      55          1
f      53      55          1
f      53      55          1
f 54 56 1
f 54 56 1
f 54 56 1
f 54 56 1
f 54 56 1
f 54 56 1
f 54 56 1
f 54 56 1
f 54 56 1
f 54 56 1
f 54 56 1
f 54 56 1
f 54 56 1
f 54 56 1
f 54 56 1
f 54 56 1
f 54 56 1
f 54 56 1
f 54 56 1
f 54 56 1
f 54 56 1
f 54 56 1
f 54 56 1
f 54 56 1
f 54 56 1
f 54 56 1
f 54 56 1
f 54 56 1
f 54 56 1
f 54 56 1
f      55      57          1
f      55      57          1
f      55      57          1
f      55      57          1
f      55      57          1
f      55      57          1
f      55      57          1
f      55      57          1
f      55      57          1
f      55      57          1
f      55      57          1
f      55      57          1
f      55      57          1
f      55      57          1
f      55      57          1
f      55      57          1
f      55      57          1
f      55      57          1
f      55      57          1
f      55      57          1
f      55      57          1
f      55      57          1
f      55      57          1
f      55      57          1
f      55      57          1
f      55      57          1
f      55      57          1
f      55      57          1
f      55      57          1
f      55      57          1
f 56 58 1
f 56 58 1
f 56 58 1
f 56 58 1
f 56 58 1
f 56 58 1
f 56 58 1
f 56 58 1
f 56 58 1
f 56 58 1
f 56 58 1
f 56 58 1
f 56 58 1
f 56 58 1
f 56 58 1
f 56 58 1
f 56 58 1
f 56 58 1
f 56 58 1
f 56 58 1
f 56 58 1
f 56 58 1
f 56 58 1
f 56 58 1
f 56 58 1
f 56 58 1
f 56 58 1
f 56 58 1
f 56 58 1
f 56 58 1
f 5 7 1
f      57      59          1
f      57      59          1
f      57      59          1
f      57      59          1
f      57      59          1
f      57      59          1
f      57      59          1
f      57      59          1
f      57      59          1
f      57      59          1
f      57      59          1
f      57      59          1
f      57      59          1
f      57      59          1
f      57      59          1
f      57      59          1
f      57      59          1
f      57      59          1
f      57      59          1
f      57      59          1
f      57      59          1
f      57      59          1
f      57      59          1
f      57      59          1
f      57      59          1
f      57      59          1
f      57      59          1
f      57      59          1
f      57      59          1
f      57      59          1
f 58 60 1
f 58 60 1
f 58 60 1
f 58 60 1
f 58 60 1
f 58 60 1
f 58 60 1
f 58 60 1
f 58 60 1
f 58 60 1
f 58 60 1
f 58 60 1
f 58 60 1
f 58 60 1
f 58 60 1
f 58 60 1
f 58 60 1
f 58 60 1
f 58 60 1
f 58 60 1
f 58 60 1
f 58 60 1
f 58 60 1
f 58 60 1
f 58 60 1
f 58 60 1
f 58 60 1
f 58 60 1
f 58 60 1
f 58 60 1
f      59      61          1
f      59      61          1
f      59      61          1
f      59      61          1
f      59      61          1
f      59      61          1
f      59      61          1
f      59      61          1
f      59      61          1
f      59      61          1
f      59      61          1
f      59      61          1
f      59      64          1
f      59      64          1
f      59      64          1
f      59      64          1
f      59      64          1
f      59      64          1
f      59      64          1
f      59      64          1
f      59      64          1
f      59      64          1
f      59      64          1
f      59      64          1
f      59      64          1
f      59      64          1
f      59      64          1
f      59      64          1
f      59      64          1
f      59      64          1
f 60 62 1
f 60 62 1
f 60 62 1
f 60 62 1
f 60 62 1
f 60 62 1
f 60 62 1
f 60 62 1
f 60 62 1
f 60 62 1
f 60 62 1
f 60 62 1
f 60 63 1
f 60 63 1
f 60 63 1
f 60 63 1
f 60 63 1
f 60 63 1
f 60 63 1
f 60 63 1
f 60 63 1
f 60 63 1
f 60 63 1
f 60 63 1
f 60 63 1
f 60 63 1
f 60 63 1
f 60 63 1
f 60 63 1
f 60 63 1
f      61      63          1
f      61      63          1
f      61      63          1
f      61      63          1
f      61      63          1
f      61      63          1
f      61      63          1
f      61      63          1
f      61      63          1
f      61      63          1
f      61      63          1
f      61      63          1
f      61      63          1
f      61      63          1
f      61      63          1
f      61      63          1
f      61      63          1
f      61      63          1
f      61      63          1
f      61      63          1
f      61      63          1
f      61      63          1
f      61      63          1
f      61      63          1
f      61      63          1
f      61      63          1
f      61      63          1
f      61      63          1
f      61      63          1
f      61      63          1
f 62 64 1
f 62 64 1
f 62 64 1
f 62 64 1
f 62 64 1
f 62 64 1
f 62 64 1
f 62 64 1
f 62 64 1
f 62 64 1
f 62 64 1
f 62 64 1
f 62 64 1
f 62 64 1
f 62 64 1
f 62 64 1
f 62 64 1
f 62 64 1
f 62 64 1
f 62 64 1
f 62 64 1
f 62 64 1
f 62 64 1
f 62 64 1
f 62 64 1
f 62 64 1
f 62 64 1
f 62 64 1
f 62 64 1
f 62 64 1
f      63      65          1
f      63      65          1
f      63      65          1
f      63      65          1
f      63      65          1
f      63      65          1
f      63      65          1
f      63      65          1
f      63      65          1
f      63      65          1
f      63      65          1
f      63      65          1
f 64 66 1
f 64 66 1
f 64 66 1
f 64 66 1
f 64 66 1
f 64 66 1
f 64 66 1
f 64 66 1
f 64 66 1
f 64 66 1
f 64 66 1
f 64 66 1
f      65     103          1
f      65     103          1
f      65     103          1
f      65     103          1
f      65     103          1
f      65     103          1
f      65     103          1
f      65     103          1
f      65     103          1
f      65     103          1
f      65     103          1
f      65     103          1
f 66 104 1
f 66 104 1
f 66 104 1
f 66 104 1
f 66 104 1
f 66 104 1
f 66 104 1
f 66 104 1
f 66 104 1
f 66 104 1
f 66 104 1
f 66 104 1
f      67      69          1
f      67      69          1
f      67      69          1
f      67      69          1
f      67      69          1
f      67      69          1
f      67      69          1
f      67      69          1
f      67      69          1
f      67      69          1
f      67      69          1
f      67      69          1
f      67      69          1
f      67      69          1
f      67      69          1
f      67      69          1
f      67      69          1
f      67      69          1
f      67      69          1
f      67      69          1
f      67      69          1
f      67      69          1
f      67      69          1
f      67      69          1
f      67      69          1
f      67      69          1
f      67      69          1
f      67      69          1
f      67      69          1
f      67      69          1
f 67 96 1
f 67 96 1
f 67 96 1
f 67 96 1
f 67 96 1
f 67 96 1
f 67 96 1
f 67 96 1
f 67 96 1
f 67 96 1
f 67 96 1
f 67 96 1
f 67 96 1
f 67 96 1
f 67 96 1
f 67 96 1
f 67 96 1
f 67 96 1
f 67 96 1
f 67 96 1
f 67 96 1
f 67 96 1
f 67 96 1
f 67 96 1
f 67 96 1
f 67 96 1
f 67 96 1
f 67 96 1
f 67 96 1
f 68 70 1
f 68 70 1
f 68 70 1
f 68 70 1
f 68 70 1
f 68 70 1
f 68 70 1
f 68 70 1
f 68 70 1
f 68 70 1
f 68 70 1
f 68 70 1
f 68 70 1
f 68 70 1
f 68 70 1
f 68 70 1
f 68 70 1
f 68 70 1
f 68 70 1
f 68 70 1
f 68 70 1
f 68 70 1
f 68 70 1
f 68 70 1
f 68 70 1
f 68 70 1
f 68 70 1
f 68 70 1
f 68 70 1
f 68 70 1
f 68 70 1
f      68      95          1
f      68      95          1
f      68      95          1
f      68      95          1
f      68      95          1
f      68      95          1
f      68      95          1
f      68      95          1
f      68      95          1
f      68      95          1
f      68      95          1
f      68      95          1
f      68      95          1
f      68      95          1
f      68      95          1
f      68      95          1
f      68      95          1
f      68      95          1
f      68      95          1
f      68      95          1
f      68      95          1
f      68      95          1
f      68      95          1
f      68      95          1
f      68      95          1
f      68      95          1
f      68      95          1
f      68      95          1
f      68      95          1
f      68      95          1
f      68      95          1
f      69      71          1
f      69      71          1
f      69      71          1
f      69      71          1
f      69      71          1
f      69      71          1
f      69      71          1
f      69      71          1
f      69      71          1
f      69      71          1
f      69      71          1
f      69      71          1
f      69      71          1
f      69      71          1
f      69      71          1
f      69      71          1
f      69      71          1
f      69      71          1
f      69      71          1
f      69      71          1
f      69      71          1
f      69      71          1
f      69      71          1
f      69      71          1
f      69      71          1
f      69      71          1
f      69      71          1
f      69      71          1
f      69      71          1
f      69      71          1
f 70 72 1
f 70 72 1
f 70 72 1
f 70 72 1
f 70 72 1
f 70 72 1
f 70 72 1
f 70 72 1
f 70 72 1
f 70 72 1
f 70 72 1
f 70 72 1
f 70 72 1
f 70 72 1
f 70 72 1
f 70 72 1
f 70 72 1
f 70 72 1
f 70 72 1
f 70 72 1
f 70 72 1
f 70 72 1
f 70 72 1
f 70 72 1
f 70 72 1
f 70 72 1
f 70 72 1
f 70 72 1
f 70 72 1
f 70 72 1
f 70 72 1
f      71      73          1
f 72 74 1
f      73      75          1
f      73      75          1
f      73      75          1
f      73      75          1
f      73      75          1
f      73      75          1
f      73      75          1
f      73      75          1
f      73      75          1
f      73      75          1
f      73      75          1
f      73      75          1
f      73      75          1
f      73      75          1
f      73      75          1
f      73      75          1
f      73      75          1
f      73      75          1
f      73      75          1
f      73      75          1
f      73      75          1
f      73      75          1
f      73      75          1
f      73      75          1
f      73      75          1
f      73      75          1
f      73      75          1
f      73      75          1
f      73      75          1
f 74 76 1
f 74 76 1
f 74 76 1
f 74 76 1
f 74 76 1
f 74 76 1
f 74 76 1
f 74 76 1
f 74 76 1
f 74 76 1
f 74 76 1
f 74 76 1
f 74 76 1
f 74 76 1
f 74 76 1
f 74 76 1
f 74 76 1
f 74 76 1
f 74 76 1
f 74 76 1
f 74 76 1
f 74 76 1
f 74 76 1
f 74 76 1
f 74 76 1
f 74 76 1
f 74 76 1
f 74 76 1
f 74 76 1
f      75      77          1
f      75      77          1
f      75      77          1
f      75      77          1
f      75      77          1
f      75      77          1
f      75      77          1
f      75      77          1
f      75      77          1
f      75      77          1
f      75      77          1
f      75      77          1
f      75      77          1
f      75      77          1
f      75      77          1
f      75      77          1
f      75      77          1
f      75      77          1
f      75      77          1
f      75      77          1
f      75      77          1
f      75      77          1
f      75      77          1
f      75      77          1
f      75      77          1
f      75      77          1
f      75      77          1
f      75      77          1
f      75      77          1
f 76 78 1
f 76 78 1
f 76 78 1
f 76 78 1
f 76 78 1
f 76 78 1
f 76 78 1
f 76 78 1
f 76 78 1
f 76 78 1
f 76 78 1
f 76 78 1
f 76 78 1
f 76 78 1
f 76 78 1
f 76 78 1
f 76 78 1
f 76 78 1
f 76 78 1
f 76 78 1
f 76 78 1
f 76 78 1
f 76 78 1
f 76 78 1
f 76 78 1
f 76 78 1
f 76 78 1
f 76 78 1
f 76 78 1
f      77      79          1
f      77      79          1
f      77      79          1
f      77      79          1
f      77      79          1
f      77      79          1
f      77      79          1
f      77      79          1
f      77      79          1
f      77      79          1
f      77      79          1
f      77      79          1
f      77      79          1
f      77      79          1
f      77      79          1
f      77      79          1
f      77      79          1
f      77      79          1
f      77      79          1
f      77      79          1
f      77      79          1
f      77      79          1
f      77      79          1
f      77      79          1
f      77      79          1
f      77      79          1
f      77      79          1
f      77      79          1
f      77      79          1
f 78 80 1
f 78 80 1
f 78 80 1
f 78 80 1
f 78 80 1
f 78 80 1
f 78 80 1
f 78 80 1
f 78 80 1
f 78 80 1
f 78 80 1
f 78 80 1
f 78 80 1
f 78 80 1
f 78 80 1
f 78 80 1
f 78 80 1
f 78 80 1
f 78 80 1
f 78 80 1
f 78 80 1
f 78 80 1
f 78 80 1
f 78 80 1
f 78 80 1
f 78 80 1
f 78 80 1
f 78 80 1
f 78 80 1
f 7 89 1
f 7 89 1
f 7 89 1
f 7 89 1
f 7 89 1
f 7 89 1
f 7 89 1
f 7 89 1
f 7 89 1
f 7 89 1
f 7 89 1
f       7       9          1
f       7       9          1
f       7       9          1
f       7       9          1
f       7       9          1
f       7       9          1
f       7       9          1
f       7       9          1
f       7       9          1
f       7       9          1
f      79      81          1
f      79      81          1
f      79      81          1
f      79      81          1
f      79      81          1
f      79      81          1
f      79      81          1
f      79      81          1
f      79      81          1
f      79      81          1
f      79      81          1
f      79      81          1
f      79      81          1
f      79      81          1
f      79      81          1
f      79      81          1
f      79      81          1
f      79      81          1
f      79      81          1
f      79      81          1
f      79      81          1
f      79      81          1
f      79      81          1
f      79      81          1
f      79      81          1
f      79      81          1
f      79      81          1
f      79      81          1
f      79      81          1
f 80 82 1
f 80 82 1
f 80 82 1
f 80 82 1
f 80 82 1
f 80 82 1
f 80 82 1
f 80 82 1
f 80 82 1
f 80 82 1
f 80 82 1
f 80 82 1
f 80 82 1
f 80 82 1
f 80 82 1
f 80 82 1
f 80 82 1
f 80 82 1
f 80 82 1
f 80 82 1
f 80 82 1
f 80 82 1
f 80 82 1
f 80 82 1
f 80 82 1
f 80 82 1
f 80 82 1
f 80 82 1
f 80 82 1
f 8 10 1
f 8 10 1
f 8 10 1
f 8 10 1
f 8 10 1
f 8 10 1
f 8 10 1
f 8 10 1
f 8 10 1
f 8 10 1
f      81      83          1
f      81      83          1
f      81      83          1
f      81      83          1
f      81      83          1
f      81      83          1
f      81      83          1
f      81      83          1
f      81      83          1
f      81      83          1
f      81      83          1
f      81      83          1
f      81      83          1
f      81      83          1
f      81      83          1
f      81      83          1
f      81      83          1
f      81      83          1
f      81      83          1
f      81      83          1
f      81      83          1
f      81      83          1
f      81      83          1
f      81      83          1
f      81      83          1
f      81      83          1
f      81      83          1
f      81      83          1
f      81      83          1
f 82 84 1
f 82 84 1
f 82 84 1
f 82 84 1
f 82 84 1
f 82 84 1
f 82 84 1
f 82 84 1
f 82 84 1
f 82 84 1
f 82 84 1
f 82 84 1
f 82 84 1
f 82 84 1
f 82 84 1
f 82 84 1
f 82 84 1
f 82 84 1
f 82 84 1
f 82 84 1
f 82 84 1
f 82 84 1
f 82 84 1
f 82 84 1
f 82 84 1
f 82 84 1
f 82 84 1
f 82 84 1
f 82 84 1
f      83      85          1
f      83      85          1
f      83      85          1
f      83      85          1
f      83      85          1
f      83      85          1
f      83      85          1
f      83      85          1
f      83      85          1
f      83      85          1
f      83      85          1
f      83      85          1
f      83      85          1
f      83      85          1
f      83      85          1
f      83      85          1
f      83      85          1
f      83      85          1
f      83      85          1
f      83      85          1
f      83      85          1
f      83      85          1
f      83      85          1
f      83      85          1
f      83      85          1
f      83      85          1
f      83      85          1
f      83      85          1
f      83      85          1
f 84 86 1
f 84 86 1
f 84 86 1
f 84 86 1
f 84 86 1
f 84 86 1
f 84 86 1
f 84 86 1
f 84 86 1
f 84 86 1
f 84 86 1
f 84 86 1
f 84 86 1
f 84 86 1
f 84 86 1
f 84 86 1
f 84 86 1
f 84 86 1
f 84 86 1
f 84 86 1
f 84 86 1
f 84 86 1
f 84 86 1
f 84 86 1
f 84 86 1
f 84 86 1
f 84 86 1
f 84 86 1
f 84 86 1
f 87 113 1
f 87 113 1
f 87 113 1
f 87 113 1
f 87 113 1
f 87 113 1
f 87 113 1
f 87 113 1
f 87 113 1
f 87 113 1
f 87 113 1
f      87      89          1
f      87      89          1
f      87      89          1
f      87      89          1
f      87      89          1
f      87      89          1
f      87      89          1
f      87      89          1
f      87      89          1
f      87      89          1
f      87      89          1
f      88     114          1
f      88     114          1
f      88     114          1
f      88     114          1
f      88     114          1
f      88     114          1
f      88     114          1
f      88     114          1
f      88     114          1
f      88     114          1
f 88 90 1
f 88 90 1
f 88 90 1
f 88 90 1
f 88 90 1
f 88 90 1
f 88 90 1
f 88 90 1
f 88 90 1
f 88 90 1
f       8      90          1
f       8      90          1
f       8      90          1
f       8      90          1
f       8      90          1
f       8      90          1
f       8      90          1
f       8      90          1
f       8      90          1
f       8      90          1
f       9      11          1
f       9      11          1
f       9      11          1
f       9      11          1
f       9      11          1
f       9      11          1
f       9      11          1
f       9      11          1
f       9      11          1
f       9      11          1
f       9      11          1
f       9      11          1
f       9      11          1
f       9      11          1
f       9      11          1
f       9      11          1
f       9      11          1
f       9      11          1
f       9      11          1
f       9      11          1
f       9      11          1
f       9      11          1
f       9      11          1
f       9      11          1
f       9      11          1
f       9      11          1
f       9      11          1
f 91 119 1
f 91 119 1
f 91 119 1
f 91 119 1
f 91 119 1
f 91 119 1
f 91 119 1
f 91 119 1
f 91 119 1
f 91 119 1
f 91 119 1
f 91 119 1
f 91 119 1
f 91 119 1
f 91 119 1
f 91 119 1
f 91 119 1
f 91 119 1
f 91 119 1
f 91 119 1
f 91 119 1
f 91 119 1
f 91 119 1
f 91 119 1
f 91 119 1
f 91 119 1
f 91 119 1
f 91 119 1
f 91 119 1
f 91 119 1
f 91 119 1
f 91 119 1
f 91 119 1
f      91      93          1
f      91      93          1
f      91      93          1
f      91      93          1
f      91      93          1
f      91      93          1
f      91      93          1
f      91      93          1
f      91      93          1
f      91      93          1
f      91      93          1
f      91      93          1
f      91      93          1
f      91      93          1
f      91      93          1
f      91      93          1
f      91      93          1
f      91      93          1
f      91      93          1
f      91      93          1
f      91      93          1
f      91      93          1
f      91      93          1
f      91      93          1
f      91      93          1
f      91      93          1
f      91      93          1
f      91      93          1
f      91      93          1
f      91      93          1
f      91      93          1
f      91      93          1
f      91      93          1
f      92     120          1
f      92     120          1
f      92     120          1
f      92     120          1
f      92     120          1
f      92     120          1
f      92     120          1
f      92     120          1
f      92     120          1
f      92     120          1
f      92     120          1
f      92     120          1
f      92     120          1
f      92     120          1
f      92     120          1
f      92     120          1
f      92     120          1
f      92     120          1
f      92     120          1
f      92     120          1
f      92     120          1
f      92     120          1
f      92     120          1
f      92     120          1
f      92     120          1
f      92     120          1
f      92     120          1
f      92     120          1
f      92     120          1
f      92     120          1
f      92     120          1
f      92     120          1
f      92     120          1
f 92 94 1
f 92 94 1
f 92 94 1
f 92 94 1
f 92 94 1
f 92 94 1
f 92 94 1
f 92 94 1
f 92 94 1
f 92 94 1
f 92 94 1
f 92 94 1
f 92 94 1
f 92 94 1
f 92 94 1
f 92 94 1
f 92 94 1
f 92 94 1
f 92 94 1
f 92 94 1
f 92 94 1
f 92 94 1
f 92 94 1
f 92 94 1
f 92 94 1
f 92 94 1
f 92 94 1
f 92 94 1
f 92 94 1
f 92 94 1
f 92 94 1
f 92 94 1
f 92 94 1
f      93     115          1
f      93     115          1
f      93     115          1
f      93     115          1
f      93     115          1
f      93     115          1
f      93     115          1
f      93     115          1
f      93     115          1
f      93      95          1
f      93      95          1
f      93      95          1
f      93      95          1
f      93      95          1
f      93      95          1
f      93      95          1
f      93      95          1
f      93      95          1
f      93      95          1
f      93      95          1
f      93      95          1
f      93      95          1
f      93      95          1
f      93      95          1
f      93      95          1
f      93      95          1
f      93      95          1
f      93      95          1
f      93      95          1
f      93      95          1
f      93      95          1
f      93      95          1
f      93      95          1
f 94 116 1
f 94 116 1
f 94 116 1
f 94 116 1
f 94 116 1
f 94 116 1
f 94 116 1
f 94 96 1
f 94 96 1
f 94 96 1
f 94 96 1
f 94 96 1
f 94 96 1
f 94 96 1
f 94 96 1
f 94 96 1
f 94 96 1
f 94 96 1
f 94 96 1
f 94 96 1
f 94 96 1
f 94 96 1
f 94 96 1
f 94 96 1
f 94 96 1
f 94 96 1
f 94 96 1
f 94 96 1
f 94 96 1
f 94 96 1
f 94 96 1
f 94 96 1
f 94 96 1
f 9 54 1
f 9 54 1
f 9 54 1
f 9 54 1
f 9 54 1
f 9 54 1
f 9 54 1
f 9 54 1
f 9 54 1
f 9 54 1
f 9 54 1
f 9 54 1
f 9 54 1
f 9 54 1
f 9 54 1
f 9 54 1
f 9 54 1
f      95      97          1
f      95      97          1
f      95      97          1
f      95      97          1
f      95      97          1
f      95      97          1
f      95      97          1
f      95      97          1
f      95      97          1
f      95      97          1
f      95      97          1
f      95      97          1
f      95      97          1
f      95      97          1
f      95      97          1
f      95      97          1
f      95      97          1
f      95      97          1
f      95      97          1
f      95      97          1
f      95      97          1
f      95      97          1
f      95      97          1
f      95      97          1
f      95      97          1
f      95      97          1
f      95      97          1
f      95      97          1
f      95      97          1
f      95      97          1
f      95      97          1
f      95      97          1
f      95      97          1
f      95      97          1
f      95      97          1
f      95      97          1
f      95      97          1
f      95      97          1
f      95      97          1
f      95      97          1
f      95      97          1
f      95      97          1
f      95      97          1
f      95      97          1
f      95      97          1
f      95      97          1
f      95      97          1
f      95      97          1
f      95      97          1
f      95      97          1
f      95      97          1
f      95      97          1
f      95      97          1
f      95      97          1
f      95      97          1
f 96 98 1
f 96 98 1
f 96 98 1
f 96 98 1
f 96 98 1
f 96 98 1
f 96 98 1
f 96 98 1
f 96 98 1
f 96 98 1
f 96 98 1
f 96 98 1
f 96 98 1
f 96 98 1
f 96 98 1
f 96 98 1
f 96 98 1
f 96 98 1
f 96 98 1
f 96 98 1
f 96 98 1
f 96 98 1
f 96 98 1
f 96 98 1
f 96 98 1
f 96 98 1
f 96 98 1
f 96 98 1
f 96 98 1
f 96 98 1
f 96 98 1
f 96 98 1
f 96 98 1
f 96 98 1
f 96 98 1
f 96 98 1
f 96 98 1
f 96 98 1
f 96 98 1
f 96 98 1
f 96 98 1
f 96 98 1
f 96 98 1
f 96 98 1
f 96 98 1
f 96 98 1
f 96 98 1
f 96 98 1
f 96 98 1
f 96 98 1
f 96 98 1
f 96 98 1
f 96 98 1
f 96 98 1
f 96 98 1
f      97      99          1
f      97      99          1
f      97      99          1
f      97      99          1
f      97      99          1
f      97      99          1
f      97      99          1
f      97      99          1
f      97      99          1
f      97      99          1
f      97      99          1
f      97      99          1
f      97      99          1
f      97      99          1
f      97      99          1
f      97      99          1
f      97      99          1
f      97      99          1
f      97      99          1
f      97      99          1
f      97      99          1
f      97      99          1
f      97      99          1
f      97      99          1
f      97      99          1
f      97      99          1
f      97      99          1
f      97      99          1
f      97      99          1
f      97      99          1
f      97      99          1
f      97      99          1
f      97      99          1
f      97      99          1
f      97      99          1
f      97      99          1
f      97      99          1
f      97      99          1
f      97      99          1
f      97      99          1
f      97      99          1
f      97      99          1
f 98 100 1
f 98 100 1
f 98 100 1
f 98 100 1
f 98 100 1
f 98 100 1
f 98 100 1
f 98 100 1
f 98 100 1
f 98 100 1
f 98 100 1
f 98 100 1
f 98 100 1
f 98 100 1
f 98 100 1
f 98 100 1
f 98 100 1
f 98 100 1
f 98 100 1
f 98 100 1
f 98 100 1
f 98 100 1
f 98 100 1
f 98 100 1
f 98 100 1
f 98 100 1
f 98 100 1
f 98 100 1
f 98 100 1
f 98 100 1
f 98 100 1
f 98 100 1
f 98 100 1
f 98 100 1
f 98 100 1
f 98 100 1
f 98 100 1
f 98 100 1
f 98 100 1
f 98 100 1
f      99     101          1
f      99     101          1
f      99     101          1
f      99     101          1
f      99     101          1
f      99     101          1
f      99     101          1
f      99     101          1
f      99     101          1
f      99     101          1
f      99     101          1
f      99     101          1
f      99     101          1
f      99     101          1
f      99     101          1
f      99     101          1
f      99     101          1
f      99     101          1
f      99     101          1
f      99     101          1
f      99     101          1
f      99     101          1
f      99     101          1
f      99     101          1
f      99     101          1
f      99     101          1
f      99     101          1
f      99     101          1
f      99     101          1
f      99     101          1
f      99     101          1
f      99     101          1
f      99     101          1
f      99     101          1
f      99     101          1
f      99     101          1
f      99     101          1
f      99     101          1
f      99     101          1
f      99     101          1
f      99     101          1
f      99     101          1
