Original cost:  -118229296
17 cost: -118229296 cost+uc-param -118229296 uc 46781914 -118229296
0
[3]
67 cost: -118229296 cost+uc-param -118229296 uc 46781914 -118229296
0
[3]
35 cost: -118229296 cost+uc-param -118229296 uc 46781914 -118229296
1
[3]
67 cost: -118223147 cost+uc-param -118229296 uc 46775765 -118229296
0
[68, 95, 97, 99, 101, 103, 105, 5, 1, 3]
35 cost: -118223147 cost+uc-param -118229296 uc 46775765 -118229296
0
[68, 95, 97, 99, 101, 103, 105, 5, 1, 3]
17 cost: -118223147 cost+uc-param -118229296 uc 46775765 -118229296
0
[68, 95, 97, 99, 101, 103, 105, 5, 1, 3]
19 cost: -118223123 cost+uc-param -118229296 uc 46775741 -118229296
0
[95, 97, 99, 101, 103, 105, 5, 1, 3, 17]
21 cost: -118221529 cost+uc-param -118229296 uc 46774147 -118229296
29
[97, 99, 101, 103, 105, 5, 1, 3, 17, 19]
35 cost: -118221529 cost+uc-param -118229296 uc 46774147 -118229296
0
[105, 5, 1, 3, 17, 19, 21, 5, 1, 3]
67 cost: -118221529 cost+uc-param -118229296 uc 46774147 -118229296
0
[105, 5, 1, 3, 17, 19, 21, 5, 1, 3]
69 cost: -118220951 cost+uc-param -118229296 uc 46773569 -118229296
29
[5, 1, 3, 17, 19, 21, 5, 1, 3, 67]
71 cost: -118220572 cost+uc-param -118229296 uc 46773190 -118229296
29
[1, 3, 17, 19, 21, 5, 1, 3, 67, 69]
35 cost: -118181094 cost+uc-param -118229296 uc 46733712 -118229296
0
[68, 95, 97, 99, 101, 103, 105, 5, 1, 3]
98 cost: -118181094 cost+uc-param -118229296 uc 46733712 -118229296
12
[95, 97, 99, 101, 103, 105, 5, 1, 3, 35]
96 cost: -118180759 cost+uc-param -118229296 uc 46733377 -118229296
52
[97, 99, 101, 103, 105, 5, 1, 3, 35, 98]
DONE! 4 0 -118229296 -118124683 46677301 229
DONE! 4 0 -118229296 -117920547 46473165 411
DONE! 4 0 -118229296 -117770337 46322955 556
DONE! 4 0 -118229296 -117006277 45558895 842
DONE! 4 0 -118229296 -114344234 42896852 1303
DONE! 4 0 -118229296 -95015252 23567870 2265
DONE! 4 0 -118229296 -93919642 22472260 2316
DONE! 4 0 -118229296 -92758330 21310948 2377
DONE! 4 0 -118229296 -92123675 20676293 2426
DONE! 4 0 -118229296 -80540220 9092838 2657
DONE! 4 0 -118229296 -52073809 -19373573 2769
DONE! 4 0 -118229296 -51868419 -19578963 2819
DONE! 4 0 -118229296 -51713669 -19733713 2849
DONE! 4 0 -118229296 -51623737 -19823645 2864
DONE! 4 0 -118229296 -51523656 -19923726 2879
DONE! 4 0 -118229296 -50977470 -20469912 2939
DONE! 4 0 -118229296 -49939293 -21508089 2999
DONE! 4 0 -118229296 -49484113 -21963269 3014
DONE! 4 0 -118229296 -47678908 -23768474 3044
DONE! 4 0 -118229296 -43774207 -27673175 3059
DONE! 4 0 -118229296 -48827504 -22619878 3029
DONE! 4 0 -118229296 -50284102 -21163280 2984
DONE! 4 0 -118229296 -50559096 -20888286 2969
DONE! 4 0 -118229296 -50785914 -20661468 2954
DONE! 4 0 -118229296 -51142094 -20305288 2924
DONE! 4 0 -118229296 -51285471 -20161911 2909
DONE! 4 0 -118229296 -51411660 -20035722 2894
DONE! 4 0 -118229296 -51794853 -19652529 2834
DONE! 4 0 -118229296 -51935291 -19512091 2804
DONE! 4 0 -118229296 -51996234 -19451148 2789
DONE! 4 0 -118229296 -51897345 -19550037 2814
DONE! 4 0 -118229296 -51713669 -19733713 2849
DONE! 4 0 -118229296 -51623737 -19823645 2864
DONE! 4 0 -118229296 -51142094 -20305288 2924
DONE! 4 0 -118229296 -50785914 -20661468 2954
DONE! 4 0 -118229296 -50284102 -21163280 2984
DONE! 4 0 -118229296 -43774207 -27673175 3059
DONE! 4 0 -118229296 -47678908 -23768474 3044
DONE! 4 0 -118229296 -48827504 -22619878 3029
DONE! 4 0 -118229296 -49484113 -21963269 3014
DONE! 4 0 -118229296 -49939293 -21508089 2999
DONE! 4 0 -118229296 -50559096 -20888286 2969
DONE! 4 0 -118229296 -50977470 -20469912 2939
DONE! 4 0 -118229296 -51285471 -20161911 2909
DONE! 4 0 -118229296 -51411660 -20035722 2894
DONE! 4 0 -118229296 -51523656 -19923726 2879
DONE! 4 0 -118229296 -51748883 -19698499 2844
DONE! 4 0 -118229296 -51523656 -19923726 2879
DONE! 4 0 -118229296 -51411660 -20035722 2894
DONE! 4 0 -118229296 -51285471 -20161911 2909
DONE! 4 0 -118229296 -50977470 -20469912 2939
DONE! 4 0 -118229296 -50785914 -20661468 2954
DONE! 4 0 -118229296 -49939293 -21508089 2999
DONE! 4 0 -118229296 -48827504 -22619878 3029
DONE! 4 0 -118229296 -47678908 -23768474 3044
DONE! 4 0 -118229296 -43774207 -27673175 3059
DONE! 4 0 -118229296 -49484113 -21963269 3014
DONE! 4 0 -118229296 -50284102 -21163280 2984
DONE! 4 0 -118229296 -50559096 -20888286 2969
DONE! 4 0 -118229296 -51142094 -20305288 2924
DONE! 4 0 -118229296 -51567172 -19880210 2874
DONE! 4 0 -118229296 -51411660 -20035722 2894
DONE! 4 0 -118229296 -51142094 -20305288 2924
DONE! 4 0 -118229296 -50785914 -20661468 2954
DONE! 4 0 -118229296 -47678908 -23768474 3044
DONE! 4 0 -118229296 -43774207 -27673175 3059
DONE! 4 0 -118229296 -48827504 -22619878 3029
DONE! 4 0 -118229296 -49484113 -21963269 3014
DONE! 4 0 -118229296 -49939293 -21508089 2999
DONE! 4 0 -118229296 -50284102 -21163280 2984
DONE! 4 0 -118229296 -50559096 -20888286 2969
DONE! 4 0 -118229296 -50977470 -20469912 2939
DONE! 4 0 -118229296 -51285471 -20161911 2909
DONE! 4 0 -118229296 -50785914 -20661468 2954
DONE! 4 0 -118229296 -50559096 -20888286 2969
DONE! 4 0 -118229296 -49939293 -21508089 2999
DONE! 4 0 -118229296 -49484113 -21963269 3014
DONE! 4 0 -118229296 -48827504 -22619878 3029
DONE! 4 0 -118229296 -43774207 -27673175 3059
DONE! 4 0 -118229296 -47678908 -23768474 3044
DONE! 4 0 -118229296 -50284102 -21163280 2984
DONE! 4 0 -118229296 -50977470 -20469912 2939
DONE! 4 0 -118229296 -51049342 -20398040 2934
DONE! 4 0 -118229296 -50785914 -20661468 2954
DONE! 4 0 -118229296 -50284102 -21163280 2984
DONE! 4 0 -118229296 -49484113 -21963269 3014
DONE! 4 0 -118229296 -43774207 -27673175 3059
DONE! 4 0 -118229296 -47678908 -23768474 3044
DONE! 4 0 -118229296 -48827504 -22619878 3029
DONE! 4 0 -118229296 -49939293 -21508089 2999
DONE! 4 0 -118229296 -50559096 -20888286 2969
DONE! 4 0 -118229296 -50869617 -20577765 2949
DONE! 4 0 -118229296 -49939293 -21508089 2999
DONE! 4 0 -118229296 -48827504 -22619878 3029
DONE! 4 0 -118229296 -43774207 -27673175 3059
DONE! 4 0 -118229296 -47678908 -23768474 3044
DONE! 4 0 -118229296 -49484113 -21963269 3014
DONE! 4 0 -118229296 -49484113 -21963269 3014
DONE! 4 0 -118229296 -48827504 -22619878 3029
DONE! 4 0 -118229296 -47678908 -23768474 3044
DONE! 4 0 -118229296 -43774207 -27673175 3059
DONE! 4 0 -118229296 -49683632 -21763750 3009
DONE! 4 0 -118229296 -49115515 -22331867 3024
DONE! 4 0 -118229296 -43774207 -27673175 3059
DONE! 4 0 -118229296 -47678908 -23768474 3044
DONE! 4 0 -118229296 -45489255 -25958127 3054
DONE! 4 0 -118229296 -43774207 -27673175 3059
DONE! 4 0 -118229296 -48183060 -23264322 3039
DONE! 4 0 -118229296 -47678908 -23768474 3044
DONE! 4 0 -118229296 -43774207 -27673175 3059
DONE! 4 0 -118229296 -48827504 -22619878 3029
DONE! 4 0 -118229296 -50090322 -21357060 2994
DONE! 4 0 -118229296 -50404462 -21042920 2979
DONE! 4 0 -118229296 -49939293 -21508089 2999
DONE! 4 0 -118229296 -48827504 -22619878 3029
DONE! 4 0 -118229296 -47678908 -23768474 3044
DONE! 4 0 -118229296 -43774207 -27673175 3059
DONE! 4 0 -118229296 -49484113 -21963269 3014
DONE! 4 0 -118229296 -50284102 -21163280 2984
DONE! 4 0 -118229296 -50658290 -20789092 2964
DONE! 4 0 -118229296 -50284102 -21163280 2984
DONE! 4 0 -118229296 -48827504 -22619878 3029
DONE! 4 0 -118229296 -43774207 -27673175 3059
DONE! 4 0 -118229296 -47678908 -23768474 3044
DONE! 4 0 -118229296 -49484113 -21963269 3014
DONE! 4 0 -118229296 -49939293 -21508089 2999
DONE! 4 0 -118229296 -50559096 -20888286 2969
DONE! 4 0 -118229296 -51204631 -20242751 2919
DONE! 4 0 -118229296 -50284102 -21163280 2984
DONE! 4 0 -118229296 -49939293 -21508089 2999
DONE! 4 0 -118229296 -48827504 -22619878 3029
DONE! 4 0 -118229296 -43774207 -27673175 3059
DONE! 4 0 -118229296 -47678908 -23768474 3044
DONE! 4 0 -118229296 -49484113 -21963269 3014
DONE! 4 0 -118229296 -50559096 -20888286 2969
DONE! 4 0 -118229296 -50785914 -20661468 2954
DONE! 4 0 -118229296 -50977470 -20469912 2939
DONE! 4 0 -118229296 -51142094 -20305288 2924
DONE! 4 0 -118229296 -51340458 -20106924 2904
DONE! 4 0 -118229296 -51285471 -20161911 2909
DONE! 4 0 -118229296 -50785914 -20661468 2954
DONE! 4 0 -118229296 -50559096 -20888286 2969
DONE! 4 0 -118229296 -50284102 -21163280 2984
DONE! 4 0 -118229296 -49484113 -21963269 3014
DONE! 4 0 -118229296 -43774207 -27673175 3059
DONE! 4 0 -118229296 -47678908 -23768474 3044
DONE! 4 0 -118229296 -48827504 -22619878 3029
DONE! 4 0 -118229296 -49939293 -21508089 2999
DONE! 4 0 -118229296 -50977470 -20469912 2939
DONE! 4 0 -118229296 -51142094 -20305288 2924
DONE! 4 0 -118229296 -51460412 -19986970 2889
DONE! 4 0 -118229296 -51662795 -19784587 2859
DONE! 4 0 -118229296 -51623737 -19823645 2864
DONE! 4 0 -118229296 -51523656 -19923726 2879
DONE! 4 0 -118229296 -51411660 -20035722 2894
DONE! 4 0 -118229296 -51285471 -20161911 2909
DONE! 4 0 -118229296 -50977470 -20469912 2939
DONE! 4 0 -118229296 -50559096 -20888286 2969
DONE! 4 0 -118229296 -50284102 -21163280 2984
DONE! 4 0 -118229296 -49484113 -21963269 3014
DONE! 4 0 -118229296 -48827504 -22619878 3029
DONE! 4 0 -118229296 -47678908 -23768474 3044
DONE! 4 0 -118229296 -43774207 -27673175 3059
DONE! 4 0 -118229296 -49939293 -21508089 2999
DONE! 4 0 -118229296 -50785914 -20661468 2954
DONE! 4 0 -118229296 -51142094 -20305288 2924
DONE! 4 0 -118229296 -51826720 -19620662 2829
DONE! 4 0 -118229296 -51794853 -19652529 2834
DONE! 4 0 -118229296 -51623737 -19823645 2864
DONE! 4 0 -118229296 -51523656 -19923726 2879
DONE! 4 0 -118229296 -51285471 -20161911 2909
DONE! 4 0 -118229296 -50977470 -20469912 2939
DONE! 4 0 -118229296 -50559096 -20888286 2969
DONE! 4 0 -118229296 -50284102 -21163280 2984
DONE! 4 0 -118229296 -49484113 -21963269 3014
DONE! 4 0 -118229296 -47678908 -23768474 3044
DONE! 4 0 -118229296 -43774207 -27673175 3059
DONE! 4 0 -118229296 -48827504 -22619878 3029
DONE! 4 0 -118229296 -49939293 -21508089 2999
DONE! 4 0 -118229296 -50785914 -20661468 2954
DONE! 4 0 -118229296 -51142094 -20305288 2924
DONE! 4 0 -118229296 -51411660 -20035722 2894
DONE! 4 0 -118229296 -51713669 -19733713 2849
DONE! 4 0 -118229296 -51868419 -19578963 2819
DONE! 4 0 -118229296 -51713669 -19733713 2849
DONE! 4 0 -118229296 -51623737 -19823645 2864
DONE! 4 0 -118229296 -51523656 -19923726 2879
DONE! 4 0 -118229296 -51411660 -20035722 2894
DONE! 4 0 -118229296 -51285471 -20161911 2909
DONE! 4 0 -118229296 -51142094 -20305288 2924
DONE! 4 0 -118229296 -50559096 -20888286 2969
DONE! 4 0 -118229296 -49939293 -21508089 2999
DONE! 4 0 -118229296 -49484113 -21963269 3014
DONE! 4 0 -118229296 -43774207 -27673175 3059
DONE! 4 0 -118229296 -47678908 -23768474 3044
DONE! 4 0 -118229296 -48827504 -22619878 3029
DONE! 4 0 -118229296 -50284102 -21163280 2984
DONE! 4 0 -118229296 -50785914 -20661468 2954
DONE! 4 0 -118229296 -50977470 -20469912 2939
DONE! 4 0 -118229296 -51794853 -19652529 2834
DONE! 4 0 -118229296 -51961613 -19485769 2799
DONE! 4 0 -118229296 -51868419 -19578963 2819
DONE! 4 0 -118229296 -51794853 -19652529 2834
DONE! 4 0 -118229296 -51713669 -19733713 2849
DONE! 4 0 -118229296 -51623737 -19823645 2864
DONE! 4 0 -118229296 -51523656 -19923726 2879
DONE! 4 0 -118229296 -51142094 -20305288 2924
DONE! 4 0 -118229296 -50977470 -20469912 2939
DONE! 4 0 -118229296 -50559096 -20888286 2969
DONE! 4 0 -118229296 -50284102 -21163280 2984
DONE! 4 0 -118229296 -43774207 -27673175 3059
DONE! 4 0 -118229296 -47678908 -23768474 3044
DONE! 4 0 -118229296 -48827504 -22619878 3029
DONE! 4 0 -118229296 -49484113 -21963269 3014
DONE! 4 0 -118229296 -49939293 -21508089 2999
DONE! 4 0 -118229296 -50785914 -20661468 2954
DONE! 4 0 -118229296 -51285471 -20161911 2909
DONE! 4 0 -118229296 -51411660 -20035722 2894
DONE! 4 0 -118229296 -51935291 -19512091 2804
DONE! 4 0 -118229296 -52020234 -19427148 2784
DONE! 4 0 -118229296 -51339011 -20108371 2833
DONE! 4 0 -118229296 -51211196 -20236186 2863
DONE! 4 0 -118229296 -51137630 -20309752 2878
DONE! 4 0 -118229296 -50966514 -20480868 2908
DONE! 4 0 -118229296 -50866433 -20580949 2923
DONE! 4 0 -118229296 -50754437 -20692945 2938
DONE! 4 0 -118229296 -50484871 -20962511 2968
DONE! 4 0 -118229296 -50320247 -21127135 2983
DONE! 4 0 -118229296 -50128691 -21318691 2998
DONE! 4 0 -118229296 -49626879 -21820503 3028
DONE! 4 0 -118229296 -49282070 -22165312 3043
DONE! 4 0 -118229296 -48826890 -22620492 3058
DONE! 4 0 -118229296 -48170281 -23277101 3073
DONE! 4 0 -118229296 -47021685 -24425697 3088
DONE! 4 0 -118229296 -43116984 -28330398 3103
DONE! 4 0 -118229296 -49901873 -21545509 3013
DONE! 4 0 -118229296 -50628248 -20819134 2953
DONE! 4 0 -118229296 -51056446 -20390936 2893
DONE! 4 0 -118229296 -51278068 -20169314 2848
DONE! 4 0 -118229296 -51363011 -20084371 2828
DONE! 4 0 -118229296 -51240122 -20207260 2858
DONE! 4 0 -118229296 -50909949 -20537433 2918
DONE! 4 0 -118229296 -50683235 -20764147 2948
DONE! 4 0 -118229296 -50547408 -20899974 2963
DONE! 4 0 -118229296 -50001067 -21446315 3008
DONE! 4 0 -118229296 -49282070 -22165312 3043
DONE! 4 0 -118229296 -48826890 -22620492 3058
DONE! 4 0 -118229296 -48170281 -23277101 3073
DONE! 4 0 -118229296 -43116984 -28330398 3103
DONE! 4 0 -118229296 -47021685 -24425697 3088
DONE! 4 0 -118229296 -49626879 -21820503 3028
DONE! 4 0 -118229296 -49747239 -21700143 3023
DONE! 4 0 -118229296 -48826890 -22620492 3058
DONE! 4 0 -118229296 -48170281 -23277101 3073
DONE! 4 0 -118229296 -47021685 -24425697 3088
DONE! 4 0 -118229296 -43116984 -28330398 3103
DONE! 4 0 -118229296 -49282070 -22165312 3043
DONE! 4 0 -118229296 -48826890 -22620492 3058
DONE! 4 0 -118229296 -48170281 -23277101 3073
DONE! 4 0 -118229296 -43116984 -28330398 3103
DONE! 4 0 -118229296 -47021685 -24425697 3088
DONE! 4 0 -118229296 -48170281 -23277101 3073
DONE! 4 0 -118229296 -47021685 -24425697 3088
DONE! 4 0 -118229296 -43116984 -28330398 3103
DONE! 4 0 -118229296 -44832032 -26615350 3098
DONE! 4 0 -118229296 -43116984 -28330398 3103
DONE! 4 0 -118229296 -47525837 -23921545 3083
DONE! 4 0 -118229296 -43116984 -28330398 3103
DONE! 4 0 -118229296 -47021685 -24425697 3088
DONE! 4 0 -118229296 -48458292 -22989090 3068
DONE! 4 0 -118229296 -49026409 -22420973 3053
DONE! 4 0 -118229296 -49433099 -22014283 3038
DONE! 4 0 -118229296 -49901873 -21545509 3013
DONE! 4 0 -118229296 -49626879 -21820503 3028
DONE! 4 0 -118229296 -48826890 -22620492 3058
DONE! 4 0 -118229296 -43116984 -28330398 3103
DONE! 4 0 -118229296 -47021685 -24425697 3088
DONE! 4 0 -118229296 -48170281 -23277101 3073
DONE! 4 0 -118229296 -49282070 -22165312 3043
DONE! 4 0 -118229296 -50212394 -21234988 2993
DONE! 4 0 -118229296 -50128691 -21318691 2998
DONE! 4 0 -118229296 -48826890 -22620492 3058
DONE! 4 0 -118229296 -48170281 -23277101 3073
DONE! 4 0 -118229296 -47021685 -24425697 3088
DONE! 4 0 -118229296 -43116984 -28330398 3103
DONE! 4 0 -118229296 -49282070 -22165312 3043
DONE! 4 0 -118229296 -49626879 -21820503 3028
DONE! 4 0 -118229296 -49901873 -21545509 3013
DONE! 4 0 -118229296 -50392119 -21055263 2978
DONE! 4 0 -118229296 -50320247 -21127135 2983
DONE! 4 0 -118229296 -48170281 -23277101 3073
DONE! 4 0 -118229296 -47021685 -24425697 3088
DONE! 4 0 -118229296 -43116984 -28330398 3103
DONE! 4 0 -118229296 -48826890 -22620492 3058
DONE! 4 0 -118229296 -49282070 -22165312 3043
DONE! 4 0 -118229296 -49626879 -21820503 3028
DONE! 4 0 -118229296 -49901873 -21545509 3013
DONE! 4 0 -118229296 -50128691 -21318691 2998
DONE! 4 0 -118229296 -50128691 -21318691 2998
DONE! 4 0 -118229296 -49901873 -21545509 3013
DONE! 4 0 -118229296 -49626879 -21820503 3028
DONE! 4 0 -118229296 -48826890 -22620492 3058
DONE! 4 0 -118229296 -48170281 -23277101 3073
DONE! 4 0 -118229296 -43116984 -28330398 3103
DONE! 4 0 -118229296 -47021685 -24425697 3088
DONE! 4 0 -118229296 -49282070 -22165312 3043
DONE! 4 0 -118229296 -50320247 -21127135 2983
DONE! 4 0 -118229296 -50484871 -20962511 2968
DONE! 4 0 -118229296 -50484871 -20962511 2968
DONE! 4 0 -118229296 -50320247 -21127135 2983
DONE! 4 0 -118229296 -50128691 -21318691 2998
DONE! 4 0 -118229296 -49901873 -21545509 3013
DONE! 4 0 -118229296 -49626879 -21820503 3028
DONE! 4 0 -118229296 -48826890 -22620492 3058
DONE! 4 0 -118229296 -43116984 -28330398 3103
DONE! 4 0 -118229296 -47021685 -24425697 3088
DONE! 4 0 -118229296 -48170281 -23277101 3073
DONE! 4 0 -118229296 -49282070 -22165312 3043
DONE! 4 0 -118229296 -50628248 -20819134 2953
DONE! 4 0 -118229296 -50803189 -20644193 2933
DONE! 4 0 -118229296 -50320247 -21127135 2983
DONE! 4 0 -118229296 -50128691 -21318691 2998
DONE! 4 0 -118229296 -49901873 -21545509 3013
DONE! 4 0 -118229296 -49282070 -22165312 3043
DONE! 4 0 -118229296 -48170281 -23277101 3073
DONE! 4 0 -118229296 -47021685 -24425697 3088
DONE! 4 0 -118229296 -43116984 -28330398 3103
DONE! 4 0 -118229296 -48826890 -22620492 3058
DONE! 4 0 -118229296 -49626879 -21820503 3028
DONE! 4 0 -118229296 -50484871 -20962511 2968
DONE! 4 0 -118229296 -50628248 -20819134 2953
DONE! 4 0 -118229296 -50754437 -20692945 2938
DONE! 4 0 -118229296 -50320247 -21127135 2983
DONE! 4 0 -118229296 -50128691 -21318691 2998
DONE! 4 0 -118229296 -49282070 -22165312 3043
DONE! 4 0 -118229296 -48826890 -22620492 3058
DONE! 4 0 -118229296 -48170281 -23277101 3073
DONE! 4 0 -118229296 -47021685 -24425697 3088
DONE! 4 0 -118229296 -43116984 -28330398 3103
DONE! 4 0 -118229296 -49626879 -21820503 3028
DONE! 4 0 -118229296 -49901873 -21545509 3013
DONE! 4 0 -118229296 -50484871 -20962511 2968
DONE! 4 0 -118229296 -50628248 -20819134 2953
DONE! 4 0 -118229296 -50754437 -20692945 2938
DONE! 4 0 -118229296 -50866433 -20580949 2923
DONE! 4 0 -118229296 -51005572 -20441810 2903
DONE! 4 0 -118229296 -50966514 -20480868 2908
DONE! 4 0 -118229296 -50866433 -20580949 2923
DONE! 4 0 -118229296 -50628248 -20819134 2953
DONE! 4 0 -118229296 -50320247 -21127135 2983
DONE! 4 0 -118229296 -48826890 -22620492 3058
DONE! 4 0 -118229296 -48170281 -23277101 3073
DONE! 4 0 -118229296 -43116984 -28330398 3103
DONE! 4 0 -118229296 -47021685 -24425697 3088
DONE! 4 0 -118229296 -49282070 -22165312 3043
DONE! 4 0 -118229296 -49626879 -21820503 3028
DONE! 4 0 -118229296 -49901873 -21545509 3013
DONE! 4 0 -118229296 -50128691 -21318691 2998
DONE! 4 0 -118229296 -50484871 -20962511 2968
DONE! 4 0 -118229296 -50754437 -20692945 2938
DONE! 4 0 -118229296 -51091660 -20355722 2888
DONE! 4 0 -118229296 -51056446 -20390936 2893
DONE! 4 0 -118229296 -50754437 -20692945 2938
DONE! 4 0 -118229296 -50484871 -20962511 2968
DONE! 4 0 -118229296 -50320247 -21127135 2983
DONE! 4 0 -118229296 -50128691 -21318691 2998
DONE! 4 0 -118229296 -49901873 -21545509 3013
DONE! 4 0 -118229296 -49626879 -21820503 3028
DONE! 4 0 -118229296 -48826890 -22620492 3058
DONE! 4 0 -118229296 -47021685 -24425697 3088
DONE! 4 0 -118229296 -43116984 -28330398 3103
DONE! 4 0 -118229296 -48170281 -23277101 3073
DONE! 4 0 -118229296 -49282070 -22165312 3043
DONE! 4 0 -118229296 -50628248 -20819134 2953
DONE! 4 0 -118229296 -50866433 -20580949 2923
DONE! 4 0 -118229296 -50966514 -20480868 2908
DONE! 4 0 -118229296 -51169497 -20277885 2873
DONE! 4 0 -118229296 -50754437 -20692945 2938
DONE! 4 0 -118229296 -50628248 -20819134 2953
DONE! 4 0 -118229296 -49626879 -21820503 3028
DONE! 4 0 -118229296 -49282070 -22165312 3043
DONE! 4 0 -118229296 -48826890 -22620492 3058
DONE! 4 0 -118229296 -48170281 -23277101 3073
DONE! 4 0 -118229296 -43116984 -28330398 3103
DONE! 4 0 -118229296 -47021685 -24425697 3088
DONE! 4 0 -118229296 -49901873 -21545509 3013
DONE! 4 0 -118229296 -50128691 -21318691 2998
DONE! 4 0 -118229296 -50320247 -21127135 2983
DONE! 4 0 -118229296 -50484871 -20962511 2968
DONE! 4 0 -118229296 -50866433 -20580949 2923
DONE! 4 0 -118229296 -50966514 -20480868 2908
DONE! 4 0 -118229296 -51056446 -20390936 2893
DONE! 4 0 -118229296 -51137630 -20309752 2878
DONE! 4 0 -118229296 -50966514 -20480868 2908
DONE! 4 0 -118229296 -50866433 -20580949 2923
DONE! 4 0 -118229296 -50628248 -20819134 2953
DONE! 4 0 -118229296 -50128691 -21318691 2998
DONE! 4 0 -118229296 -49626879 -21820503 3028
DONE! 4 0 -118229296 -49282070 -22165312 3043
DONE! 4 0 -118229296 -48826890 -22620492 3058
DONE! 4 0 -118229296 -48170281 -23277101 3073
DONE! 4 0 -118229296 -43116984 -28330398 3103
DONE! 4 0 -118229296 -47021685 -24425697 3088
DONE! 4 0 -118229296 -49901873 -21545509 3013
DONE! 4 0 -118229296 -50320247 -21127135 2983
DONE! 4 0 -118229296 -50484871 -20962511 2968
DONE! 4 0 -118229296 -50754437 -20692945 2938
DONE! 4 0 -118229296 -51056446 -20390936 2893
DONE! 4 0 -118229296 -51137630 -20309752 2878
DONE! 4 0 -118229296 -51211196 -20236186 2863
DONE! 4 0 -118229296 -51304390 -20142992 2843
DONE! 4 0 -118229296 -51278068 -20169314 2848
DONE! 4 0 -118229296 -51137630 -20309752 2878
DONE! 4 0 -118229296 -51056446 -20390936 2893
DONE! 4 0 -118229296 -50866433 -20580949 2923
DONE! 4 0 -118229296 -50484871 -20962511 2968
DONE! 4 0 -118229296 -49901873 -21545509 3013
DONE! 4 0 -118229296 -49626879 -21820503 3028
DONE! 4 0 -118229296 -49282070 -22165312 3043
DONE! 4 0 -118229296 -48170281 -23277101 3073
DONE! 4 0 -118229296 -47021685 -24425697 3088
DONE! 4 0 -118229296 -43116984 -28330398 3103
DONE! 4 0 -118229296 -48826890 -22620492 3058
DONE! 4 0 -118229296 -50128691 -21318691 2998
DONE! 4 0 -118229296 -50320247 -21127135 2983
DONE! 4 0 -118229296 -50628248 -20819134 2953
DONE! 4 0 -118229296 -50754437 -20692945 2938
DONE! 4 0 -118229296 -50966514 -20480868 2908
DONE! 4 0 -118229296 -51211196 -20236186 2863
DONE! 4 0 -118229296 -51416586 -20030796 2813
DONE! 4 0 -118229296 -50026880 -21420502 2859
DONE! 4 0 -118229296 -49949305 -21498077 2879
DONE! 4 0 -118229296 -49888362 -21559020 2894
DONE! 4 0 -118229296 -49364731 -22082651 2984
DONE! 4 0 -118229296 -49238542 -22208840 2999
DONE! 4 0 -118229296 -47892364 -23555018 3089
DONE! 4 0 -118229296 -47437184 -24010198 3104
DONE! 4 0 -118229296 -45631979 -25815403 3134
DONE! 4 0 -118229296 -41727278 -29720104 3149
DONE! 4 0 -118229296 -46780575 -24666807 3119
DONE! 4 0 -118229296 -48237173 -23210209 3074
DONE! 4 0 -118229296 -48512167 -22935215 3059
DONE! 4 0 -118229296 -48738985 -22708397 3044
DONE! 4 0 -118229296 -48930541 -22516841 3029
DONE! 4 0 -118229296 -49095165 -22352217 3014
DONE! 4 0 -118229296 -49476727 -21970655 2969
DONE! 4 0 -118229296 -49576808 -21870574 2954
DONE! 4 0 -118229296 -49666740 -21780642 2939
DONE! 4 0 -118229296 -49747924 -21699458 2924
DONE! 4 0 -118229296 -49821490 -21625892 2909
DONE! 4 0 -118229296 -49973305 -21474077 2874
DONE! 4 0 -118229296 -49850416 -21596966 2904
DONE! 4 0 -118229296 -49666740 -21780642 2939
DONE! 4 0 -118229296 -49576808 -21870574 2954
DONE! 4 0 -118229296 -49476727 -21970655 2969
DONE! 4 0 -118229296 -49238542 -22208840 2999
DONE! 4 0 -118229296 -49095165 -22352217 3014
DONE! 4 0 -118229296 -48930541 -22516841 3029
DONE! 4 0 -118229296 -47892364 -23555018 3089
DONE! 4 0 -118229296 -41727278 -29720104 3149
DONE! 4 0 -118229296 -45631979 -25815403 3134
DONE! 4 0 -118229296 -46780575 -24666807 3119
DONE! 4 0 -118229296 -47437184 -24010198 3104
DONE! 4 0 -118229296 -48237173 -23210209 3074
DONE! 4 0 -118229296 -48512167 -22935215 3059
DONE! 4 0 -118229296 -48738985 -22708397 3044
DONE! 4 0 -118229296 -49364731 -22082651 2984
DONE! 4 0 -118229296 -49747924 -21699458 2924
DONE! 4 0 -118229296 -49576808 -21870574 2954
DONE! 4 0 -118229296 -49476727 -21970655 2969
DONE! 4 0 -118229296 -49364731 -22082651 2984
DONE! 4 0 -118229296 -48930541 -22516841 3029
DONE! 4 0 -118229296 -47892364 -23555018 3089
DONE! 4 0 -118229296 -47437184 -24010198 3104
DONE! 4 0 -118229296 -46780575 -24666807 3119
DONE! 4 0 -118229296 -45631979 -25815403 3134
DONE! 4 0 -118229296 -41727278 -29720104 3149
DONE! 4 0 -118229296 -48237173 -23210209 3074
DONE! 4 0 -118229296 -48512167 -22935215 3059
DONE! 4 0 -118229296 -48738985 -22708397 3044
DONE! 4 0 -118229296 -49095165 -22352217 3014
DONE! 4 0 -118229296 -49238542 -22208840 2999
DONE! 4 0 -118229296 -49666740 -21780642 2939
DONE! 4 0 -118229296 -49701954 -21745428 2934
DONE! 4 0 -118229296 -49520243 -21927139 2964
DONE! 4 0 -118229296 -49238542 -22208840 2999
DONE! 4 0 -118229296 -48930541 -22516841 3029
DONE! 4 0 -118229296 -48512167 -22935215 3059
DONE! 4 0 -118229296 -47892364 -23555018 3089
DONE! 4 0 -118229296 -45631979 -25815403 3134
DONE! 4 0 -118229296 -41727278 -29720104 3149
DONE! 4 0 -118229296 -46780575 -24666807 3119
DONE! 4 0 -118229296 -47437184 -24010198 3104
DONE! 4 0 -118229296 -48237173 -23210209 3074
DONE! 4 0 -118229296 -48738985 -22708397 3044
DONE! 4 0 -118229296 -49095165 -22352217 3014
DONE! 4 0 -118229296 -49364731 -22082651 2984
DONE! 4 0 -118229296 -49095165 -22352217 3014
DONE! 4 0 -118229296 -48738985 -22708397 3044
DONE! 4 0 -118229296 -41727278 -29720104 3149
DONE! 4 0 -118229296 -45631979 -25815403 3134
DONE! 4 0 -118229296 -46780575 -24666807 3119
DONE! 4 0 -118229296 -47437184 -24010198 3104
DONE! 4 0 -118229296 -47892364 -23555018 3089
DONE! 4 0 -118229296 -48237173 -23210209 3074
DONE! 4 0 -118229296 -48512167 -22935215 3059
DONE! 4 0 -118229296 -48930541 -22516841 3029
DONE! 4 0 -118229296 -49238542 -22208840 2999
DONE! 4 0 -118229296 -48237173 -23210209 3074
DONE! 4 0 -118229296 -46780575 -24666807 3119
DONE! 4 0 -118229296 -41727278 -29720104 3149
DONE! 4 0 -118229296 -45631979 -25815403 3134
DONE! 4 0 -118229296 -47437184 -24010198 3104
DONE! 4 0 -118229296 -47892364 -23555018 3089
DONE! 4 0 -118229296 -48512167 -22935215 3059
DONE! 4 0 -118229296 -48738985 -22708397 3044
DONE! 4 0 -118229296 -48930541 -22516841 3029
DONE! 4 0 -118229296 -48822688 -22624694 3039
DONE! 4 0 -118229296 -48237173 -23210209 3074
DONE! 4 0 -118229296 -47437184 -24010198 3104
DONE! 4 0 -118229296 -41727278 -29720104 3149
DONE! 4 0 -118229296 -45631979 -25815403 3134
DONE! 4 0 -118229296 -46780575 -24666807 3119
DONE! 4 0 -118229296 -47892364 -23555018 3089
DONE! 4 0 -118229296 -48512167 -22935215 3059
DONE! 4 0 -118229296 -48611361 -22836021 3054
DONE! 4 0 -118229296 -48357533 -23089849 3069
DONE! 4 0 -118229296 -46780575 -24666807 3119
DONE! 4 0 -118229296 -41727278 -29720104 3149
DONE! 4 0 -118229296 -45631979 -25815403 3134
DONE! 4 0 -118229296 -47068586 -24378796 3114
DONE! 4 0 -118229296 -46136131 -25311251 3129
DONE! 4 0 -118229296 -43442326 -28005056 3144
DONE! 4 0 -118229296 -41727278 -29720104 3149
DONE! 4 0 -118229296 -45631979 -25815403 3134
DONE! 4 0 -118229296 -41727278 -29720104 3149
DONE! 4 0 -118229296 -47636703 -23810679 3099
DONE! 4 0 -118229296 -45631979 -25815403 3134
DONE! 4 0 -118229296 -41727278 -29720104 3149
DONE! 4 0 -118229296 -46780575 -24666807 3119
DONE! 4 0 -118229296 -47437184 -24010198 3104
DONE! 4 0 -118229296 -48043393 -23403989 3084
DONE! 4 0 -118229296 -47892364 -23555018 3089
DONE! 4 0 -118229296 -47437184 -24010198 3104
DONE! 4 0 -118229296 -46780575 -24666807 3119
DONE! 4 0 -118229296 -41727278 -29720104 3149
DONE! 4 0 -118229296 -45631979 -25815403 3134
DONE! 4 0 -118229296 -48237173 -23210209 3074
DONE! 4 0 -118229296 -47437184 -24010198 3104
DONE! 4 0 -118229296 -41727278 -29720104 3149
DONE! 4 0 -118229296 -45631979 -25815403 3134
DONE! 4 0 -118229296 -46780575 -24666807 3119
DONE! 4 0 -118229296 -47892364 -23555018 3089
DONE! 4 0 -118229296 -48738985 -22708397 3044
DONE! 4 0 -118229296 -48237173 -23210209 3074
DONE! 4 0 -118229296 -45631979 -25815403 3134
DONE! 4 0 -118229296 -41727278 -29720104 3149
DONE! 4 0 -118229296 -46780575 -24666807 3119
DONE! 4 0 -118229296 -47437184 -24010198 3104
DONE! 4 0 -118229296 -47892364 -23555018 3089
DONE! 4 0 -118229296 -48512167 -22935215 3059
DONE! 4 0 -118229296 -49002413 -22444969 3024
DONE! 4 0 -118229296 -49157702 -22289680 3009
DONE! 4 0 -118229296 -49095165 -22352217 3014
DONE! 4 0 -118229296 -48930541 -22516841 3029
DONE! 4 0 -118229296 -48738985 -22708397 3044
DONE! 4 0 -118229296 -48512167 -22935215 3059
DONE! 4 0 -118229296 -48237173 -23210209 3074
DONE! 4 0 -118229296 -47892364 -23555018 3089
DONE! 4 0 -118229296 -47437184 -24010198 3104
DONE! 4 0 -118229296 -45631979 -25815403 3134
DONE! 4 0 -118229296 -41727278 -29720104 3149
DONE! 4 0 -118229296 -46780575 -24666807 3119
DONE! 4 0 -118229296 -49293529 -22153853 2994
DONE! 4 0 -118229296 -49413483 -22033899 2979
DONE! 4 0 -118229296 -49364731 -22082651 2984
DONE! 4 0 -118229296 -49095165 -22352217 3014
DONE! 4 0 -118229296 -48930541 -22516841 3029
DONE! 4 0 -118229296 -48738985 -22708397 3044
DONE! 4 0 -118229296 -41727278 -29720104 3149
DONE! 4 0 -118229296 -45631979 -25815403 3134
DONE! 4 0 -118229296 -46780575 -24666807 3119
DONE! 4 0 -118229296 -47437184 -24010198 3104
DONE! 4 0 -118229296 -47892364 -23555018 3089
DONE! 4 0 -118229296 -48237173 -23210209 3074
DONE! 4 0 -118229296 -48512167 -22935215 3059
DONE! 4 0 -118229296 -49238542 -22208840 2999
DONE! 4 0 -118229296 -49476727 -21970655 2969
DONE! 4 0 -118229296 -49615866 -21831516 2949
DONE! 4 0 -118229296 -49364731 -22082651 2984
DONE! 4 0 -118229296 -49238542 -22208840 2999
DONE! 4 0 -118229296 -48930541 -22516841 3029
DONE! 4 0 -118229296 -47437184 -24010198 3104
DONE! 4 0 -118229296 -41727278 -29720104 3149
DONE! 4 0 -118229296 -45631979 -25815403 3134
DONE! 4 0 -118229296 -46780575 -24666807 3119
DONE! 4 0 -118229296 -47892364 -23555018 3089
DONE! 4 0 -118229296 -48237173 -23210209 3074
DONE! 4 0 -118229296 -48512167 -22935215 3059
DONE! 4 0 -118229296 -48738985 -22708397 3044
DONE! 4 0 -118229296 -49095165 -22352217 3014
DONE! 4 0 -118229296 -49476727 -21970655 2969
DONE! 4 0 -118229296 -49576808 -21870574 2954
DONE! 4 0 -118229296 -49779791 -21667591 2919
DONE! 4 0 -118229296 -49821490 -21625892 2909
DONE! 4 0 -118229296 -49747924 -21699458 2924
DONE! 4 0 -118229296 -49666740 -21780642 2939
DONE! 4 0 -118229296 -49476727 -21970655 2969
DONE! 4 0 -118229296 -49238542 -22208840 2999
DONE! 4 0 -118229296 -48237173 -23210209 3074
DONE! 4 0 -118229296 -47437184 -24010198 3104
DONE! 4 0 -118229296 -41727278 -29720104 3149
DONE! 4 0 -118229296 -45631979 -25815403 3134
DONE! 4 0 -118229296 -46780575 -24666807 3119
DONE! 4 0 -118229296 -47892364 -23555018 3089
DONE! 4 0 -118229296 -48512167 -22935215 3059
DONE! 4 0 -118229296 -48738985 -22708397 3044
DONE! 4 0 -118229296 -48930541 -22516841 3029
DONE! 4 0 -118229296 -49095165 -22352217 3014
DONE! 4 0 -118229296 -49364731 -22082651 2984
DONE! 4 0 -118229296 -49576808 -21870574 2954
DONE! 4 0 -118229296 -49914684 -21532698 2889
DONE! 4 0 -118229296 -49888362 -21559020 2894
DONE! 4 0 -118229296 -49576808 -21870574 2954
DONE! 4 0 -118229296 -49476727 -21970655 2969
DONE! 4 0 -118229296 -49364731 -22082651 2984
DONE! 4 0 -118229296 -49238542 -22208840 2999
DONE! 4 0 -118229296 -48930541 -22516841 3029
DONE! 4 0 -118229296 -48738985 -22708397 3044
DONE! 4 0 -118229296 -48512167 -22935215 3059
DONE! 4 0 -118229296 -48237173 -23210209 3074
DONE! 4 0 -118229296 -47892364 -23555018 3089
DONE! 4 0 -118229296 -47437184 -24010198 3104
DONE! 4 0 -118229296 -46780575 -24666807 3119
DONE! 4 0 -118229296 -45631979 -25815403 3134
DONE! 4 0 -118229296 -41727278 -29720104 3149
DONE! 4 0 -118229296 -49095165 -22352217 3014
DONE! 4 0 -118229296 -49666740 -21780642 2939
DONE! 4 0 -118229296 -49747924 -21699458 2924
DONE! 4 0 -118229296 -49821490 -21625892 2909
DONE! 4 0 -118229296 -35923486 -35523896 3103
DONE! 4 0 -118229296 -35869911 -35577471 3118
DONE! 4 0 -118229296 -35718096 -35729286 3153
DONE! 4 0 -118229296 -35563346 -35884036 3183
DONE! 4 0 -118229296 -35473414 -35973968 3198
DONE! 4 0 -118229296 -35135148 -36312234 3243
DONE! 4 0 -118229296 -34991771 -36455611 3258
DONE! 4 0 -118229296 -34827147 -36620235 3273
DONE! 4 0 -118229296 -34133779 -37313603 3318
DONE! 4 0 -118229296 -32677181 -38770201 3363
DONE! 4 0 -118229296 -31528585 -39918797 3378
DONE! 4 0 -118229296 -27623884 -43823498 3393
DONE! 4 0 -118229296 -33333790 -38113592 3348
DONE! 4 0 -118229296 -33788970 -37658412 3333
DONE! 4 0 -118229296 -34408773 -37038609 3303
DONE! 4 0 -118229296 -34635591 -36811791 3288
DONE! 4 0 -118229296 -35261337 -36186045 3228
DONE! 4 0 -118229296 -35373333 -36074049 3213
DONE! 4 0 -118229296 -35644530 -35802852 3168
DONE! 4 0 -118229296 -35784968 -35662414 3138
DONE! 4 0 -118229296 -35747022 -35700360 3148
DONE! 4 0 -118229296 -35598560 -35848822 3178
DONE! 4 0 -118229296 -35473414 -35973968 3198
DONE! 4 0 -118229296 -35261337 -36186045 3228
DONE! 4 0 -118229296 -34991771 -36455611 3258
DONE! 4 0 -118229296 -34635591 -36811791 3288
DONE! 4 0 -118229296 -33788970 -37658412 3333
DONE! 4 0 -118229296 -33333790 -38113592 3348
DONE! 4 0 -118229296 -31528585 -39918797 3378
DONE! 4 0 -118229296 -27623884 -43823498 3393
DONE! 4 0 -118229296 -32677181 -38770201 3363
DONE! 4 0 -118229296 -34133779 -37313603 3318
DONE! 4 0 -118229296 -34408773 -37038609 3303
DONE! 4 0 -118229296 -34827147 -36620235 3273
DONE! 4 0 -118229296 -35135148 -36312234 3243
DONE! 4 0 -118229296 -35373333 -36074049 3213
DONE! 4 0 -118229296 -35373333 -36074049 3213
DONE! 4 0 -118229296 -35261337 -36186045 3228
DONE! 4 0 -118229296 -34827147 -36620235 3273
DONE! 4 0 -118229296 -34408773 -37038609 3303
DONE! 4 0 -118229296 -34133779 -37313603 3318
DONE! 4 0 -118229296 -33788970 -37658412 3333
DONE! 4 0 -118229296 -32677181 -38770201 3363
DONE! 4 0 -118229296 -31528585 -39918797 3378
DONE! 4 0 -118229296 -27623884 -43823498 3393
DONE! 4 0 -118229296 -33333790 -38113592 3348
DONE! 4 0 -118229296 -34635591 -36811791 3288
DONE! 4 0 -118229296 -34991771 -36455611 3258
DONE! 4 0 -118229296 -35135148 -36312234 3243
DONE! 4 0 -118229296 -35310089 -36137293 3223
DONE! 4 0 -118229296 -34991771 -36455611 3258
DONE! 4 0 -118229296 -34827147 -36620235 3273
DONE! 4 0 -118229296 -34408773 -37038609 3303
DONE! 4 0 -118229296 -34133779 -37313603 3318
DONE! 4 0 -118229296 -33788970 -37658412 3333
DONE! 4 0 -118229296 -31528585 -39918797 3378
DONE! 4 0 -118229296 -27623884 -43823498 3393
DONE! 4 0 -118229296 -32677181 -38770201 3363
DONE! 4 0 -118229296 -33333790 -38113592 3348
DONE! 4 0 -118229296 -34635591 -36811791 3288
DONE! 4 0 -118229296 -35054308 -36393074 3253
DONE! 4 0 -118229296 -34899019 -36548363 3268
DONE! 4 0 -118229296 -34719294 -36728088 3283
DONE! 4 0 -118229296 -34408773 -37038609 3303
DONE! 4 0 -118229296 -34133779 -37313603 3318
DONE! 4 0 -118229296 -33788970 -37658412 3333
DONE! 4 0 -118229296 -33333790 -38113592 3348
DONE! 4 0 -118229296 -27623884 -43823498 3393
DONE! 4 0 -118229296 -31528585 -39918797 3378
DONE! 4 0 -118229296 -32677181 -38770201 3363
DONE! 4 0 -118229296 -34133779 -37313603 3318
DONE! 4 0 -118229296 -33333790 -38113592 3348
DONE! 4 0 -118229296 -31528585 -39918797 3378
DONE! 4 0 -118229296 -27623884 -43823498 3393
DONE! 4 0 -118229296 -32677181 -38770201 3363
DONE! 4 0 -118229296 -33788970 -37658412 3333
DONE! 4 0 -118229296 -34254139 -37193243 3313
DONE! 4 0 -118229296 -33788970 -37658412 3333
DONE! 4 0 -118229296 -33333790 -38113592 3348
DONE! 4 0 -118229296 -31528585 -39918797 3378
DONE! 4 0 -118229296 -27623884 -43823498 3393
DONE! 4 0 -118229296 -32677181 -38770201 3363
DONE! 4 0 -118229296 -33333790 -38113592 3348
DONE! 4 0 -118229296 -27623884 -43823498 3393
DONE! 4 0 -118229296 -31528585 -39918797 3378
DONE! 4 0 -118229296 -32677181 -38770201 3363
DONE! 4 0 -118229296 -32965192 -38482190 3358
DONE! 4 0 -118229296 -27623884 -43823498 3393
DONE! 4 0 -118229296 -29338932 -42108450 3388
DONE! 4 0 -118229296 -32032737 -39414645 3373
DONE! 4 0 -118229296 -27623884 -43823498 3393
DONE! 4 0 -118229296 -31528585 -39918797 3378
DONE! 4 0 -118229296 -32677181 -38770201 3363
DONE! 4 0 -118229296 -27623884 -43823498 3393
DONE! 4 0 -118229296 -31528585 -39918797 3378
DONE! 4 0 -118229296 -33533309 -37914073 3343
DONE! 4 0 -118229296 -33939999 -37507383 3328
DONE! 4 0 -118229296 -34507967 -36939415 3298
DONE! 4 0 -118229296 -34408773 -37038609 3303
DONE! 4 0 -118229296 -33788970 -37658412 3333
DONE! 4 0 -118229296 -32677181 -38770201 3363
DONE! 4 0 -118229296 -31528585 -39918797 3378
DONE! 4 0 -118229296 -27623884 -43823498 3393
DONE! 4 0 -118229296 -33333790 -38113592 3348
DONE! 4 0 -118229296 -34133779 -37313603 3318
DONE! 4 0 -118229296 -34635591 -36811791 3288
DONE! 4 0 -118229296 -34635591 -36811791 3288
DONE! 4 0 -118229296 -34133779 -37313603 3318
DONE! 4 0 -118229296 -33333790 -38113592 3348
DONE! 4 0 -118229296 -32677181 -38770201 3363
DONE! 4 0 -118229296 -31528585 -39918797 3378
DONE! 4 0 -118229296 -27623884 -43823498 3393
DONE! 4 0 -118229296 -33788970 -37658412 3333
DONE! 4 0 -118229296 -34408773 -37038609 3303
DONE! 4 0 -118229296 -34827147 -36620235 3273
DONE! 4 0 -118229296 -35190135 -36257247 3238
DONE! 4 0 -118229296 -35135148 -36312234 3243
DONE! 4 0 -118229296 -34827147 -36620235 3273
DONE! 4 0 -118229296 -34635591 -36811791 3288
DONE! 4 0 -118229296 -34408773 -37038609 3303
DONE! 4 0 -118229296 -34133779 -37313603 3318
DONE! 4 0 -118229296 -32677181 -38770201 3363
DONE! 4 0 -118229296 -31528585 -39918797 3378
DONE! 4 0 -118229296 -27623884 -43823498 3393
DONE! 4 0 -118229296 -33333790 -38113592 3348
DONE! 4 0 -118229296 -33788970 -37658412 3333
DONE! 4 0 -118229296 -34991771 -36455611 3258
DONE! 4 0 -118229296 -35135148 -36312234 3243
DONE! 4 0 -118229296 -34635591 -36811791 3288
DONE! 4 0 -118229296 -34133779 -37313603 3318
DONE! 4 0 -118229296 -32677181 -38770201 3363
DONE! 4 0 -118229296 -27623884 -43823498 3393
DONE! 4 0 -118229296 -31528585 -39918797 3378
DONE! 4 0 -118229296 -33333790 -38113592 3348
DONE! 4 0 -118229296 -33788970 -37658412 3333
DONE! 4 0 -118229296 -34408773 -37038609 3303
DONE! 4 0 -118229296 -34827147 -36620235 3273
DONE! 4 0 -118229296 -34991771 -36455611 3258
DONE! 4 0 -118229296 -35261337 -36186045 3228
DONE! 4 0 -118229296 -35416849 -36030533 3208
DONE! 4 0 -118229296 -35512472 -35934910 3193
DONE! 4 0 -118229296 -35373333 -36074049 3213
DONE! 4 0 -118229296 -35135148 -36312234 3243
DONE! 4 0 -118229296 -34635591 -36811791 3288
DONE! 4 0 -118229296 -34408773 -37038609 3303
DONE! 4 0 -118229296 -33788970 -37658412 3333
DONE! 4 0 -118229296 -33333790 -38113592 3348
DONE! 4 0 -118229296 -32677181 -38770201 3363
DONE! 4 0 -118229296 -31528585 -39918797 3378
DONE! 4 0 -118229296 -27623884 -43823498 3393
DONE! 4 0 -118229296 -34133779 -37313603 3318
DONE! 4 0 -118229296 -34827147 -36620235 3273
DONE! 4 0 -118229296 -34991771 -36455611 3258
DONE! 4 0 -118229296 -35261337 -36186045 3228
DONE! 4 0 -118229296 -35473414 -35973968 3198
DONE! 4 0 -118229296 -35563346 -35884036 3183
DONE! 4 0 -118229296 -35676397 -35770985 3163
DONE! 4 0 -118229296 -35563346 -35884036 3183
DONE! 4 0 -118229296 -35373333 -36074049 3213
DONE! 4 0 -118229296 -35135148 -36312234 3243
DONE! 4 0 -118229296 -34991771 -36455611 3258
DONE! 4 0 -118229296 -32677181 -38770201 3363
DONE! 4 0 -118229296 -27623884 -43823498 3393
DONE! 4 0 -118229296 -31528585 -39918797 3378
DONE! 4 0 -118229296 -33333790 -38113592 3348
DONE! 4 0 -118229296 -33788970 -37658412 3333
DONE! 4 0 -118229296 -34133779 -37313603 3318
DONE! 4 0 -118229296 -34408773 -37038609 3303
DONE! 4 0 -118229296 -34635591 -36811791 3288
DONE! 4 0 -118229296 -34827147 -36620235 3273
DONE! 4 0 -118229296 -35261337 -36186045 3228
DONE! 4 0 -118229296 -35473414 -35973968 3198
DONE! 4 0 -118229296 -35644530 -35802852 3168
DONE! 4 0 -118229296 -35718096 -35729286 3153
DONE! 4 0 -118229296 -35473414 -35973968 3198
DONE! 4 0 -118229296 -35135148 -36312234 3243
DONE! 4 0 -118229296 -34991771 -36455611 3258
DONE! 4 0 -118229296 -34827147 -36620235 3273
DONE! 4 0 -118229296 -34635591 -36811791 3288
DONE! 4 0 -118229296 -33788970 -37658412 3333
DONE! 4 0 -118229296 -33333790 -38113592 3348
DONE! 4 0 -118229296 -31528585 -39918797 3378
DONE! 4 0 -118229296 -27623884 -43823498 3393
DONE! 4 0 -118229296 -32677181 -38770201 3363
DONE! 4 0 -118229296 -34133779 -37313603 3318
DONE! 4 0 -118229296 -34408773 -37038609 3303
DONE! 4 0 -118229296 -35261337 -36186045 3228
DONE! 4 0 -118229296 -35373333 -36074049 3213
DONE! 4 0 -118229296 -35563346 -35884036 3183
DONE! 4 0 -118229296 -35644530 -35802852 3168
DONE! 4 0 -118229296 -35811290 -35636092 3133
DONE! 4 0 -118229296 -35845911 -35601471 3123
DONE! 4 0 -118229296 -35718096 -35729286 3153
DONE! 4 0 -118229296 -35644530 -35802852 3168
DONE! 4 0 -118229296 -35473414 -35973968 3198
DONE! 4 0 -118229296 -35373333 -36074049 3213
DONE! 4 0 -118229296 -35261337 -36186045 3228
DONE! 4 0 -118229296 -35135148 -36312234 3243
DONE! 4 0 -118229296 -34991771 -36455611 3258
DONE! 4 0 -118229296 -34827147 -36620235 3273
DONE! 4 0 -118229296 -33788970 -37658412 3333
DONE! 4 0 -118229296 -27623884 -43823498 3393
DONE! 4 0 -118229296 -31528585 -39918797 3378
DONE! 4 0 -118229296 -32677181 -38770201 3363
DONE! 4 0 -118229296 -33333790 -38113592 3348
DONE! 4 0 -118229296 -34133779 -37313603 3318
DONE! 4 0 -118229296 -34408773 -37038609 3303
DONE! 4 0 -118229296 -34635591 -36811791 3288
DONE! 4 0 -118229296 -35563346 -35884036 3183
DONE! 4 0 -118229296 -35784968 -35662414 3138
DONE! 4 0 -118229296 -15084491 -56362891 3164
DONE! 4 0 -118229296 -14945973 -56501409 3199
DONE! 4 0 -118229296 -14805535 -56641847 3229
DONE! 4 0 -118229296 -14724351 -56723031 3244
DONE! 4 0 -118229296 -14422342 -57025040 3289
DONE! 4 0 -118229296 -14296153 -57151229 3304
DONE! 4 0 -118229296 -14152776 -57294606 3319
DONE! 4 0 -118229296 -13988152 -57459230 3334
DONE! 4 0 -118229296 -13294784 -58152598 3379
DONE! 4 0 -118229296 -11838186 -59609196 3424
DONE! 4 0 -118229296 -6784889 -64662493 3454
DONE! 4 0 -118229296 -10689590 -60757792 3439
DONE! 4 0 -118229296 -12494795 -58952587 3409
DONE! 4 0 -118229296 -12949975 -58497407 3394
DONE! 4 0 -118229296 -13569778 -57877604 3364
DONE! 4 0 -118229296 -13796596 -57650786 3349
DONE! 4 0 -118229296 -14534338 -56913044 3274
DONE! 4 0 -118229296 -14634419 -56812963 3259
DONE! 4 0 -118229296 -14879101 -56568281 3214
DONE! 4 0 -118229296 -15006916 -56440466 3184
DONE! 4 0 -118229296 -14879101 -56568281 3214
DONE! 4 0 -118229296 -14634419 -56812963 3259
DONE! 4 0 -118229296 -14534338 -56913044 3274
DONE! 4 0 -118229296 -14422342 -57025040 3289
DONE! 4 0 -118229296 -14296153 -57151229 3304
DONE! 4 0 -118229296 -13988152 -57459230 3334
DONE! 4 0 -118229296 -13796596 -57650786 3349
DONE! 4 0 -118229296 -12949975 -58497407 3394
DONE! 4 0 -118229296 -12494795 -58952587 3409
DONE! 4 0 -118229296 -10689590 -60757792 3439
DONE! 4 0 -118229296 -6784889 -64662493 3454
DONE! 4 0 -118229296 -11838186 -59609196 3424
DONE! 4 0 -118229296 -13294784 -58152598 3379
DONE! 4 0 -118229296 -13569778 -57877604 3364
DONE! 4 0 -118229296 -14152776 -57294606 3319
DONE! 4 0 -118229296 -14724351 -56723031 3244
DONE! 4 0 -118229296 -14805535 -56641847 3229
DONE! 4 0 -118229296 -14805535 -56641847 3229
DONE! 4 0 -118229296 -14724351 -56723031 3244
DONE! 4 0 -118229296 -14296153 -57151229 3304
DONE! 4 0 -118229296 -13796596 -57650786 3349
DONE! 4 0 -118229296 -11838186 -59609196 3424
DONE! 4 0 -118229296 -6784889 -64662493 3454
DONE! 4 0 -118229296 -10689590 -60757792 3439
DONE! 4 0 -118229296 -12494795 -58952587 3409
DONE! 4 0 -118229296 -12949975 -58497407 3394
DONE! 4 0 -118229296 -13294784 -58152598 3379
DONE! 4 0 -118229296 -13569778 -57877604 3364
DONE! 4 0 -118229296 -13988152 -57459230 3334
DONE! 4 0 -118229296 -14152776 -57294606 3319
DONE! 4 0 -118229296 -14422342 -57025040 3289
DONE! 4 0 -118229296 -14534338 -56913044 3274
DONE! 4 0 -118229296 -14634419 -56812963 3259
DONE! 4 0 -118229296 -14759565 -56687817 3239
DONE! 4 0 -118229296 -14534338 -56913044 3274
DONE! 4 0 -118229296 -14422342 -57025040 3289
DONE! 4 0 -118229296 -13988152 -57459230 3334
DONE! 4 0 -118229296 -13569778 -57877604 3364
DONE! 4 0 -118229296 -12949975 -58497407 3394
DONE! 4 0 -118229296 -12494795 -58952587 3409
DONE! 4 0 -118229296 -11838186 -59609196 3424
DONE! 4 0 -118229296 -6784889 -64662493 3454
DONE! 4 0 -118229296 -10689590 -60757792 3439
DONE! 4 0 -118229296 -13294784 -58152598 3379
DONE! 4 0 -118229296 -13796596 -57650786 3349
DONE! 4 0 -118229296 -14152776 -57294606 3319
DONE! 4 0 -118229296 -14296153 -57151229 3304
DONE! 4 0 -118229296 -14577854 -56869528 3269
DONE! 4 0 -118229296 -14471094 -56976288 3284
DONE! 4 0 -118229296 -13988152 -57459230 3334
DONE! 4 0 -118229296 -13569778 -57877604 3364
DONE! 4 0 -118229296 -13294784 -58152598 3379
DONE! 4 0 -118229296 -12494795 -58952587 3409
DONE! 4 0 -118229296 -10689590 -60757792 3439
DONE! 4 0 -118229296 -6784889 -64662493 3454
DONE! 4 0 -118229296 -11838186 -59609196 3424
DONE! 4 0 -118229296 -12949975 -58497407 3394
DONE! 4 0 -118229296 -13796596 -57650786 3349
DONE! 4 0 -118229296 -14152776 -57294606 3319
DONE! 4 0 -118229296 -14296153 -57151229 3304
DONE! 4 0 -118229296 -14152776 -57294606 3319
DONE! 4 0 -118229296 -13569778 -57877604 3364
DONE! 4 0 -118229296 -12494795 -58952587 3409
DONE! 4 0 -118229296 -10689590 -60757792 3439
DONE! 4 0 -118229296 -6784889 -64662493 3454
DONE! 4 0 -118229296 -11838186 -59609196 3424
DONE! 4 0 -118229296 -12949975 -58497407 3394
DONE! 4 0 -118229296 -13294784 -58152598 3379
DONE! 4 0 -118229296 -13796596 -57650786 3349
DONE! 4 0 -118229296 -13988152 -57459230 3334
DONE! 4 0 -118229296 -14215313 -57232069 3314
DONE! 4 0 -118229296 -13569778 -57877604 3364
DONE! 4 0 -118229296 -13294784 -58152598 3379
DONE! 4 0 -118229296 -10689590 -60757792 3439
DONE! 4 0 -118229296 -6784889 -64662493 3454
DONE! 4 0 -118229296 -11838186 -59609196 3424
DONE! 4 0 -118229296 -12494795 -58952587 3409
DONE! 4 0 -118229296 -12949975 -58497407 3394
DONE! 4 0 -118229296 -13796596 -57650786 3349
DONE! 4 0 -118229296 -13988152 -57459230 3334
DONE! 4 0 -118229296 -13796596 -57650786 3349
DONE! 4 0 -118229296 -13294784 -58152598 3379
DONE! 4 0 -118229296 -10689590 -60757792 3439
DONE! 4 0 -118229296 -6784889 -64662493 3454
DONE! 4 0 -118229296 -11838186 -59609196 3424
DONE! 4 0 -118229296 -12494795 -58952587 3409
DONE! 4 0 -118229296 -12949975 -58497407 3394
DONE! 4 0 -118229296 -13569778 -57877604 3364
DONE! 4 0 -118229296 -13880299 -57567083 3344
DONE! 4 0 -118229296 -12949975 -58497407 3394
DONE! 4 0 -118229296 -11838186 -59609196 3424
DONE! 4 0 -118229296 -6784889 -64662493 3454
DONE! 4 0 -118229296 -10689590 -60757792 3439
DONE! 4 0 -118229296 -12494795 -58952587 3409
DONE! 4 0 -118229296 -13294784 -58152598 3379
DONE! 4 0 -118229296 -13569778 -57877604 3364
DONE! 4 0 -118229296 -13415144 -58032238 3374
DONE! 4 0 -118229296 -13101004 -58346378 3389
DONE! 4 0 -118229296 -11838186 -59609196 3424
DONE! 4 0 -118229296 -6784889 -64662493 3454
DONE! 4 0 -118229296 -10689590 -60757792 3439
DONE! 4 0 -118229296 -12126197 -59321185 3419
DONE! 4 0 -118229296 -11193742 -60253640 3434
DONE! 4 0 -118229296 -6784889 -64662493 3454
DONE! 4 0 -118229296 -8499937 -62947445 3449
DONE! 4 0 -118229296 -10689590 -60757792 3439
DONE! 4 0 -118229296 -6784889 -64662493 3454
DONE! 4 0 -118229296 -12694314 -58753068 3404
DONE! 4 0 -118229296 -11838186 -59609196 3424
DONE! 4 0 -118229296 -6784889 -64662493 3454
DONE! 4 0 -118229296 -10689590 -60757792 3439
DONE! 4 0 -118229296 -12494795 -58952587 3409
DONE! 4 0 -118229296 -12949975 -58497407 3394
DONE! 4 0 -118229296 -11838186 -59609196 3424
DONE! 4 0 -118229296 -10689590 -60757792 3439
DONE! 4 0 -118229296 -6784889 -64662493 3454
DONE! 4 0 -118229296 -12494795 -58952587 3409
DONE! 4 0 -118229296 -12949975 -58497407 3394
DONE! 4 0 -118229296 -12494795 -58952587 3409
DONE! 4 0 -118229296 -11838186 -59609196 3424
DONE! 4 0 -118229296 -6784889 -64662493 3454
DONE! 4 0 -118229296 -10689590 -60757792 3439
DONE! 4 0 -118229296 -13294784 -58152598 3379
DONE! 4 0 -118229296 -13668972 -57778410 3359
DONE! 4 0 -118229296 -14060024 -57387358 3329
DONE! 4 0 -118229296 -14351140 -57096242 3299
DONE! 4 0 -118229296 -13988152 -57459230 3334
DONE! 4 0 -118229296 -12949975 -58497407 3394
DONE! 4 0 -118229296 -12494795 -58952587 3409
DONE! 4 0 -118229296 -6784889 -64662493 3454
DONE! 4 0 -118229296 -10689590 -60757792 3439
DONE! 4 0 -118229296 -11838186 -59609196 3424
DONE! 4 0 -118229296 -13294784 -58152598 3379
DONE! 4 0 -118229296 -13569778 -57877604 3364
DONE! 4 0 -118229296 -13796596 -57650786 3349
DONE! 4 0 -118229296 -14152776 -57294606 3319
DONE! 4 0 -118229296 -14296153 -57151229 3304
DONE! 4 0 -118229296 -14422342 -57025040 3289
DONE! 4 0 -118229296 -14673477 -56773905 3254
DONE! 4 0 -118229296 -14534338 -56913044 3274
DONE! 4 0 -118229296 -14422342 -57025040 3289
DONE! 4 0 -118229296 -13988152 -57459230 3334
DONE! 4 0 -118229296 -13294784 -58152598 3379
DONE! 4 0 -118229296 -12949975 -58497407 3394
DONE! 4 0 -118229296 -12494795 -58952587 3409
DONE! 4 0 -118229296 -11838186 -59609196 3424
DONE! 4 0 -118229296 -6784889 -64662493 3454
DONE! 4 0 -118229296 -10689590 -60757792 3439
DONE! 4 0 -118229296 -13569778 -57877604 3364
DONE! 4 0 -118229296 -13796596 -57650786 3349
DONE! 4 0 -118229296 -14152776 -57294606 3319
DONE! 4 0 -118229296 -14296153 -57151229 3304
DONE! 4 0 -118229296 -14634419 -56812963 3259
DONE! 4 0 -118229296 -14724351 -56723031 3244
DONE! 4 0 -118229296 -14634419 -56812963 3259
DONE! 4 0 -118229296 -14534338 -56913044 3274
DONE! 4 0 -118229296 -14152776 -57294606 3319
DONE! 4 0 -118229296 -13294784 -58152598 3379
DONE! 4 0 -118229296 -10689590 -60757792 3439
DONE! 4 0 -118229296 -6784889 -64662493 3454
DONE! 4 0 -118229296 -11838186 -59609196 3424
DONE! 4 0 -118229296 -12494795 -58952587 3409
DONE! 4 0 -118229296 -12949975 -58497407 3394
DONE! 4 0 -118229296 -13569778 -57877604 3364
DONE! 4 0 -118229296 -13796596 -57650786 3349
DONE! 4 0 -118229296 -13988152 -57459230 3334
DONE! 4 0 -118229296 -14296153 -57151229 3304
DONE! 4 0 -118229296 -14422342 -57025040 3289
DONE! 4 0 -118229296 -14837402 -56609980 3224
DONE! 4 0 -118229296 -14908027 -56539355 3209
DONE! 4 0 -118229296 -14972295 -56475087 3194
DONE! 4 0 -118229296 -14945973 -56501409 3199
DONE! 4 0 -118229296 -14724351 -56723031 3244
DONE! 4 0 -118229296 -14534338 -56913044 3274
DONE! 4 0 -118229296 -14422342 -57025040 3289
DONE! 4 0 -118229296 -14296153 -57151229 3304
DONE! 4 0 -118229296 -13796596 -57650786 3349
DONE! 4 0 -118229296 -13569778 -57877604 3364
DONE! 4 0 -118229296 -12494795 -58952587 3409
DONE! 4 0 -118229296 -11838186 -59609196 3424
DONE! 4 0 -118229296 -10689590 -60757792 3439
DONE! 4 0 -118229296 -6784889 -64662493 3454
DONE! 4 0 -118229296 -12949975 -58497407 3394
DONE! 4 0 -118229296 -13294784 -58152598 3379
DONE! 4 0 -118229296 -13988152 -57459230 3334
DONE! 4 0 -118229296 -14152776 -57294606 3319
DONE! 4 0 -118229296 -14634419 -56812963 3259
DONE! 4 0 -118229296 -14805535 -56641847 3229
DONE! 4 0 -118229296 -14879101 -56568281 3214
DONE! 4 0 -118229296 -15030916 -56416466 3179
DONE! 4 0 -118229296 -14464688 -56982694 3194
DONE! 4 0 -118229296 -14411113 -57036269 3209
DONE! 4 0 -118229296 -14326170 -57121212 3229
DONE! 4 0 -118229296 -14259298 -57188084 3244
DONE! 4 0 -118229296 -14185732 -57261650 3259
DONE! 4 0 -118229296 -14104548 -57342834 3274
DONE! 4 0 -118229296 -14014616 -57432766 3289
DONE! 4 0 -118229296 -13802539 -57644843 3319
DONE! 4 0 -118229296 -13676350 -57771032 3334
DONE! 4 0 -118229296 -13176793 -58270589 3379
DONE! 4 0 -118229296 -12674981 -58772401 3409
DONE! 4 0 -118229296 -12330172 -59117210 3424
DONE! 4 0 -118229296 -11874992 -59572390 3439
DONE! 4 0 -118229296 -6165086 -65282296 3484
DONE! 4 0 -118229296 -10069787 -61377595 3469
DONE! 4 0 -118229296 -11218383 -60228999 3454
DONE! 4 0 -118229296 -12949975 -58497407 3394
DONE! 4 0 -118229296 -13368349 -58079033 3364
DONE! 4 0 -118229296 -13532973 -57914409 3349
DONE! 4 0 -118229296 -13914535 -57532847 3304
DONE! 4 0 -118229296 -14259298 -57188084 3244
DONE! 4 0 -118229296 -14104548 -57342834 3274
DONE! 4 0 -118229296 -14014616 -57432766 3289
DONE! 4 0 -118229296 -13802539 -57644843 3319
DONE! 4 0 -118229296 -13676350 -57771032 3334
DONE! 4 0 -118229296 -13176793 -58270589 3379
DONE! 4 0 -118229296 -12949975 -58497407 3394
DONE! 4 0 -118229296 -12674981 -58772401 3409
DONE! 4 0 -118229296 -11218383 -60228999 3454
DONE! 4 0 -118229296 -10069787 -61377595 3469
DONE! 4 0 -118229296 -6165086 -65282296 3484
DONE! 4 0 -118229296 -11874992 -59572390 3439
DONE! 4 0 -118229296 -12330172 -59117210 3424
DONE! 4 0 -118229296 -13368349 -58079033 3364
DONE! 4 0 -118229296 -13532973 -57914409 3349
DONE! 4 0 -118229296 -13914535 -57532847 3304
DONE! 4 0 -118229296 -14185732 -57261650 3259
DONE! 4 0 -118229296 -14104548 -57342834 3274
DONE! 4 0 -118229296 -14014616 -57432766 3289
DONE! 4 0 -118229296 -13914535 -57532847 3304
DONE! 4 0 -118229296 -13676350 -57771032 3334
DONE! 4 0 -118229296 -13532973 -57914409 3349
DONE! 4 0 -118229296 -13368349 -58079033 3364
DONE! 4 0 -118229296 -12674981 -58772401 3409
DONE! 4 0 -118229296 -12330172 -59117210 3424
DONE! 4 0 -118229296 -11874992 -59572390 3439
DONE! 4 0 -118229296 -6165086 -65282296 3484
DONE! 4 0 -118229296 -10069787 -61377595 3469
DONE! 4 0 -118229296 -11218383 -60228999 3454
DONE! 4 0 -118229296 -12949975 -58497407 3394
DONE! 4 0 -118229296 -13176793 -58270589 3379
DONE! 4 0 -118229296 -13802539 -57644843 3319
DONE! 4 0 -118229296 -14185732 -57261650 3259
DONE! 4 0 -118229296 -14217599 -57229783 3254
DONE! 4 0 -118229296 -13802539 -57644843 3319
DONE! 4 0 -118229296 -13532973 -57914409 3349
DONE! 4 0 -118229296 -13368349 -58079033 3364
DONE! 4 0 -118229296 -12674981 -58772401 3409
DONE! 4 0 -118229296 -12330172 -59117210 3424
DONE! 4 0 -118229296 -11218383 -60228999 3454
DONE! 4 0 -118229296 -6165086 -65282296 3484
DONE! 4 0 -118229296 -10069787 -61377595 3469
DONE! 4 0 -118229296 -11874992 -59572390 3439
DONE! 4 0 -118229296 -12949975 -58497407 3394
DONE! 4 0 -118229296 -13176793 -58270589 3379
DONE! 4 0 -118229296 -13676350 -57771032 3334
DONE! 4 0 -118229296 -13914535 -57532847 3304
DONE! 4 0 -118229296 -14014616 -57432766 3289
DONE! 4 0 -118229296 -13532973 -57914409 3349
DONE! 4 0 -118229296 -12949975 -58497407 3394
DONE! 4 0 -118229296 -12330172 -59117210 3424
DONE! 4 0 -118229296 -11874992 -59572390 3439
DONE! 4 0 -118229296 -6165086 -65282296 3484
DONE! 4 0 -118229296 -10069787 -61377595 3469
DONE! 4 0 -118229296 -11218383 -60228999 3454
DONE! 4 0 -118229296 -12674981 -58772401 3409
DONE! 4 0 -118229296 -13176793 -58270589 3379
DONE! 4 0 -118229296 -13368349 -58079033 3364
DONE! 4 0 -118229296 -13676350 -57771032 3334
DONE! 4 0 -118229296 -13802539 -57644843 3319
DONE! 4 0 -118229296 -13731337 -57716045 3329
DONE! 4 0 -118229296 -12949975 -58497407 3394
DONE! 4 0 -118229296 -12674981 -58772401 3409
DONE! 4 0 -118229296 -10069787 -61377595 3469
DONE! 4 0 -118229296 -6165086 -65282296 3484
DONE! 4 0 -118229296 -11218383 -60228999 3454
DONE! 4 0 -118229296 -11874992 -59572390 3439
DONE! 4 0 -118229296 -12330172 -59117210 3424
DONE! 4 0 -118229296 -13176793 -58270589 3379
DONE! 4 0 -118229296 -13368349 -58079033 3364
DONE! 4 0 -118229296 -13532973 -57914409 3349
DONE! 4 0 -118229296 -13595510 -57851872 3344
DONE! 4 0 -118229296 -13176793 -58270589 3379
DONE! 4 0 -118229296 -11874992 -59572390 3439
DONE! 4 0 -118229296 -11218383 -60228999 3454
DONE! 4 0 -118229296 -10069787 -61377595 3469
DONE! 4 0 -118229296 -6165086 -65282296 3484
DONE! 4 0 -118229296 -12330172 -59117210 3424
DONE! 4 0 -118229296 -12674981 -58772401 3409
DONE! 4 0 -118229296 -12949975 -58497407 3394
DONE! 4 0 -118229296 -13368349 -58079033 3364
DONE! 4 0 -118229296 -13440221 -58007161 3359
DONE! 4 0 -118229296 -12949975 -58497407 3394
DONE! 4 0 -118229296 -11874992 -59572390 3439
DONE! 4 0 -118229296 -6165086 -65282296 3484
DONE! 4 0 -118229296 -10069787 -61377595 3469
DONE! 4 0 -118229296 -11218383 -60228999 3454
DONE! 4 0 -118229296 -12330172 -59117210 3424
DONE! 4 0 -118229296 -12674981 -58772401 3409
DONE! 4 0 -118229296 -13176793 -58270589 3379
DONE! 4 0 -118229296 -12674981 -58772401 3409
DONE! 4 0 -118229296 -11874992 -59572390 3439
DONE! 4 0 -118229296 -11218383 -60228999 3454
DONE! 4 0 -118229296 -10069787 -61377595 3469
DONE! 4 0 -118229296 -6165086 -65282296 3484
DONE! 4 0 -118229296 -12330172 -59117210 3424
DONE! 4 0 -118229296 -12949975 -58497407 3394
DONE! 4 0 -118229296 -13049169 -58398213 3389
DONE! 4 0 -118229296 -11506394 -59940988 3449
DONE! 4 0 -118229296 -6165086 -65282296 3484
DONE! 4 0 -118229296 -7880134 -63567248 3479
DONE! 4 0 -118229296 -10573939 -60873443 3464
DONE! 4 0 -118229296 -6165086 -65282296 3484
DONE! 4 0 -118229296 -10069787 -61377595 3469
DONE! 4 0 -118229296 -10069787 -61377595 3469
DONE! 4 0 -118229296 -6165086 -65282296 3484
DONE! 4 0 -118229296 -11218383 -60228999 3454
DONE! 4 0 -118229296 -12074511 -59372871 3434
DONE! 4 0 -118229296 -11218383 -60228999 3454
DONE! 4 0 -118229296 -10069787 -61377595 3469
DONE! 4 0 -118229296 -6165086 -65282296 3484
DONE! 4 0 -118229296 -11874992 -59572390 3439
DONE! 4 0 -118229296 -12481201 -58966181 3419
DONE! 4 0 -118229296 -11874992 -59572390 3439
DONE! 4 0 -118229296 -11218383 -60228999 3454
DONE! 4 0 -118229296 -6165086 -65282296 3484
DONE! 4 0 -118229296 -10069787 -61377595 3469
DONE! 4 0 -118229296 -12330172 -59117210 3424
DONE! 4 0 -118229296 -12795341 -58652041 3404
DONE! 4 0 -118229296 -12674981 -58772401 3409
DONE! 4 0 -118229296 -11218383 -60228999 3454
DONE! 4 0 -118229296 -6165086 -65282296 3484
DONE! 4 0 -118229296 -10069787 -61377595 3469
DONE! 4 0 -118229296 -11874992 -59572390 3439
DONE! 4 0 -118229296 -12330172 -59117210 3424
DONE! 4 0 -118229296 -13260496 -58186886 3374
DONE! 4 0 -118229296 -13532973 -57914409 3349
DONE! 4 0 -118229296 -13368349 -58079033 3364
DONE! 4 0 -118229296 -13176793 -58270589 3379
DONE! 4 0 -118229296 -12949975 -58497407 3394
DONE! 4 0 -118229296 -11874992 -59572390 3439
DONE! 4 0 -118229296 -10069787 -61377595 3469
DONE! 4 0 -118229296 -6165086 -65282296 3484
DONE! 4 0 -118229296 -11218383 -60228999 3454
DONE! 4 0 -118229296 -12330172 -59117210 3424
DONE! 4 0 -118229296 -12674981 -58772401 3409
DONE! 4 0 -118229296 -13676350 -57771032 3334
DONE! 4 0 -118229296 -13851291 -57596091 3314
DONE! 4 0 -118229296 -13958051 -57489331 3299
DONE! 4 0 -118229296 -13532973 -57914409 3349
DONE! 4 0 -118229296 -11874992 -59572390 3439
DONE! 4 0 -118229296 -6165086 -65282296 3484
DONE! 4 0 -118229296 -10069787 -61377595 3469
DONE! 4 0 -118229296 -11218383 -60228999 3454
DONE! 4 0 -118229296 -12330172 -59117210 3424
DONE! 4 0 -118229296 -12674981 -58772401 3409
DONE! 4 0 -118229296 -12949975 -58497407 3394
DONE! 4 0 -118229296 -13176793 -58270589 3379
DONE! 4 0 -118229296 -13368349 -58079033 3364
DONE! 4 0 -118229296 -13676350 -57771032 3334
DONE! 4 0 -118229296 -13802539 -57644843 3319
DONE! 4 0 -118229296 -13914535 -57532847 3304
DONE! 4 0 -118229296 -14053674 -57393708 3284
DONE! 4 0 -118229296 -14139762 -57307620 3269
DONE! 4 0 -118229296 -14104548 -57342834 3274
DONE! 4 0 -118229296 -13802539 -57644843 3319
DONE! 4 0 -118229296 -13368349 -58079033 3364
DONE! 4 0 -118229296 -12674981 -58772401 3409
DONE! 4 0 -118229296 -11874992 -59572390 3439
DONE! 4 0 -118229296 -11218383 -60228999 3454
DONE! 4 0 -118229296 -10069787 -61377595 3469
DONE! 4 0 -118229296 -6165086 -65282296 3484
DONE! 4 0 -118229296 -12330172 -59117210 3424
DONE! 4 0 -118229296 -12949975 -58497407 3394
DONE! 4 0 -118229296 -13176793 -58270589 3379
DONE! 4 0 -118229296 -13532973 -57914409 3349
DONE! 4 0 -118229296 -13676350 -57771032 3334
DONE! 4 0 -118229296 -13914535 -57532847 3304
DONE! 4 0 -118229296 -14014616 -57432766 3289
DONE! 4 0 -118229296 -14288224 -57159158 3239
DONE! 4 0 -118229296 -14352492 -57094890 3224
DONE! 4 0 -118229296 -14387113 -57060269 3214
DONE! 4 0 -118229296 -14326170 -57121212 3229
DONE! 4 0 -118229296 -14259298 -57188084 3244
DONE! 4 0 -118229296 -14185732 -57261650 3259
DONE! 4 0 -118229296 -14104548 -57342834 3274
DONE! 4 0 -118229296 -13914535 -57532847 3304
DONE! 4 0 -118229296 -13368349 -58079033 3364
DONE! 4 0 -118229296 -13176793 -58270589 3379
DONE! 4 0 -118229296 -12949975 -58497407 3394
DONE! 4 0 -118229296 -12330172 -59117210 3424
DONE! 4 0 -118229296 -11218383 -60228999 3454
DONE! 4 0 -118229296 -10069787 -61377595 3469
DONE! 4 0 -118229296 -6165086 -65282296 3484
DONE! 4 0 -118229296 -11874992 -59572390 3439
DONE! 4 0 -118229296 -12674981 -58772401 3409
DONE! 4 0 -118229296 -13532973 -57914409 3349
DONE! 4 0 -118229296 -13676350 -57771032 3334
DONE! 4 0 -118229296 -13802539 -57644843 3319
DONE! 4 0 -118229296 -14014616 -57432766 3289
DONE! 4 0 -118229296 -13931933 -57515449 3229
DONE! 4 0 -118229296 -13870990 -57576392 3244
DONE! 4 0 -118229296 -13221170 -58226212 3349
DONE! 4 0 -118229296 -13077793 -58369589 3364
DONE! 4 0 -118229296 -12721613 -58725769 3394
DONE! 4 0 -118229296 -12494795 -58952587 3409
DONE! 4 0 -118229296 -11874992 -59572390 3439
DONE! 4 0 -118229296 -11419812 -60027570 3454
DONE! 4 0 -118229296 -9614607 -61832775 3484
DONE! 4 0 -118229296 -5709906 -65737476 3499
DONE! 4 0 -118229296 -10763203 -60684179 3469
DONE! 4 0 -118229296 -12219801 -59227581 3424
DONE! 4 0 -118229296 -12913169 -58534213 3379
DONE! 4 0 -118229296 -13347359 -58100023 3334
DONE! 4 0 -118229296 -13459355 -57988027 3319
DONE! 4 0 -118229296 -13559436 -57887946 3304
DONE! 4 0 -118229296 -13649368 -57798014 3289
DONE! 4 0 -118229296 -13730552 -57716830 3274
DONE! 4 0 -118229296 -13804118 -57643264 3259
DONE! 4 0 -118229296 -13955933 -57491449 3224
DONE! 4 0 -118229296 -13804118 -57643264 3259
DONE! 4 0 -118229296 -13730552 -57716830 3274
DONE! 4 0 -118229296 -13649368 -57798014 3289
DONE! 4 0 -118229296 -13221170 -58226212 3349
DONE! 4 0 -118229296 -13077793 -58369589 3364
DONE! 4 0 -118229296 -12721613 -58725769 3394
DONE! 4 0 -118229296 -12494795 -58952587 3409
DONE! 4 0 -118229296 -11874992 -59572390 3439
DONE! 4 0 -118229296 -11419812 -60027570 3454
DONE! 4 0 -118229296 -9614607 -61832775 3484
DONE! 4 0 -118229296 -5709906 -65737476 3499
DONE! 4 0 -118229296 -10763203 -60684179 3469
DONE! 4 0 -118229296 -12219801 -59227581 3424
DONE! 4 0 -118229296 -12913169 -58534213 3379
DONE! 4 0 -118229296 -13347359 -58100023 3334
DONE! 4 0 -118229296 -13459355 -57988027 3319
DONE! 4 0 -118229296 -13559436 -57887946 3304
DONE! 4 0 -118229296 -13870990 -57576392 3244
DONE! 4 0 -118229296 -13897312 -57550070 3239
DONE! 4 0 -118229296 -13730552 -57716830 3274
DONE! 4 0 -118229296 -13649368 -57798014 3289
DONE! 4 0 -118229296 -13459355 -57988027 3319
DONE! 4 0 -118229296 -13347359 -58100023 3334
DONE! 4 0 -118229296 -13077793 -58369589 3364
DONE! 4 0 -118229296 -12721613 -58725769 3394
DONE! 4 0 -118229296 -12219801 -59227581 3424
DONE! 4 0 -118229296 -11874992 -59572390 3439
DONE! 4 0 -118229296 -9614607 -61832775 3484
DONE! 4 0 -118229296 -5709906 -65737476 3499
DONE! 4 0 -118229296 -10763203 -60684179 3469
DONE! 4 0 -118229296 -11419812 -60027570 3454
DONE! 4 0 -118229296 -12494795 -58952587 3409
DONE! 4 0 -118229296 -12913169 -58534213 3379
DONE! 4 0 -118229296 -13221170 -58226212 3349
DONE! 4 0 -118229296 -13559436 -57887946 3304
DONE! 4 0 -118229296 -13804118 -57643264 3259
DONE! 4 0 -118229296 -13649368 -57798014 3289
DONE! 4 0 -118229296 -13347359 -58100023 3334
DONE! 4 0 -118229296 -12913169 -58534213 3379
DONE! 4 0 -118229296 -12721613 -58725769 3394
DONE! 4 0 -118229296 -11874992 -59572390 3439
DONE! 4 0 -118229296 -11419812 -60027570 3454
DONE! 4 0 -118229296 -10763203 -60684179 3469
DONE! 4 0 -118229296 -9614607 -61832775 3484
DONE! 4 0 -118229296 -5709906 -65737476 3499
DONE! 4 0 -118229296 -12219801 -59227581 3424
DONE! 4 0 -118229296 -12494795 -58952587 3409
DONE! 4 0 -118229296 -13077793 -58369589 3364
DONE! 4 0 -118229296 -13221170 -58226212 3349
DONE! 4 0 -118229296 -13459355 -57988027 3319
DONE! 4 0 -118229296 -13559436 -57887946 3304
DONE! 4 0 -118229296 -13730552 -57716830 3274
DONE! 4 0 -118229296 -13459355 -57988027 3319
DONE! 4 0 -118229296 -13347359 -58100023 3334
DONE! 4 0 -118229296 -13221170 -58226212 3349
DONE! 4 0 -118229296 -12913169 -58534213 3379
DONE! 4 0 -118229296 -12721613 -58725769 3394
DONE! 4 0 -118229296 -12494795 -58952587 3409
DONE! 4 0 -118229296 -12219801 -59227581 3424
DONE! 4 0 -118229296 -11419812 -60027570 3454
DONE! 4 0 -118229296 -9614607 -61832775 3484
DONE! 4 0 -118229296 -5709906 -65737476 3499
DONE! 4 0 -118229296 -10763203 -60684179 3469
DONE! 4 0 -118229296 -11874992 -59572390 3439
DONE! 4 0 -118229296 -13077793 -58369589 3364
DONE! 4 0 -118229296 -13559436 -57887946 3304
DONE! 4 0 -118229296 -13649368 -57798014 3289
DONE! 4 0 -118229296 -13559436 -57887946 3304
DONE! 4 0 -118229296 -12913169 -58534213 3379
DONE! 4 0 -118229296 -12721613 -58725769 3394
DONE! 4 0 -118229296 -12494795 -58952587 3409
DONE! 4 0 -118229296 -11419812 -60027570 3454
DONE! 4 0 -118229296 -10763203 -60684179 3469
DONE! 4 0 -118229296 -5709906 -65737476 3499
DONE! 4 0 -118229296 -9614607 -61832775 3484
DONE! 4 0 -118229296 -11874992 -59572390 3439
DONE! 4 0 -118229296 -12219801 -59227581 3424
DONE! 4 0 -118229296 -13077793 -58369589 3364
DONE! 4 0 -118229296 -13221170 -58226212 3349
DONE! 4 0 -118229296 -13347359 -58100023 3334
DONE! 4 0 -118229296 -13459355 -57988027 3319
DONE! 4 0 -118229296 -13347359 -58100023 3334
DONE! 4 0 -118229296 -13221170 -58226212 3349
DONE! 4 0 -118229296 -13077793 -58369589 3364
DONE! 4 0 -118229296 -12721613 -58725769 3394
DONE! 4 0 -118229296 -12219801 -59227581 3424
DONE! 4 0 -118229296 -11874992 -59572390 3439
DONE! 4 0 -118229296 -11419812 -60027570 3454
DONE! 4 0 -118229296 -5709906 -65737476 3499
DONE! 4 0 -118229296 -9614607 -61832775 3484
DONE! 4 0 -118229296 -10763203 -60684179 3469
DONE! 4 0 -118229296 -12494795 -58952587 3409
DONE! 4 0 -118229296 -12913169 -58534213 3379
DONE! 4 0 -118229296 -13459355 -57988027 3319
DONE! 4 0 -118229296 -13276157 -58171225 3344
DONE! 4 0 -118229296 -12913169 -58534213 3379
DONE! 4 0 -118229296 -12721613 -58725769 3394
DONE! 4 0 -118229296 -11874992 -59572390 3439
DONE! 4 0 -118229296 -11419812 -60027570 3454
DONE! 4 0 -118229296 -9614607 -61832775 3484
DONE! 4 0 -118229296 -5709906 -65737476 3499
DONE! 4 0 -118229296 -10763203 -60684179 3469
DONE! 4 0 -118229296 -12219801 -59227581 3424
DONE! 4 0 -118229296 -12494795 -58952587 3409
DONE! 4 0 -118229296 -13077793 -58369589 3364
DONE! 4 0 -118229296 -12913169 -58534213 3379
DONE! 4 0 -118229296 -12494795 -58952587 3409
DONE! 4 0 -118229296 -11419812 -60027570 3454
DONE! 4 0 -118229296 -10763203 -60684179 3469
DONE! 4 0 -118229296 -5709906 -65737476 3499
DONE! 4 0 -118229296 -9614607 -61832775 3484
DONE! 4 0 -118229296 -11874992 -59572390 3439
DONE! 4 0 -118229296 -12219801 -59227581 3424
DONE! 4 0 -118229296 -12721613 -58725769 3394
DONE! 4 0 -118229296 -12494795 -58952587 3409
DONE! 4 0 -118229296 -12219801 -59227581 3424
DONE! 4 0 -118229296 -11874992 -59572390 3439
DONE! 4 0 -118229296 -11419812 -60027570 3454
DONE! 4 0 -118229296 -10763203 -60684179 3469
DONE! 4 0 -118229296 -5709906 -65737476 3499
DONE! 4 0 -118229296 -9614607 -61832775 3484
DONE! 4 0 -118229296 -11874992 -59572390 3439
DONE! 4 0 -118229296 -9614607 -61832775 3484
DONE! 4 0 -118229296 -5709906 -65737476 3499
DONE! 4 0 -118229296 -10763203 -60684179 3469
DONE! 4 0 -118229296 -11419812 -60027570 3454
DONE! 4 0 -118229296 -12219801 -59227581 3424
DONE! 4 0 -118229296 -12340161 -59107221 3419
DONE! 4 0 -118229296 -11419812 -60027570 3454
DONE! 4 0 -118229296 -10763203 -60684179 3469
DONE! 4 0 -118229296 -9614607 -61832775 3484
DONE! 4 0 -118229296 -5709906 -65737476 3499
DONE! 4 0 -118229296 -11874992 -59572390 3439
DONE! 4 0 -118229296 -5709906 -65737476 3499
DONE! 4 0 -118229296 -9614607 -61832775 3484
DONE! 4 0 -118229296 -10763203 -60684179 3469
DONE! 4 0 -118229296 -11419812 -60027570 3454
DONE! 4 0 -118229296 -11619331 -59828051 3449
DONE! 4 0 -118229296 -9614607 -61832775 3484
DONE! 4 0 -118229296 -5709906 -65737476 3499
DONE! 4 0 -118229296 -10763203 -60684179 3469
DONE! 4 0 -118229296 -10118759 -61328623 3479
DONE! 4 0 -118229296 -7424954 -64022428 3494
DONE! 4 0 -118229296 -5709906 -65737476 3499
DONE! 4 0 -118229296 -5709906 -65737476 3499
DONE! 4 0 -118229296 -9614607 -61832775 3484
DONE! 4 0 -118229296 -11051214 -60396168 3464
DONE! 4 0 -118229296 -12026021 -59421361 3434
DONE! 4 0 -118229296 -12593989 -58853393 3404
DONE! 4 0 -118229296 -12805316 -58642066 3389
DONE! 4 0 -118229296 -12721613 -58725769 3394
DONE! 4 0 -118229296 -12494795 -58952587 3409
DONE! 4 0 -118229296 -12219801 -59227581 3424
DONE! 4 0 -118229296 -10763203 -60684179 3469
DONE! 4 0 -118229296 -5709906 -65737476 3499
DONE! 4 0 -118229296 -9614607 -61832775 3484
DONE! 4 0 -118229296 -11419812 -60027570 3454
DONE! 4 0 -118229296 -11874992 -59572390 3439
DONE! 4 0 -118229296 -12985041 -58462341 3374
DONE! 4 0 -118229296 -13140330 -58307052 3359
DONE! 4 0 -118229296 -13221170 -58226212 3349
DONE! 4 0 -118229296 -13077793 -58369589 3364
DONE! 4 0 -118229296 -11419812 -60027570 3454
DONE! 4 0 -118229296 -10763203 -60684179 3469
DONE! 4 0 -118229296 -9614607 -61832775 3484
DONE! 4 0 -118229296 -5709906 -65737476 3499
DONE! 4 0 -118229296 -11874992 -59572390 3439
DONE! 4 0 -118229296 -12219801 -59227581 3424
DONE! 4 0 -118229296 -12494795 -58952587 3409
DONE! 4 0 -118229296 -12721613 -58725769 3394
DONE! 4 0 -118229296 -12913169 -58534213 3379
DONE! 4 0 -118229296 -13396111 -58051271 3329
DONE! 4 0 -118229296 -13221170 -58226212 3349
DONE! 4 0 -118229296 -12721613 -58725769 3394
DONE! 4 0 -118229296 -12494795 -58952587 3409
DONE! 4 0 -118229296 -5709906 -65737476 3499
DONE! 4 0 -118229296 -9614607 -61832775 3484
DONE! 4 0 -118229296 -10763203 -60684179 3469
DONE! 4 0 -118229296 -11419812 -60027570 3454
DONE! 4 0 -118229296 -11874992 -59572390 3439
DONE! 4 0 -118229296 -12219801 -59227581 3424
DONE! 4 0 -118229296 -12913169 -58534213 3379
DONE! 4 0 -118229296 -13077793 -58369589 3364
DONE! 4 0 -118229296 -13347359 -58100023 3334
DONE! 4 0 -118229296 -13502871 -57944511 3314
DONE! 4 0 -118229296 -13598494 -57848888 3299
DONE! 4 0 -118229296 -13684582 -57762800 3284
DONE! 4 0 -118229296 -13762419 -57684963 3269
DONE! 4 0 -118229296 -13833044 -57614338 3254
DONE! 4 0 -118229296 -14009508 -57437874 3209
DONE! 4 0 -118229296 -12150728 -59296654 3254
DONE! 4 0 -118229296 -12092107 -59355275 3269
DONE! 4 0 -118229296 -12027839 -59419543 3284
DONE! 4 0 -118229296 -11654150 -59793232 3349
DONE! 4 0 -118229296 -11542154 -59905228 3364
DONE! 4 0 -118229296 -11272588 -60174794 3394
DONE! 4 0 -118229296 -10414596 -61032786 3454
DONE! 4 0 -118229296 -9614607 -61832775 3484
DONE! 4 0 -118229296 -8957998 -62489384 3499
DONE! 4 0 -118229296 -3904701 -67542681 3529
DONE! 4 0 -118229296 -7809402 -63637980 3514
DONE! 4 0 -118229296 -10069787 -61377595 3469
DONE! 4 0 -118229296 -10689590 -60757792 3439
DONE! 4 0 -118229296 -10916408 -60530974 3424
DONE! 4 0 -118229296 -11107964 -60339418 3409
DONE! 4 0 -118229296 -11415965 -60031417 3379
DONE! 4 0 -118229296 -11754231 -59693151 3334
DONE! 4 0 -118229296 -11844163 -59603219 3319
DONE! 4 0 -118229296 -11925347 -59522035 3304
DONE! 4 0 -118229296 -11957214 -59490168 3299
DONE! 4 0 -118229296 -11793289 -59654093 3329
DONE! 4 0 -118229296 -11654150 -59793232 3349
DONE! 4 0 -118229296 -11272588 -60174794 3394
DONE! 4 0 -118229296 -11107964 -60339418 3409
DONE! 4 0 -118229296 -8957998 -62489384 3499
DONE! 4 0 -118229296 -3904701 -67542681 3529
DONE! 4 0 -118229296 -7809402 -63637980 3514
DONE! 4 0 -118229296 -9614607 -61832775 3484
DONE! 4 0 -118229296 -10069787 -61377595 3469
DONE! 4 0 -118229296 -10414596 -61032786 3454
DONE! 4 0 -118229296 -10689590 -60757792 3439
DONE! 4 0 -118229296 -10916408 -60530974 3424
DONE! 4 0 -118229296 -11415965 -60031417 3379
DONE! 4 0 -118229296 -11542154 -59905228 3364
DONE! 4 0 -118229296 -11697666 -59749716 3344
DONE! 4 0 -118229296 -11590906 -59856476 3359
DONE! 4 0 -118229296 -11470952 -59976430 3374
DONE! 4 0 -118229296 -11107964 -60339418 3409
DONE! 4 0 -118229296 -10069787 -61377595 3469
DONE! 4 0 -118229296 -9614607 -61832775 3484
DONE! 4 0 -118229296 -8957998 -62489384 3499
DONE! 4 0 -118229296 -3904701 -67542681 3529
DONE! 4 0 -118229296 -7809402 -63637980 3514
DONE! 4 0 -118229296 -10414596 -61032786 3454
DONE! 4 0 -118229296 -10689590 -60757792 3439
DONE! 4 0 -118229296 -10916408 -60530974 3424
DONE! 4 0 -118229296 -11272588 -60174794 3394
DONE! 4 0 -118229296 -11335125 -60112257 3389
DONE! 4 0 -118229296 -11107964 -60339418 3409
DONE! 4 0 -118229296 -10414596 -61032786 3454
DONE! 4 0 -118229296 -10069787 -61377595 3469
DONE! 4 0 -118229296 -7809402 -63637980 3514
DONE! 4 0 -118229296 -3904701 -67542681 3529
DONE! 4 0 -118229296 -8957998 -62489384 3499
DONE! 4 0 -118229296 -9614607 -61832775 3484
DONE! 4 0 -118229296 -10689590 -60757792 3439
DONE! 4 0 -118229296 -10916408 -60530974 3424
DONE! 4 0 -118229296 -11179836 -60267546 3404
DONE! 4 0 -118229296 -10689590 -60757792 3439
DONE! 4 0 -118229296 -10414596 -61032786 3454
DONE! 4 0 -118229296 -10069787 -61377595 3469
DONE! 4 0 -118229296 -9614607 -61832775 3484
DONE! 4 0 -118229296 -8957998 -62489384 3499
DONE! 4 0 -118229296 -7809402 -63637980 3514
DONE! 4 0 -118229296 -3904701 -67542681 3529
DONE! 4 0 -118229296 -10916408 -60530974 3424
DONE! 4 0 -118229296 -11000111 -60447271 3419
DONE! 4 0 -118229296 -10414596 -61032786 3454
DONE! 4 0 -118229296 -10069787 -61377595 3469
DONE! 4 0 -118229296 -8957998 -62489384 3499
DONE! 4 0 -118229296 -7809402 -63637980 3514
DONE! 4 0 -118229296 -3904701 -67542681 3529
DONE! 4 0 -118229296 -9614607 -61832775 3484
DONE! 4 0 -118229296 -10689590 -60757792 3439
DONE! 4 0 -118229296 -10788784 -60658598 3434
DONE! 4 0 -118229296 -10069787 -61377595 3469
DONE! 4 0 -118229296 -9614607 -61832775 3484
DONE! 4 0 -118229296 -8957998 -62489384 3499
DONE! 4 0 -118229296 -3904701 -67542681 3529
DONE! 4 0 -118229296 -7809402 -63637980 3514
DONE! 4 0 -118229296 -8957998 -62489384 3499
DONE! 4 0 -118229296 -3904701 -67542681 3529
DONE! 4 0 -118229296 -7809402 -63637980 3514
DONE! 4 0 -118229296 -9614607 -61832775 3484
DONE! 4 0 -118229296 -9246009 -62201373 3494
DONE! 4 0 -118229296 -3904701 -67542681 3529
DONE! 4 0 -118229296 -5619749 -65827633 3524
DONE! 4 0 -118229296 -8313554 -63133828 3509
DONE! 4 0 -118229296 -7809402 -63637980 3514
DONE! 4 0 -118229296 -3904701 -67542681 3529
DONE! 4 0 -118229296 -8957998 -62489384 3499
DONE! 4 0 -118229296 -3904701 -67542681 3529
DONE! 4 0 -118229296 -7809402 -63637980 3514
DONE! 4 0 -118229296 -9814126 -61633256 3479
DONE! 4 0 -118229296 -10220816 -61226566 3464
DONE! 4 0 -118229296 -10534956 -60912426 3449
DONE! 4 0 -118229296 -3904701 -67542681 3529
DONE! 4 0 -118229296 -7809402 -63637980 3514
DONE! 4 0 -118229296 -8957998 -62489384 3499
DONE! 4 0 -118229296 -9614607 -61832775 3484
DONE! 4 0 -118229296 -10069787 -61377595 3469
DONE! 4 0 -118229296 -10414596 -61032786 3454
DONE! 4 0 -118229296 -11415965 -60031417 3379
DONE! 4 0 -118229296 -11272588 -60174794 3394
DONE! 4 0 -118229296 -10916408 -60530974 3424
DONE! 4 0 -118229296 -9614607 -61832775 3484
DONE! 4 0 -118229296 -8957998 -62489384 3499
DONE! 4 0 -118229296 -3904701 -67542681 3529
DONE! 4 0 -118229296 -7809402 -63637980 3514
DONE! 4 0 -118229296 -10069787 -61377595 3469
DONE! 4 0 -118229296 -10414596 -61032786 3454
DONE! 4 0 -118229296 -10689590 -60757792 3439
DONE! 4 0 -118229296 -11107964 -60339418 3409
DONE! 4 0 -118229296 -11107964 -60339418 3409
DONE! 4 0 -118229296 -10916408 -60530974 3424
DONE! 4 0 -118229296 -10689590 -60757792 3439
DONE! 4 0 -118229296 -10414596 -61032786 3454
DONE! 4 0 -118229296 -8957998 -62489384 3499
DONE! 4 0 -118229296 -3904701 -67542681 3529
DONE! 4 0 -118229296 -7809402 -63637980 3514
DONE! 4 0 -118229296 -9614607 -61832775 3484
DONE! 4 0 -118229296 -10069787 -61377595 3469
DONE! 4 0 -118229296 -11272588 -60174794 3394
DONE! 4 0 -118229296 -11415965 -60031417 3379
DONE! 4 0 -118229296 -11542154 -59905228 3364
DONE! 4 0 -118229296 -11754231 -59693151 3334
DONE! 4 0 -118229296 -11654150 -59793232 3349
DONE! 4 0 -118229296 -11542154 -59905228 3364
DONE! 4 0 -118229296 -11415965 -60031417 3379
DONE! 4 0 -118229296 -11107964 -60339418 3409
DONE! 4 0 -118229296 -10689590 -60757792 3439
DONE! 4 0 -118229296 -10069787 -61377595 3469
DONE! 4 0 -118229296 -8957998 -62489384 3499
DONE! 4 0 -118229296 -7809402 -63637980 3514
DONE! 4 0 -118229296 -3904701 -67542681 3529
DONE! 4 0 -118229296 -9614607 -61832775 3484
DONE! 4 0 -118229296 -10414596 -61032786 3454
DONE! 4 0 -118229296 -10916408 -60530974 3424
DONE! 4 0 -118229296 -11272588 -60174794 3394
DONE! 4 0 -118229296 -11879377 -59568005 3314
DONE! 4 0 -118229296 -11844163 -59603219 3319
DONE! 4 0 -118229296 -11542154 -59905228 3364
DONE! 4 0 -118229296 -11415965 -60031417 3379
DONE! 4 0 -118229296 -11107964 -60339418 3409
DONE! 4 0 -118229296 -10916408 -60530974 3424
DONE! 4 0 -118229296 -10689590 -60757792 3439
DONE! 4 0 -118229296 -10069787 -61377595 3469
DONE! 4 0 -118229296 -9614607 -61832775 3484
DONE! 4 0 -118229296 -8957998 -62489384 3499
DONE! 4 0 -118229296 -3904701 -67542681 3529
DONE! 4 0 -118229296 -7809402 -63637980 3514
DONE! 4 0 -118229296 -10414596 -61032786 3454
DONE! 4 0 -118229296 -11272588 -60174794 3394
DONE! 4 0 -118229296 -11654150 -59793232 3349
DONE! 4 0 -118229296 -11754231 -59693151 3334
DONE! 4 0 -118229296 -11925347 -59522035 3304
DONE! 4 0 -118229296 -11844163 -59603219 3319
DONE! 4 0 -118229296 -11542154 -59905228 3364
DONE! 4 0 -118229296 -11272588 -60174794 3394
DONE! 4 0 -118229296 -10069787 -61377595 3469
DONE! 4 0 -118229296 -9614607 -61832775 3484
DONE! 4 0 -118229296 -7809402 -63637980 3514
DONE! 4 0 -118229296 -3904701 -67542681 3529
DONE! 4 0 -118229296 -8957998 -62489384 3499
DONE! 4 0 -118229296 -10414596 -61032786 3454
DONE! 4 0 -118229296 -10689590 -60757792 3439
DONE! 4 0 -118229296 -10916408 -60530974 3424
DONE! 4 0 -118229296 -11107964 -60339418 3409
DONE! 4 0 -118229296 -11415965 -60031417 3379
DONE! 4 0 -118229296 -11654150 -59793232 3349
DONE! 4 0 -118229296 -11754231 -59693151 3334
DONE! 4 0 -118229296 -11998913 -59448469 3289
DONE! 4 0 -118229296 -12065785 -59381597 3274
DONE! 4 0 -118229296 -11844163 -59603219 3319
DONE! 4 0 -118229296 -10916408 -60530974 3424
DONE! 4 0 -118229296 -10069787 -61377595 3469
DONE! 4 0 -118229296 -3904701 -67542681 3529
DONE! 4 0 -118229296 -7809402 -63637980 3514
DONE! 4 0 -118229296 -8957998 -62489384 3499
DONE! 4 0 -118229296 -9614607 -61832775 3484
DONE! 4 0 -118229296 -10414596 -61032786 3454
DONE! 4 0 -118229296 -10689590 -60757792 3439
DONE! 4 0 -118229296 -11107964 -60339418 3409
DONE! 4 0 -118229296 -11272588 -60174794 3394
DONE! 4 0 -118229296 -11415965 -60031417 3379
DONE! 4 0 -118229296 -11542154 -59905228 3364
DONE! 4 0 -118229296 -11654150 -59793232 3349
DONE! 4 0 -118229296 -11754231 -59693151 3334
DONE! 4 0 -118229296 -11925347 -59522035 3304
DONE! 4 0 -118229296 -11998913 -59448469 3289
DONE! 4 0 -118229296 -12065785 -59381597 3274
DONE! 4 0 -118229296 -11925347 -59522035 3304
DONE! 4 0 -118229296 -11844163 -59603219 3319
DONE! 4 0 -118229296 -11654150 -59793232 3349
DONE! 4 0 -118229296 -11415965 -60031417 3379
DONE! 4 0 -118229296 -11272588 -60174794 3394
DONE! 4 0 -118229296 -11107964 -60339418 3409
DONE! 4 0 -118229296 -10414596 -61032786 3454
DONE! 4 0 -118229296 -8957998 -62489384 3499
DONE! 4 0 -118229296 -7809402 -63637980 3514
DONE! 4 0 -118229296 -3904701 -67542681 3529
DONE! 4 0 -118229296 -9614607 -61832775 3484
DONE! 4 0 -118229296 -10069787 -61377595 3469
DONE! 4 0 -118229296 -10689590 -60757792 3439
DONE! 4 0 -118229296 -10916408 -60530974 3424
DONE! 4 0 -118229296 -11542154 -59905228 3364
DONE! 4 0 -118229296 -11754231 -59693151 3334
DONE! 4 0 -118229296 -11998913 -59448469 3289
DONE! 4 0 -118229296 -12126728 -59320654 3259
DONE! 4 0 -118229296 -12204303 -59243079 3239
DONE! 4 0 -118229296 -8299602 -63147780 3254
DONE! 4 0 -118229296 -8246027 -63201355 3269
DONE! 4 0 -118229296 -7749449 -63697933 3364
DONE! 4 0 -118229296 -7637453 -63809929 3379
DONE! 4 0 -118229296 -7367887 -64079495 3409
DONE! 4 0 -118229296 -7203263 -64244119 3424
DONE! 4 0 -118229296 -6784889 -64662493 3454
DONE! 4 0 -118229296 -6509895 -64937487 3469
DONE! 4 0 -118229296 -5053297 -66394085 3514
DONE! 4 0 -118229296 -3904701 -67542681 3529
DONE! 4 0 -118229296 0 -71447382 3544
Search ...  [3, 35, 98, 96, 94, 92, 120, 118, 116, 114, 112, 110, 108, 106, 104, 66, 64, 62, 60, 58, 56, 54, 52, 50, 48, 46, 44, 42, 40, 38, 72, 70, 68, 95, 97, 99, 101, 103, 105, 5, 1, 3, 17, 19, 21, 5, 1, 3, 67, 69, 71, 37, 39, 61, 63, 60, 58, 56, 54, 9, 11, 13, 15, 73, 75, 77, 79, 81, 83, 85, 19, 21, 23, 25, 27, 29, 52, 50, 48, 46, 44, 42, 118, 116, 114, 112, 110, 108, 106, 104, 66, 64, 62, 60, 58, 56, 54, 9, 11, 13, 15, 73, 75, 77, 79, 81, 83, 85, 19, 21, 23, 25, 27, 29, 31, 33, 35, 98, 96, 94, 92, 120, 118, 116, 114, 112, 110, 108, 106, 104, 66, 64, 62, 40, 38, 72, 70, 68, 95, 97, 99, 101, 103, 105, 5, 1, 3, 35, 98, 96, 67, 69, 71, 73, 75, 77, 79, 81, 83, 85, 19, 21, 23, 25, 27, 29, 31, 33, 35, 98, 96, 67, 69, 71, 37, 39, 41, 43, 45, 47, 49, 51, 30, 28, 26, 24, 22, 20, 86, 84, 82, 80, 78, 76, 74, 16, 14, 12, 10, 8, 90, 88, 114, 112, 110, 108, 106, 104, 66, 64, 62, 40, 38, 72, 70, 68, 95, 97, 99, 101, 103, 105, 107, 109, 111, 113, 87, 89, 7, 9, 11, 13, 15, 73, 75, 77, 79, 81, 83, 85, 19, 21, 23, 25, 27, 29, 52, 50, 48, 46, 44, 42, 40, 38, 72, 70, 68, 95, 97, 99, 101, 103, 105, 107, 109, 111, 113, 115, 117, 41, 43, 45, 47, 49, 51, 30, 28, 26, 24, 22, 20, 86, 84, 82, 80, 78, 76, 74, 16, 14, 12, 10, 53, 55, 57, 59, 61, 63, 60, 58, 56, 54, 52, 50, 48, 46, 44, 42, 40, 38, 72, 70, 68, 95, 97, 99, 101, 103, 105, 107, 109, 111, 113, 87, 89, 7, 9, 11, 13, 15, 73, 75, 77, 79, 81, 83, 85, 19, 21, 23, 25, 27, 29, 31, 33, 35, 98, 96, 94, 92, 120, 118, 116, 94, 92, 120, 118, 116, 94, 92, 120, 118, 116, 114, 112, 110, 108, 106, 104, 66, 64, 62, 40, 38, 72, 70, 68, 95, 97, 36, 34, 32, 30, 28, 26, 24, 22, 20, 86, 84, 82, 80, 78, 76, 74, 72, 70, 68, 95, 97, 99, 101, 103, 105, 107, 109, 111, 113, 87, 89, 7, 9, 11, 13, 15, 73, 75, 77, 79, 81, 83, 85, 19, 21, 23, 25, 27, 29, 52, 50, 48, 46, 44, 42, 118, 116, 114, 112, 110, 108, 106, 104, 102, 100, 98, 96, 94, 92, 120, 118, 116, 114, 112, 110, 108, 106, 104, 102, 100, 98, 96, 67, 69, 71, 37, 39, 41, 43, 45, 47, 49, 51, 53, 55, 57, 59, 61, 63, 65, 103, 105, 107, 109, 111, 113, 115, 117, 41, 43, 45, 47, 49, 51, 30, 28, 26, 24, 22, 20, 86, 84, 82, 80, 78, 76, 74, 16, 14, 12, 10, 53, 55, 57, 59, 61, 63, 65, 103, 105, 107, 109, 111, 113, 115, 117, 119, 91, 93, 115, 117, 119, 91, 93, 115, 117, 119, 91, 93, 115, 117, 119, 91, 93, 95, 97, 99, 101, 103, 105, 107, 109, 111, 113, 87, 89, 7, 9, 11, 13, 15, 73, 75, 77, 79, 81, 83, 85, 19, 21, 23, 25, 27, 29, 31, 33, 35, 98, 96, 67, 69, 71, 37, 39, 61, 63, 60, 58, 56, 54, 9, 11, 13, 15, 73, 75, 77, 79, 81, 83, 85, 19, 21, 23, 25, 27, 29, 31, 33, 35, 98, 96, 94, 92, 120, 118, 116, 94, 92, 120, 118, 116, 94, 92, 120, 118, 116, 114, 112, 110, 108, 106, 104, 102, 100, 98, 96, 94, 92, 120, 118, 116, 94, 92, 120, 118, 116, 94, 92, 120, 118, 116, 94, 92, 120, 118, 116, 114, 112, 110, 108, 106, 104, 66, 64, 62, 40, 38, 72, 70, 68, 95, 97, 99, 101, 103, 105, 107, 109, 111, 113, 87, 89, 7, 9, 11, 13, 15, 73, 75, 77, 79, 81, 83, 85, 19, 21, 23, 25, 27, 29, 52, 50, 48, 46, 44, 42, 40, 38, 72, 70, 68, 95, 97, 36, 34, 32, 30, 28, 26, 24, 22, 20, 86, 84, 82, 80, 78, 76, 74, 16, 14, 12, 10, 8, 90, 88, 114, 112, 110, 108, 106, 104, 102, 100, 98, 96, 94, 92, 120, 118, 116, 114, 112, 110, 108, 106, 104, 102, 100, 98, 96, 67, 69, 71, 37, 39, 61, 63, 60, 58, 56, 54, 9, 11, 13, 15, 73, 75, 77, 79, 81, 83, 85, 19, 21, 23, 25, 27, 29, 31, 33, 35, 98, 96, 67, 69, 71, 37, 39, 41, 43, 45, 47, 49, 51, 53, 55, 57, 59, 61, 63, 65, 103, 105, 107, 109, 111, 113, 115, 117, 41, 43, 45, 47, 49, 51, 53, 55, 57, 59, 61, 63, 65, 103, 105, 107, 109, 111, 113, 87, 89, 7, 9, 11, 13, 15, 73, 75, 77, 79, 81, 83, 85, 19, 21, 23, 25, 27, 29, 52, 50, 48, 46, 44, 42, 40, 38, 72, 70, 68, 95, 97, 36, 34, 32, 30, 28, 26, 24, 22, 20, 86, 84, 82, 80, 78, 76, 74, 16, 14, 12, 10, 8, 90, 88, 114, 112, 110, 108, 106, 104, 66, 64, 62, 40, 38, 72, 70, 68, 95, 97, 36, 34, 32, 30, 28, 26, 24, 22, 20, 86, 84, 82, 80, 78, 76, 74, 16, 14, 12, 10, 8, 90, 88, 114, 112, 110, 108, 106, 104, 102, 100, 98, 96, 67, 69, 71, 37, 39, 41, 43, 45, 47, 49, 51, 30, 28, 26, 24, 22, 20, 86, 84, 82, 80, 78, 76, 74, 16, 14, 12, 10, 8, 90, 88, 114, 112, 110, 108, 106, 104, 102, 100, 98, 96, 94, 92, 120, 118, 116, 114, 112, 110, 108, 106, 104, 66, 64, 62, 60, 58, 56, 54, 9, 11, 13, 15, 73, 75, 77, 79, 81, 83, 85, 19, 21, 23, 25, 27, 29, 31, 33, 35, 98, 96, 67, 69, 71, 37, 39, 41, 43, 45, 47, 49, 51, 30, 28, 26, 24, 22, 20, 86, 84, 82, 80, 78, 76, 74, 16, 14, 12, 10, 8, 90, 88, 114, 112, 110, 108, 106, 104, 66, 64, 62, 60, 58, 56, 54, 52, 50, 48, 46, 44, 42, 40, 38, 72, 70, 68, 95, 97, 36, 34, 32, 30, 28, 26, 24, 22, 20, 86, 84, 82, 80, 78, 76, 74, 16, 14, 12, 10, 53, 55, 57, 59, 61, 63, 60, 58, 56, 54, 52, 50, 48, 46, 44, 42, 118, 116, 114, 112, 110, 108, 106, 104, 102, 100, 98, 96, 67, 69, 71, 37, 39, 61, 63, 65, 103, 105, 107, 109, 111, 113, 115, 117, 41, 43, 45, 47, 49, 51, 30, 28, 26, 24, 22, 20, 86, 84, 82, 80, 78, 76, 74, 16, 14, 12, 10, 53, 55, 57, 59, 61, 63, 65, 103, 105, 107, 109, 111, 113, 115, 117, 119, 91, 93, 115, 117, 119, 91, 93, 115, 117, 119, 91, 93, 95, 97, 36, 34, 32, 30, 28, 26, 24, 22, 20, 86, 84, 82, 80, 78, 76, 74, 16, 14, 12, 10, 8, 90, 88, 114, 112, 110, 108, 106, 104, 66, 64, 62, 40, 38, 72, 70, 68, 95, 97, 36, 34, 32, 30, 28, 26, 24, 22, 20, 86, 84, 82, 80, 78, 76, 74, 16, 14, 12, 10, 8, 90, 88, 114, 112, 110, 108, 106, 104, 102, 100, 98, 96, 94, 92, 120, 118, 116, 114, 112, 110, 108, 106, 104, 66, 64, 62, 40, 38, 72, 70, 68, 95, 97, 99, 101, 103, 105, 107, 109, 111, 113, 87, 89, 7, 9, 11, 13, 15, 73, 75, 77, 79, 81, 83, 85, 19, 21, 23, 25, 27, 29, 31, 33, 35, 98, 96, 94, 92, 120, 118, 116, 114, 112, 110, 108, 106, 104, 102, 100, 98, 96, 67, 69, 71, 37, 39, 61, 63, 60, 58, 56, 54, 52, 50, 48, 46, 44, 42, 118, 116, 114, 112, 110, 108, 106, 104, 66, 64, 62, 60, 58, 56, 54, 9, 11, 13, 15, 73, 75, 77, 79, 81, 83, 85, 19, 21, 23, 25, 27, 29, 52, 50, 48, 46, 44, 42, 118, 116, 114, 112, 110, 108, 106, 104, 102, 100, 98, 96, 94, 92, 120, 118, 116, 114, 112, 110, 108, 106, 104, 102, 100, 98, 96, 67, 69, 71, 37, 39, 41, 43, 45, 47, 49, 51, 53, 55, 57, 59, 61, 63, 65, 103, 105, 107, 109, 111, 113, 115, 117, 41, 43, 45, 47, 49, 51, 53, 55, 57, 59, 61, 63, 60, 58, 56, 54, 9, 11, 13, 15, 73, 75, 77, 79, 81, 83, 85, 19, 21, 23, 25, 27, 29, 31, 33, 35, 98, 96, 94, 92, 120, 118, 116, 114, 112, 110, 108, 106, 104, 102, 100, 98, 96, 94, 92, 120, 118, 116, 114, 112, 110, 108, 106, 104, 102, 100, 98, 96, 67, 69, 71, 37, 39, 61, 63, 65, 103, 105, 107, 109, 111, 113, 87, 89, 7, 9, 11, 13, 15, 73, 75, 77, 79, 81, 83, 85, 19, 21, 23, 25, 27, 29, 52, 50, 48, 46, 44, 42, 118, 116, 114, 112, 110, 108, 106, 104, 102, 100, 98, 96, 67, 69, 71, 37, 39, 41, 43, 45, 47, 49, 51, 30, 28, 26, 24, 22, 20, 86, 84, 82, 80, 78, 76, 74, 16, 14, 12, 10, 53, 55, 57, 59, 61, 63, 65, 103, 105, 107, 109, 111, 113, 87, 89, 7, 9, 11, 13, 15, 73, 75, 77, 79, 81, 83, 85, 19, 21, 23, 25, 27, 29, 52, 50, 48, 46, 44, 42, 40, 38, 72, 70, 68, 95, 97, 36, 34, 32, 30, 28, 26, 24, 22, 20, 86, 84, 82, 80, 78, 76, 74, 16, 14, 12, 10, 8, 90, 88, 114, 112, 110, 108, 106, 104, 102, 100, 98, 96, 67, 69, 71, 37, 39, 41, 43, 45, 47, 49, 51, 53, 55, 57, 59, 61, 63, 65, 103, 105, 107, 109, 111, 113, 115, 117, 119, 91, 93, 95, 97, 36, 34, 32, 30, 28, 26, 24, 22, 20, 86, 84, 82, 80, 78, 76, 74, 16, 14, 12, 10, 8, 90, 88, 114, 112, 110, 108, 106, 104, 102, 100, 98, 96, 67, 69, 71, 37, 39, 41, 43, 45, 47, 49, 51, 30, 28, 26, 24, 22, 20, 86, 84, 82, 80, 78, 76, 74, 16, 14, 12, 10, 53, 55, 57, 59, 64, 62, 60, 58, 56, 54, 9, 11, 13, 15, 73, 75, 77, 79, 81, 83, 85, 19, 21, 23, 25, 27, 29, 31, 33, 35, 98, 96, 94, 92, 120, 118, 116, 114, 112, 110, 108, 106, 104, 102, 100, 98, 96, 67, 69, 71, 37, 39, 61, 63, 60, 58, 56, 54, 52, 50, 48, 46, 44, 42, 40, 38, 72, 70, 68, 95, 97, 99, 101, 103, 105, 107, 109, 111, 113, 115, 117, 41, 43, 45, 47, 49, 51, 53, 55, 57, 59, 64, 62, 40, 38, 72, 70, 68, 95, 97, 36, 34, 32, 30, 28, 26, 24, 22, 20, 86, 84, 82, 80, 78, 76, 74, 16, 14, 12, 10, 53, 55, 57, 59, 64, 62, 60, 58, 56, 54, 9, 11, 13, 15, 73, 75, 77, 79, 81, 83, 85, 19, 21, 23, 25, 27, 29, 31, 33, 35, 98, 96, 67, 69, 71, 37, 39, 41, 43, 45, 47, 49, 51, 53, 55, 57, 59, 61, 63, 60, 58, 56, 54, 9, 11, 13, 15, 73, 75, 77, 79, 81, 83, 85, 19, 21, 23, 25, 27, 29, 31, 33, 35, 98, 96, 67, 69, 71, 37, 39, 41, 43, 45, 47, 49, 51, 30, 28, 26, 24, 22, 20, 86, 84, 82, 80, 78, 76, 74, 16, 14, 12, 10, 53, 55, 57, 59, 64, 62, 40, 38, 72, 70, 68, 95, 97, 99, 101, 103, 105, 107, 109, 111, 113, 87, 89, 7, 9, 11, 13, 15, 73, 75, 77, 79, 81, 83, 85, 19, 21, 23, 25, 27, 29, 52, 50, 48, 46, 44, 42, 118, 116, 114, 112, 110, 108, 106, 104, 102, 100, 98, 96, 67, 69, 71, 37, 39, 41, 43, 45, 47, 49, 51, 53, 55, 57, 59, 64, 62, 40, 38, 72, 70, 68, 95, 97, 36, 34, 32, 30, 28, 26, 24, 22, 20, 86, 84, 82, 80, 78, 76, 74, 16, 14, 12, 10, 53, 55, 57, 59, 64, 62, 60, 58, 56, 54, 52, 50, 48, 46, 44, 42, 118, 116, 114, 112, 110, 108, 106, 104, 102, 100, 98, 96, 67, 69, 71, 37, 39, 61, 63, 65, 103, 105, 107, 109, 111, 113, 115, 117, 119, 91, 93, 95, 97, 99, 101, 103, 105, 107, 109, 111, 113, 115, 117, 41, 43, 45, 47, 49, 51, 30, 28, 26, 24, 22, 20, 86, 84, 82, 80, 78, 76, 74, 16, 14, 12, 10, 53, 55, 57, 59, 64, 62, 40, 38, 72, 70, 68, 95, 97, 36, 34, 32, 30, 28, 26, 24, 22, 20, 86, 84, 82, 80, 78, 76, 74, 16, 14, 12, 10, 53, 55, 57, 59, 64, 62, 40, 38, 72, 70, 68, 95, 97, 36, 34, 32, 30, 28, 26, 24, 22, 20, 86, 84, 82, 80, 78, 76, 74, 16, 14, 12, 10, 53, 55, 57, 59, 64, 62, 40, 38, 72, 70, 68, 95, 97, 99, 101, 103, 105, 107, 109, 111, 113, 115, 117, 119, 91, 93, 115, 117, 41, 43, 45, 47, 49, 51, 30, 28, 26, 24, 22, 20, 86, 84, 82, 80, 78, 76, 74, 16, 14, 12, 10, 53, 55, 57, 59, 64, 62, 40, 38, 72, 70, 68, 95, 97, 99, 101, 103, 105, 107, 109, 111, 113, 115, 117, 119, 91, 93, 115, 117, 41, 43, 45, 47, 49, 51, 53, 55, 57, 59, 64, 62, 60, 58, 56, 54, 9, 11, 13, 15, 73, 75, 77, 79, 81, 83, 85, 19, 21, 23, 25, 27, 29, 52, 50, 48, 46, 44, 42, 40, 38, 72, 70, 68, 95, 97, 99, 101, 103, 105, 107, 109, 111, 113, 115, 117, 119, 91, 93, 115, 117, 41, 43, 45, 47, 49, 51, 53, 55, 57, 59, 64, 62, 40, 38, 72, 70, 68, 95, 97, 99, 101, 103, 105, 107, 109, 111, 113, 115, 117, 119, 91, 93, 95, 97, 99, 101, 103, 105, 107, 109, 111, 113, 115, 117, 41, 43, 45, 47, 49, 51, 53, 55, 57, 59, 64, 62, 40, 38, 72, 70, 68, 95, 97, 99, 101, 103, 105, 107, 109, 111, 113, 115, 117, 41, 43, 45, 47, 49, 51, 30, 28, 26, 24, 22, 20, 86, 84, 82, 80, 78, 76, 74, 16, 14, 12, 10, 53, 55, 57, 59, 64, 62, 40, 38, 72, 70, 68, 95, 97, 99, 101, 103, 105, 107, 109, 111, 113, 115, 117, 41, 43, 45, 47, 49, 51, 30, 28, 26, 24, 22, 20, 86, 84, 82, 80, 78, 76, 74, 16, 14, 12, 10, 53, 55, 57, 59, 64, 62, 60, 58, 56, 54, 52, 50, 48, 46, 44, 42, 40, 38, 72, 70, 68, 95, 97, 99, 101, 103, 105, 107, 109, 111, 113, 115, 117, 41, 43, 45, 47, 49, 51, 30, 28, 26, 24, 22, 20, 86, 84, 82, 80, 78, 76, 74, 16, 14, 12, 10, 53, 55, 57, 59, 64, 62, 60, 58, 56, 54, 52, 50, 48, 46, 44, 42, 118, 116, 114, 112, 110, 108, 106, 104, 102, 100, 98, 96, 67, 69, 71, 37, 39, 61, 63, 60, 58, 56, 54, 9, 11, 13, 15, 73, 75, 77, 79, 81, 83, 85, 19, 21, 23, 25, 27, 29, 31, 33, 35, 98, 96, 67, 69, 71, 37, 39, 61, 63, 65, 103, 105, 107, 109, 111, 113, 115, 117, 41, 43, 45, 47, 49, 51, 30, 28, 26, 24, 22, 20, 86, 84, 82, 80, 78, 76, 74, 16, 14, 12, 10, 53, 55, 57, 59, 64, 62, 60, 58, 56, 54, 52, 50, 48, 46, 44, 42, 40, 38, 72, 70, 68, 95, 97, 99, 101, 103, 105, 107, 109, 111, 113, 115, 117, 41, 43, 45, 47, 49, 51, 30, 28, 26, 24, 22, 20, 86, 84, 82, 80, 78, 76, 74, 16, 14, 12, 10, 53, 55, 57, 59, 64, 62, 60, 58, 56, 54, 52, 50, 48, 46, 44, 42, 118, 116, 114, 112, 110, 108, 106, 104, 102, 100, 98, 96, 94, 92, 120, 118, 116, 114, 112, 110, 108, 106, 104, 102, 100, 98, 96, 67, 69, 71, 37, 39, 61, 63, 60, 58, 56, 54, 52, 50, 48, 46, 44, 42, 118, 116, 114, 112, 110, 108, 106, 104, 102, 100, 98, 96, 67, 69, 71, 37, 39, 61, 63, 60, 58, 56, 54, 9, 11, 13, 15, 73, 75, 77, 79, 81, 83, 85, 19, 21, 23, 25, 27, 29, 52, 50, 48, 46, 44, 42, 118, 116, 114, 112, 110, 108, 106, 104, 102, 100, 98, 96, 67, 69, 71, 37, 39, 61, 63, 60, 58, 56, 54, 9, 11, 13, 15, 73, 75, 77, 79, 81, 83, 85, 19, 21, 23, 25, 27, 29, 52, 50, 48, 46, 44, 42, 118, 116, 114, 112, 110, 108, 106, 104, 102, 100, 98, 96, 94, 92, 120, 118, 116, 114, 112, 110, 108, 106, 104, 102, 100, 98, 96, 94, 92, 120, 118, 116, 114, 112, 110, 108, 106, 104, 102, 100, 98, 96, 94, 92, 120, 118, 116, 114, 112, 110, 108, 106, 104, 102, 100, 98, 96, 94, 92, 120, 118, 116, 114, 112, 110, 108, 106, 104, 102, 100, 98, 96, 67, 69, 71, 37, 39, 61, 63, 60, 58, 56, 54, 9, 11, 13, 15, 73, 75, 77, 79, 81, 83, 85, 19, 21, 23, 25, 27, 29, 52, 50, 48, 46, 44, 42, 118, 116, 114, 112, 110, 108, 106, 104, 102, 100, 98, 96, 67, 69, 71, 37, 39, 61, 63, 60, 58, 56, 54, 9, 11, 13, 15, 73, 75, 77, 79, 81, 83, 85, 19, 21, 23, 25, 27, 29, 52, 50, 48, 46, 44, 42, 118, 116, 114, 112, 110, 108, 106, 104, 102, 100, 98, 96, 67, 69, 71, 37, 39, 61, 63, 60, 58, 56, 54, 9, 11, 13, 15, 73, 75, 77, 79, 81, 83, 85, 19, 21, 23, 25, 27, 29, 52, 50, 48, 46, 44, 42, 118, 116, 114, 112, 110, 108, 106, 104, 102, 100, 98, 96, 94, 92, 120, 118, 116, 114, 112, 110, 108, 106, 104, 102, 100, 98, 96, 94, 92, 120, 118, 116, 114, 112, 110, 108, 106, 104, 102, 100, 98, 96, 94, 92, 120, 118, 116, 114, 112, 110, 108, 106, 104, 102, 100, 98, 96, 94, 92, 120, 118, 116, 114, 112, 110, 108, 106, 104, 102, 100, 98, 96, 94, 92, 120, 118, 116, 114, 112, 110, 108, 106, 104, 102, 100, 98, 96, 94, 92, 120, 118, 116, 114, 112, 110, 108, 106, 104, 102, 100, 98, 96, 94, 92, 120, 118, 116, 114, 112, 110, 108, 106, 104, 102, 100, 98, 96, 67, 69, 71, 37, 39, 61, 63, 60, 58, 56, 54, 9, 11, 13, 15, 73, 75, 77, 79, 81, 83, 85, 19, 21, 23, 25, 27, 29, 52, 50, 48, 46, 44, 42, 40, 38, 72, 70, 68, 95, 97, 99, 101, 103, 105, 107, 109, 111, 113, 115, 117, 119, 91, 93, 95, 97, 99, 101, 103, 105, 107, 109, 111, 113, 115, 117, 119, 91, 93, 115, 117, 119, 91, 93, 95, 97, 99, 101, 103, 105, 107, 109, 111, 113, 115, 117, 119, 91, 93, 95, 97, 99, 101, 103, 105, 107, 109, 111, 113, 115, 117, 119, 91, 93, 95, 97, 99, 101, 103, 105, 107, 109, 111, 113, 115, 117, 119, 91, 93, 95, 97, 99, 101, 103, 105, 107, 109, 111, 113, 115, 117, 119, 91, 93, 95, 97, 99, 101, 103, 105, 107, 109, 111, 113, 115, 117, 119, 91, 93, 95, 97, 99, 101, 103, 105, 107, 109, 111, 113, 115, 117, 119, 91, 93, 95, 97, 99, 101, 103, 105, 107, 109, 111, 113, 115, 117, 119, 91, 93, 95, 97, 99, 101, 103, 105, 107, 109, 111, 113, 115, 117, 119, 91, 93, 95, 97, 99, 101, 103, 105, 107, 109, 111, 113, 115, 117, 119, 91, 93, 95, 97, 99, 101, 103, 105, 107, 109, 111, 113, 115, 117, 119, 91, 93, 95, 97, 99, 101, 103, 105, 107, 109, 111, 113, 115, 117, 119, 91, 93, 95, 97, 99, 101, 103, 105, 107, 109, 111, 113, 115, 117, 119, 91, 93, 95, 97, 99, 101, 103, 105, 107, 109, 111, 113, 115, 117, 119, 91, 93, 95, 97, 99, 101, 103, 105, 107, 109, 111, 113, 115, 117, 119, 91, 93, 95, 97, 99, 101, 103, 105, 107, 109, 111, 113, 115, 117, 119, 91, 93, 95, 97, 99, 101, 103, 105, 107, 109, 111, 113, 115, 117, 119, 91, 93, 95, 97, 99, 101, 103, 105, 107, 109, 111, 113, 115, 117, 119, 91, 93, 95, 97, 99, 101, 103, 105, 107, 109, 111, 113, 87, 89, 5]
