Original cost:  -118229296
17 cost: -118229296 cost+uc-param -118229296 uc 46781914 -118229296
0
[3]
35 cost: -118229296 cost+uc-param -118229296 uc 46781914 -118229296
1
[3]
67 cost: -118229296 cost+uc-param -118229296 uc 46781914 -118229296
0
[3]
35 cost: -118211986 cost+uc-param -118229296 uc 46764604 -118229296
1
[68, 95, 97, 99, 101, 103, 105, 5, 1, 3]
17 cost: -118211986 cost+uc-param -118229296 uc 46764604 -118229296
0
[68, 95, 97, 99, 101, 103, 105, 5, 1, 3]
19 cost: -118211962 cost+uc-param -118229296 uc 46764580 -118229296
0
[95, 97, 99, 101, 103, 105, 5, 1, 3, 17]
21 cost: -118208800 cost+uc-param -118229296 uc 46761418 -118229296
28
[97, 99, 101, 103, 105, 5, 1, 3, 17, 19]
35 cost: -118208800 cost+uc-param -118229296 uc 46761418 -118229296
1
[105, 5, 1, 3, 17, 19, 21, 5, 1, 3]
98 cost: -118208801 cost+uc-param -118229296 uc 46761419 -118229296
14
[5, 1, 3, 17, 19, 21, 5, 1, 3, 35]
96 cost: -118208752 cost+uc-param -118229296 uc 46761370 -118229296
54
[1, 3, 17, 19, 21, 5, 1, 3, 35, 98]
35 cost: -118178177 cost+uc-param -118229296 uc 46730795 -118229296
0
[68, 95, 97, 99, 101, 103, 105, 5, 1, 3]
98 cost: -118178177 cost+uc-param -118229296 uc 46730795 -118229296
13
[95, 97, 99, 101, 103, 105, 5, 1, 3, 35]
96 cost: -118177987 cost+uc-param -118229296 uc 46730605 -118229296
53
[97, 99, 101, 103, 105, 5, 1, 3, 35, 98]
DONE! 4 0 -118229296 -118164128 46716746 199
DONE! 4 0 -118229296 -117906126 46458744 417
DONE! 4 0 -118229296 -117441693 45994311 631
DONE! 4 0 -118229296 -117259403 45812021 672
DONE! 4 0 -118229296 -117039308 45591926 779
DONE! 4 0 -118229296 -115239003 43791621 1136
DONE! 4 0 -118229296 -114546167 43098785 1216
DONE! 4 0 -118229296 -110633426 39186044 1402
DONE! 4 0 -118229296 -109472816 38025434 1553
DONE! 4 0 -118229296 -109105145 37657763 1635
DONE! 4 0 -118229296 -107211496 35764114 1876
DONE! 4 0 -118229296 -106627770 35180388 1931
DONE! 4 0 -118229296 -106601000 35153618 1951
DONE! 4 0 -118229296 -100594107 29146725 2283
DONE! 4 0 -118229296 -88492444 17045062 2680
DONE! 4 0 -118229296 -86199667 14752285 2807
DONE! 4 0 -118229296 -77646319 6198937 2877
DONE! 4 0 -118229296 -41713656 -29733726 3136
DONE! 4 0 -118229296 -41523643 -29923739 3166
DONE! 4 0 -118229296 -41411647 -30035735 3181
DONE! 4 0 -118229296 -41285458 -30161924 3196
DONE! 4 0 -118229296 -40785901 -30661481 3241
DONE! 4 0 -118229296 -40284089 -31163293 3271
DONE! 4 0 -118229296 -39939280 -31508102 3286
DONE! 4 0 -118229296 -39484100 -31963282 3301
DONE! 4 0 -118229296 -33774194 -37673188 3346
DONE! 4 0 -118229296 -37678895 -33768487 3331
DONE! 4 0 -118229296 -38827491 -32619891 3316
DONE! 4 0 -118229296 -40559083 -30888299 3256
DONE! 4 0 -118229296 -40977457 -30469925 3226
DONE! 4 0 -118229296 -41142081 -30305301 3211
DONE! 4 0 -118229296 -41623724 -29823658 3151
DONE! 4 0 -118229296 -40449543 -30997839 3169
DONE! 4 0 -118229296 -40359611 -31087771 3184
DONE! 4 0 -118229296 -40259530 -31187852 3199
DONE! 4 0 -118229296 -40021345 -31426037 3229
DONE! 4 0 -118229296 -39877968 -31569414 3244
DONE! 4 0 -118229296 -39713344 -31734038 3259
DONE! 4 0 -118229296 -39521788 -31925594 3274
DONE! 4 0 -118229296 -38219987 -33227395 3334
DONE! 4 0 -118229296 -37563378 -33884004 3349
DONE! 4 0 -118229296 -32510081 -38937301 3379
DONE! 4 0 -118229296 -36414782 -35032600 3364
DONE! 4 0 -118229296 -38675167 -32772215 3319
DONE! 4 0 -118229296 -39019976 -32427406 3304
DONE! 4 0 -118229296 -39294970 -32152412 3289
DONE! 4 0 -118229296 -40147534 -31299848 3214
DONE! 4 0 -118229296 -27720088 -43727294 3301
DONE! 4 0 -118229296 -27630156 -43817226 3316
DONE! 4 0 -118229296 -27530075 -43917307 3331
DONE! 4 0 -118229296 -27418079 -44029303 3346
DONE! 4 0 -118229296 -26565515 -44881867 3421
DONE! 4 0 -118229296 -26290521 -45156861 3436
DONE! 4 0 -118229296 -25945712 -45501670 3451
DONE! 4 0 -118229296 -25490532 -45956850 3466
DONE! 4 0 -118229296 -24833923 -46613459 3481
DONE! 4 0 -118229296 -19780626 -51666756 3511
DONE! 4 0 -118229296 -23685327 -47762055 3496
DONE! 4 0 -118229296 -26792333 -44655049 3406
DONE! 4 0 -118229296 -26983889 -44463493 3391
DONE! 4 0 -118229296 -27148513 -44298869 3376
DONE! 4 0 -118229296 -27291890 -44155492 3361
DONE! 4 0 -118229296 -7849530 -63597852 3349
DONE! 4 0 -118229296 -7749449 -63697933 3364
DONE! 4 0 -118229296 -7367887 -64079495 3409
DONE! 4 0 -118229296 -7203263 -64244119 3424
DONE! 4 0 -118229296 -7011707 -64435675 3439
DONE! 4 0 -118229296 -6165086 -65282296 3484
DONE! 4 0 -118229296 -5053297 -66394085 3514
DONE! 4 0 -118229296 -3904701 -67542681 3529
DONE! 4 0 -118229296 0 -71447382 3544
Search ...  [3, 67, 69, 71, 37, 39, 61, 63, 60, 58, 56, 54, 52, 50, 48, 46, 44, 42, 118, 116, 94, 92, 120, 118, 116, 94, 92, 120, 118, 116, 94, 92, 120, 118, 116, 94, 92, 120, 118, 116, 114, 112, 110, 108, 106, 104, 66, 64, 62, 60, 58, 56, 54, 9, 11, 13, 15, 73, 75, 77, 79, 81, 83, 85, 19, 21, 23, 25, 27, 29, 52, 50, 48, 46, 44, 42, 40, 38, 72, 70, 68, 95, 97, 99, 101, 103, 105, 5, 1, 3, 17, 19, 21, 5, 1, 3, 35, 98, 96, 67, 69, 71, 73, 75, 77, 79, 81, 83, 85, 19, 21, 23, 25, 27, 29, 52, 50, 48, 46, 44, 42, 118, 116, 94, 92, 120, 118, 116, 94, 92, 120, 118, 116, 114, 112, 110, 108, 106, 104, 66, 64, 62, 40, 38, 72, 70, 68, 95, 97, 99, 101, 103, 105, 5, 1, 3, 35, 98, 96, 67, 69, 71, 37, 39, 41, 43, 45, 47, 49, 51, 30, 28, 26, 24, 22, 20, 86, 84, 82, 80, 78, 76, 74, 72, 70, 68, 95, 97, 99, 101, 103, 105, 107, 109, 111, 113, 87, 89, 7, 9, 11, 13, 15, 73, 75, 77, 79, 81, 83, 85, 19, 21, 23, 25, 27, 29, 52, 50, 48, 46, 44, 42, 118, 116, 94, 92, 120, 118, 116, 114, 112, 110, 108, 106, 104, 66, 64, 62, 60, 58, 56, 54, 9, 11, 13, 15, 73, 75, 77, 79, 81, 83, 85, 19, 21, 23, 25, 27, 29, 52, 50, 48, 46, 44, 42, 40, 38, 72, 70, 68, 95, 97, 99, 101, 103, 105, 107, 109, 111, 113, 87, 89, 7, 9, 11, 13, 15, 73, 75, 77, 79, 81, 83, 85, 19, 21, 23, 25, 27, 29, 52, 50, 48, 46, 44, 42, 118, 116, 114, 112, 110, 108, 106, 104, 102, 100, 98, 96, 94, 92, 120, 118, 116, 114, 112, 110, 108, 106, 104, 102, 100, 98, 96, 94, 92, 120, 118, 116, 114, 112, 110, 108, 106, 104, 66, 64, 62, 60, 58, 56, 54, 9, 11, 13, 15, 73, 75, 77, 79, 81, 83, 85, 19, 21, 23, 25, 27, 29, 52, 50, 48, 46, 44, 42, 40, 38, 72, 70, 68, 95, 97, 36, 34, 32, 30, 28, 26, 24, 22, 20, 86, 84, 82, 80, 78, 76, 74, 16, 14, 12, 10, 53, 55, 57, 59, 61, 63, 65, 103, 105, 107, 109, 111, 113, 87, 89, 7, 9, 11, 13, 15, 73, 75, 77, 79, 81, 83, 85, 19, 21, 23, 25, 27, 29, 52, 50, 48, 46, 44, 42, 118, 116, 114, 112, 110, 108, 106, 104, 66, 64, 62, 40, 38, 72, 70, 68, 95, 97, 36, 34, 32, 30, 28, 26, 24, 22, 20, 86, 84, 82, 80, 78, 76, 74, 16, 14, 12, 10, 53, 55, 57, 59, 61, 63, 60, 58, 56, 54, 52, 50, 48, 46, 44, 42, 40, 38, 72, 70, 68, 95, 97, 36, 34, 32, 30, 28, 26, 24, 22, 20, 86, 84, 82, 80, 78, 76, 74, 16, 14, 12, 10, 53, 55, 57, 59, 64, 62, 40, 38, 72, 70, 68, 95, 97, 36, 34, 32, 30, 28, 26, 24, 22, 20, 86, 84, 82, 80, 78, 76, 74, 16, 14, 12, 10, 53, 55, 57, 59, 61, 63, 60, 58, 56, 54, 9, 11, 13, 15, 73, 75, 77, 79, 81, 83, 85, 19, 21, 23, 25, 27, 29, 52, 50, 48, 46, 44, 42, 118, 116, 114, 112, 110, 108, 106, 104, 102, 100, 98, 96, 94, 92, 120, 118, 116, 114, 112, 110, 108, 106, 104, 66, 64, 62, 40, 38, 72, 70, 68, 95, 97, 99, 101, 103, 105, 107, 109, 111, 113, 87, 89, 7, 9, 11, 13, 15, 73, 75, 77, 79, 81, 83, 85, 19, 21, 23, 25, 27, 29, 52, 50, 48, 46, 44, 42, 40, 38, 72, 70, 68, 95, 97, 99, 101, 103, 105, 107, 109, 111, 113, 87, 89, 7, 9, 11, 13, 15, 73, 75, 77, 79, 81, 83, 85, 19, 21, 23, 25, 27, 29, 31, 33, 35, 98, 96, 67, 69, 71, 37, 39, 61, 63, 65, 103, 105, 107, 109, 111, 113, 115, 117, 119, 91, 93, 95, 97, 99, 101, 103, 105, 107, 109, 111, 113, 115, 117, 119, 91, 93, 95, 97, 99, 101, 103, 105, 107, 109, 111, 113, 115, 117, 41, 43, 45, 47, 49, 51, 30, 28, 26, 24, 22, 20, 86, 84, 82, 80, 78, 76, 74, 16, 14, 12, 10, 53, 55, 57, 59, 61, 63, 65, 103, 105, 107, 109, 111, 113, 87, 89, 7, 9, 11, 13, 15, 73, 75, 77, 79, 81, 83, 85, 19, 21, 23, 25, 27, 29, 31, 33, 35, 98, 96, 94, 92, 120, 118, 116, 114, 112, 110, 108, 106, 104, 102, 100, 98, 96, 94, 92, 120, 118, 116, 114, 112, 110, 108, 106, 104, 66, 64, 62, 40, 38, 72, 70, 68, 95, 97, 36, 34, 32, 30, 28, 26, 24, 22, 20, 86, 84, 82, 80, 78, 76, 74, 16, 14, 12, 10, 8, 90, 88, 114, 112, 110, 108, 106, 104, 102, 100, 98, 96, 67, 69, 71, 37, 39, 41, 43, 45, 47, 49, 51, 53, 55, 57, 59, 64, 62, 60, 58, 56, 54, 52, 50, 48, 46, 44, 42, 118, 116, 114, 112, 110, 108, 106, 104, 102, 100, 98, 96, 67, 69, 71, 37, 39, 41, 43, 45, 47, 49, 51, 53, 55, 57, 59, 61, 63, 65, 103, 105, 107, 109, 111, 113, 87, 89, 7, 9, 11, 13, 15, 73, 75, 77, 79, 81, 83, 85, 19, 21, 23, 25, 27, 29, 52, 50, 48, 46, 44, 42, 40, 38, 72, 70, 68, 95, 97, 36, 34, 32, 30, 28, 26, 24, 22, 20, 86, 84, 82, 80, 78, 76, 74, 16, 14, 12, 10, 53, 55, 57, 59, 64, 62, 40, 38, 72, 70, 68, 95, 97, 36, 34, 32, 30, 28, 26, 24, 22, 20, 86, 84, 82, 80, 78, 76, 74, 16, 14, 12, 10, 8, 90, 88, 114, 112, 110, 108, 106, 104, 66, 64, 62, 60, 58, 56, 54, 9, 11, 13, 15, 73, 75, 77, 79, 81, 83, 85, 19, 21, 23, 25, 27, 29, 52, 50, 48, 46, 44, 42, 40, 38, 72, 70, 68, 95, 97, 36, 34, 32, 30, 28, 26, 24, 22, 20, 86, 84, 82, 80, 78, 76, 74, 16, 14, 12, 10, 8, 90, 88, 114, 112, 110, 108, 106, 104, 66, 64, 62, 60, 58, 56, 54, 52, 50, 48, 46, 44, 42, 118, 116, 114, 112, 110, 108, 106, 104, 102, 100, 98, 96, 67, 69, 71, 37, 39, 61, 63, 65, 103, 105, 107, 109, 111, 113, 87, 89, 7, 9, 11, 13, 15, 73, 75, 77, 79, 81, 83, 85, 19, 21, 23, 25, 27, 29, 52, 50, 48, 46, 44, 42, 118, 116, 114, 112, 110, 108, 106, 104, 102, 100, 98, 96, 67, 69, 71, 37, 39, 41, 43, 45, 47, 49, 51, 53, 55, 57, 59, 64, 62, 60, 58, 56, 54, 52, 50, 48, 46, 44, 42, 40, 38, 72, 70, 68, 95, 97, 99, 101, 103, 105, 107, 109, 111, 113, 87, 89, 7, 9, 11, 13, 15, 73, 75, 77, 79, 81, 83, 85, 19, 21, 23, 25, 27, 29, 52, 50, 48, 46, 44, 42, 40, 38, 72, 70, 68, 95, 97, 99, 101, 103, 105, 107, 109, 111, 113, 115, 117, 41, 43, 45, 47, 49, 51, 53, 55, 57, 59, 61, 63, 65, 103, 105, 107, 109, 111, 113, 87, 89, 7, 9, 11, 13, 15, 73, 75, 77, 79, 81, 83, 85, 19, 21, 23, 25, 27, 29, 52, 50, 48, 46, 44, 42, 118, 116, 114, 112, 110, 108, 106, 104, 66, 64, 62, 60, 58, 56, 54, 52, 50, 48, 46, 44, 42, 118, 116, 114, 112, 110, 108, 106, 104, 102, 100, 98, 96, 94, 92, 120, 118, 116, 114, 112, 110, 108, 106, 104, 66, 64, 62, 60, 58, 56, 54, 52, 50, 48, 46, 44, 42, 118, 116, 114, 112, 110, 108, 106, 104, 102, 100, 98, 96, 94, 92, 120, 118, 116, 114, 112, 110, 108, 106, 104, 66, 64, 62, 40, 38, 72, 70, 68, 95, 97, 99, 101, 103, 105, 107, 109, 111, 113, 115, 117, 41, 43, 45, 47, 49, 51, 53, 55, 57, 59, 64, 62, 60, 58, 56, 54, 9, 11, 13, 15, 73, 75, 77, 79, 81, 83, 85, 19, 21, 23, 25, 27, 29, 52, 50, 48, 46, 44, 42, 118, 116, 114, 112, 110, 108, 106, 104, 102, 100, 98, 96, 67, 69, 71, 37, 39, 41, 43, 45, 47, 49, 51, 30, 28, 26, 24, 22, 20, 86, 84, 82, 80, 78, 76, 74, 16, 14, 12, 10, 53, 55, 57, 59, 64, 62, 40, 38, 72, 70, 68, 95, 97, 36, 34, 32, 30, 28, 26, 24, 22, 20, 86, 84, 82, 80, 78, 76, 74, 16, 14, 12, 10, 8, 90, 88, 114, 112, 110, 108, 106, 104, 102, 100, 98, 96, 67, 69, 71, 37, 39, 41, 43, 45, 47, 49, 51, 53, 55, 57, 59, 61, 63, 65, 103, 105, 107, 109, 111, 113, 115, 117, 41, 43, 45, 47, 49, 51, 30, 28, 26, 24, 22, 20, 86, 84, 82, 80, 78, 76, 74, 16, 14, 12, 10, 8, 90, 88, 114, 112, 110, 108, 106, 104, 102, 100, 98, 96, 94, 92, 120, 118, 116, 114, 112, 110, 108, 106, 104, 102, 100, 98, 96, 94, 92, 120, 118, 116, 114, 112, 110, 108, 106, 104, 102, 100, 98, 96, 67, 69, 71, 37, 39, 61, 63, 65, 103, 105, 107, 109, 111, 113, 115, 117, 119, 91, 93, 115, 117, 119, 91, 93, 115, 117, 119, 91, 93, 115, 117, 41, 43, 45, 47, 49, 51, 30, 28, 26, 24, 22, 20, 86, 84, 82, 80, 78, 76, 74, 16, 14, 12, 10, 53, 55, 57, 59, 64, 62, 60, 58, 56, 54, 9, 11, 13, 15, 73, 75, 77, 79, 81, 83, 85, 19, 21, 23, 25, 27, 29, 52, 50, 48, 46, 44, 42, 118, 116, 114, 112, 110, 108, 106, 104, 102, 100, 98, 96, 94, 92, 120, 118, 116, 114, 112, 110, 108, 106, 104, 102, 100, 98, 96, 94, 92, 120, 118, 116, 114, 112, 110, 108, 106, 104, 102, 100, 98, 96, 94, 92, 120, 118, 116, 114, 112, 110, 108, 106, 104, 102, 100, 98, 96, 67, 69, 71, 37, 39, 41, 43, 45, 47, 49, 51, 30, 28, 26, 24, 22, 20, 86, 84, 82, 80, 78, 76, 74, 16, 14, 12, 10, 53, 55, 57, 59, 61, 63, 65, 103, 105, 107, 109, 111, 113, 115, 117, 119, 91, 93, 115, 117, 41, 43, 45, 47, 49, 51, 53, 55, 57, 59, 61, 63, 60, 58, 56, 54, 52, 50, 48, 46, 44, 42, 118, 116, 114, 112, 110, 108, 106, 104, 102, 100, 98, 96, 94, 92, 120, 118, 116, 114, 112, 110, 108, 106, 104, 102, 100, 98, 96, 67, 69, 71, 37, 39, 61, 63, 65, 103, 105, 107, 109, 111, 113, 115, 117, 119, 91, 93, 95, 97, 36, 34, 32, 30, 28, 26, 24, 22, 20, 86, 84, 82, 80, 78, 76, 74, 16, 14, 12, 10, 53, 55, 57, 59, 61, 63, 65, 103, 105, 107, 109, 111, 113, 115, 117, 119, 91, 93, 95, 97, 99, 101, 103, 105, 107, 109, 111, 113, 115, 117, 119, 91, 93, 115, 117, 119, 91, 93, 95, 97, 99, 101, 103, 105, 107, 109, 111, 113, 115, 117, 119, 91, 93, 115, 117, 119, 91, 93, 95, 97, 36, 34, 32, 30, 28, 26, 24, 22, 20, 86, 84, 82, 80, 78, 76, 74, 16, 14, 12, 10, 8, 90, 88, 114, 112, 110, 108, 106, 104, 102, 100, 98, 96, 94, 92, 120, 118, 116, 114, 112, 110, 108, 106, 104, 102, 100, 98, 96, 67, 69, 71, 37, 39, 61, 63, 65, 103, 105, 107, 109, 111, 113, 115, 117, 119, 91, 93, 115, 117, 119, 91, 93, 95, 97, 36, 34, 32, 30, 28, 26, 24, 22, 20, 86, 84, 82, 80, 78, 76, 74, 16, 14, 12, 10, 8, 90, 88, 114, 112, 110, 108, 106, 104, 102, 100, 98, 96, 94, 92, 120, 118, 116, 114, 112, 110, 108, 106, 104, 102, 100, 98, 96, 94, 92, 120, 118, 116, 114, 112, 110, 108, 106, 104, 102, 100, 98, 96, 94, 92, 120, 118, 116, 114, 112, 110, 108, 106, 104, 102, 100, 98, 96, 67, 69, 71, 37, 39, 41, 43, 45, 47, 49, 51, 53, 55, 57, 59, 64, 62, 40, 38, 72, 70, 68, 95, 97, 36, 34, 32, 30, 28, 26, 24, 22, 20, 86, 84, 82, 80, 78, 76, 74, 16, 14, 12, 10, 53, 55, 57, 59, 64, 62, 60, 58, 56, 54, 9, 11, 13, 15, 73, 75, 77, 79, 81, 83, 85, 19, 21, 23, 25, 27, 29, 31, 33, 35, 98, 96, 94, 92, 120, 118, 116, 114, 112, 110, 108, 106, 104, 102, 100, 98, 96, 94, 92, 120, 118, 116, 114, 112, 110, 108, 106, 104, 102, 100, 98, 96, 94, 92, 120, 118, 116, 114, 112, 110, 108, 106, 104, 102, 100, 98, 96, 94, 92, 120, 118, 116, 114, 112, 110, 108, 106, 104, 102, 100, 98, 96, 67, 69, 71, 37, 39, 41, 43, 45, 47, 49, 51, 53, 55, 57, 59, 64, 62, 40, 38, 72, 70, 68, 95, 97, 99, 101, 103, 105, 107, 109, 111, 113, 115, 117, 41, 43, 45, 47, 49, 51, 53, 55, 57, 59, 61, 63, 60, 58, 56, 54, 52, 50, 48, 46, 44, 42, 118, 116, 114, 112, 110, 108, 106, 104, 102, 100, 98, 96, 94, 92, 120, 118, 116, 114, 112, 110, 108, 106, 104, 102, 100, 98, 96, 94, 92, 120, 118, 116, 114, 112, 110, 108, 106, 104, 102, 100, 98, 96, 94, 92, 120, 118, 116, 114, 112, 110, 108, 106, 104, 102, 100, 98, 96, 67, 69, 71, 37, 39, 61, 63, 60, 58, 56, 54, 52, 50, 48, 46, 44, 42, 40, 38, 72, 70, 68, 95, 97, 99, 101, 103, 105, 107, 109, 111, 113, 115, 117, 119, 91, 93, 115, 117, 41, 43, 45, 47, 49, 51, 53, 55, 57, 59, 61, 63, 60, 58, 56, 54, 9, 11, 13, 15, 73, 75, 77, 79, 81, 83, 85, 19, 21, 23, 25, 27, 29, 31, 33, 35, 98, 96, 67, 69, 71, 37, 39, 41, 43, 45, 47, 49, 51, 30, 28, 26, 24, 22, 20, 86, 84, 82, 80, 78, 76, 74, 16, 14, 12, 10, 8, 90, 88, 114, 112, 110, 108, 106, 104, 102, 100, 98, 96, 94, 92, 120, 118, 116, 114, 112, 110, 108, 106, 104, 102, 100, 98, 96, 67, 69, 71, 37, 39, 61, 63, 60, 58, 56, 54, 9, 11, 13, 15, 73, 75, 77, 79, 81, 83, 85, 19, 21, 23, 25, 27, 29, 31, 33, 35, 98, 96, 94, 92, 120, 118, 116, 114, 112, 110, 108, 106, 104, 102, 100, 98, 96, 67, 69, 71, 37, 39, 41, 43, 45, 47, 49, 51, 30, 28, 26, 24, 22, 20, 86, 84, 82, 80, 78, 76, 74, 16, 14, 12, 10, 8, 90, 88, 114, 112, 110, 108, 106, 104, 102, 100, 98, 96, 67, 69, 71, 37, 39, 61, 63, 60, 58, 56, 54, 9, 11, 13, 15, 73, 75, 77, 79, 81, 83, 85, 19, 21, 23, 25, 27, 29, 31, 33, 35, 98, 96, 67, 69, 71, 37, 39, 61, 63, 60, 58, 56, 54, 52, 50, 48, 46, 44, 42, 40, 38, 72, 70, 68, 95, 97, 99, 101, 103, 105, 107, 109, 111, 113, 115, 117, 41, 43, 45, 47, 49, 51, 53, 55, 57, 59, 64, 62, 40, 38, 72, 70, 68, 95, 97, 99, 101, 103, 105, 107, 109, 111, 113, 115, 117, 119, 91, 93, 115, 117, 119, 91, 93, 95, 97, 99, 101, 103, 105, 107, 109, 111, 113, 115, 117, 41, 43, 45, 47, 49, 51, 30, 28, 26, 24, 22, 20, 86, 84, 82, 80, 78, 76, 74, 16, 14, 12, 10, 53, 55, 57, 59, 64, 62, 40, 38, 72, 70, 68, 95, 97, 99, 101, 103, 105, 107, 109, 111, 113, 115, 117, 119, 91, 93, 95, 97, 99, 101, 103, 105, 107, 109, 111, 113, 115, 117, 41, 43, 45, 47, 49, 51, 30, 28, 26, 24, 22, 20, 86, 84, 82, 80, 78, 76, 74, 16, 14, 12, 10, 53, 55, 57, 59, 64, 62, 40, 38, 72, 70, 68, 95, 97, 99, 101, 103, 105, 107, 109, 111, 113, 115, 117, 41, 43, 45, 47, 49, 51, 30, 28, 26, 24, 22, 20, 86, 84, 82, 80, 78, 76, 74, 16, 14, 12, 10, 8, 90, 88, 114, 112, 110, 108, 106, 104, 102, 100, 98, 96, 67, 69, 71, 37, 39, 61, 63, 60, 58, 56, 54, 52, 50, 48, 46, 44, 42, 40, 38, 72, 70, 68, 95, 97, 99, 101, 103, 105, 107, 109, 111, 113, 115, 117, 41, 43, 45, 47, 49, 51, 30, 28, 26, 24, 22, 20, 86, 84, 82, 80, 78, 76, 74, 16, 14, 12, 10, 53, 55, 57, 59, 64, 62, 40, 38, 72, 70, 68, 95, 97, 99, 101, 103, 105, 107, 109, 111, 113, 115, 117, 41, 43, 45, 47, 49, 51, 30, 28, 26, 24, 22, 20, 86, 84, 82, 80, 78, 76, 74, 16, 14, 12, 10, 53, 55, 57, 59, 64, 62, 40, 38, 72, 70, 68, 95, 97, 99, 101, 103, 105, 107, 109, 111, 113, 115, 117, 119, 91, 93, 95, 97, 99, 101, 103, 105, 107, 109, 111, 113, 115, 117, 41, 43, 45, 47, 49, 51, 30, 28, 26, 24, 22, 20, 86, 84, 82, 80, 78, 76, 74, 16, 14, 12, 10, 53, 55, 57, 59, 64, 62, 40, 38, 72, 70, 68, 95, 97, 99, 101, 103, 105, 107, 109, 111, 113, 115, 117, 41, 43, 45, 47, 49, 51, 30, 28, 26, 24, 22, 20, 86, 84, 82, 80, 78, 76, 74, 16, 14, 12, 10, 53, 55, 57, 59, 64, 62, 60, 58, 56, 54, 9, 11, 13, 15, 73, 75, 77, 79, 81, 83, 85, 19, 21, 23, 25, 27, 29, 31, 33, 35, 98, 96, 67, 69, 71, 37, 39, 61, 63, 60, 58, 56, 54, 9, 11, 13, 15, 73, 75, 77, 79, 81, 83, 85, 19, 21, 23, 25, 27, 29, 31, 33, 35, 98, 96, 67, 69, 71, 37, 39, 61, 63, 60, 58, 56, 54, 9, 11, 13, 15, 73, 75, 77, 79, 81, 83, 85, 19, 21, 23, 25, 27, 29, 31, 33, 35, 98, 96, 67, 69, 71, 37, 39, 61, 63, 60, 58, 56, 54, 9, 11, 13, 15, 73, 75, 77, 79, 81, 83, 85, 19, 21, 23, 25, 27, 29, 31, 33, 35, 98, 96, 67, 69, 71, 37, 39, 61, 63, 60, 58, 56, 54, 9, 11, 13, 15, 73, 75, 77, 79, 81, 83, 85, 19, 21, 23, 25, 27, 29, 31, 33, 35, 98, 96, 67, 69, 71, 37, 39, 61, 63, 60, 58, 56, 54, 9, 11, 13, 15, 73, 75, 77, 79, 81, 83, 85, 19, 21, 23, 25, 27, 29, 31, 33, 35, 98, 96, 67, 69, 71, 37, 39, 61, 63, 60, 58, 56, 54, 9, 11, 13, 15, 73, 75, 77, 79, 81, 83, 85, 19, 21, 23, 25, 27, 29, 31, 33, 35, 98, 96, 67, 69, 71, 37, 39, 41, 43, 45, 47, 49, 51, 30, 28, 26, 24, 22, 20, 86, 84, 82, 80, 78, 76, 74, 16, 14, 12, 10, 53, 55, 57, 59, 64, 62, 40, 38, 72, 70, 68, 95, 97, 99, 101, 103, 105, 107, 109, 111, 113, 115, 117, 119, 91, 93, 95, 97, 99, 101, 103, 105, 107, 109, 111, 113, 115, 117, 119, 91, 93, 95, 97, 99, 101, 103, 105, 107, 109, 111, 113, 115, 117, 119, 91, 93, 95, 97, 99, 101, 103, 105, 107, 109, 111, 113, 115, 117, 119, 91, 93, 95, 97, 99, 101, 103, 105, 107, 109, 111, 113, 115, 117, 119, 91, 93, 95, 97, 99, 101, 103, 105, 107, 109, 111, 113, 115, 117, 119, 91, 93, 95, 97, 99, 101, 103, 105, 107, 109, 111, 113, 115, 117, 119, 91, 93, 95, 97, 99, 101, 103, 105, 107, 109, 111, 113, 115, 117, 119, 91, 93, 95, 97, 99, 101, 103, 105, 107, 109, 111, 113, 115, 117, 119, 91, 93, 95, 97, 99, 101, 103, 105, 107, 109, 111, 113, 115, 117, 119, 91, 93, 95, 97, 99, 101, 103, 105, 107, 109, 111, 113, 115, 117, 119, 91, 93, 95, 97, 99, 101, 103, 105, 107, 109, 111, 113, 115, 117, 119, 91, 93, 95, 97, 99, 101, 103, 105, 107, 109, 111, 113, 115, 117, 119, 91, 93, 95, 97, 99, 101, 103, 105, 107, 109, 111, 113, 115, 117, 119, 91, 93, 95, 97, 99, 101, 103, 105, 107, 109, 111, 113, 87, 89, 5]
