Original cost:  -118229296
67 cost: -118229296 cost+uc-param -118229296 uc 46781914 -118229296
0
[3]
17 cost: -118229296 cost+uc-param -118229296 uc 46781914 -118229296
0
[3]
35 cost: -118229296 cost+uc-param -118229296 uc 46781914 -118229296
1
[3]
35 cost: -118209024 cost+uc-param -118229296 uc 46761642 -118229296
0
[105, 107, 109, 111, 113, 87, 89, 5, 1, 3]
67 cost: -118209024 cost+uc-param -118229296 uc 46761642 -118229296
0
[105, 107, 109, 111, 113, 87, 89, 5, 1, 3]
17 cost: -118209024 cost+uc-param -118229296 uc 46761642 -118229296
0
[105, 107, 109, 111, 113, 87, 89, 5, 1, 3]
19 cost: -118209000 cost+uc-param -118229296 uc 46761618 -118229296
0
[107, 109, 111, 113, 87, 89, 5, 1, 3, 17]
21 cost: -118205838 cost+uc-param -118229296 uc 46758456 -118229296
28
[109, 111, 113, 87, 89, 5, 1, 3, 17, 19]
35 cost: -118170652 cost+uc-param -118229296 uc 46723270 -118229296
0
[77, 79, 81, 83, 85, 19, 21, 5, 1, 3]
67 cost: -118170652 cost+uc-param -118229296 uc 46723270 -118229296
0
[77, 79, 81, 83, 85, 19, 21, 5, 1, 3]
69 cost: -118169540 cost+uc-param -118229296 uc 46722158 -118229296
28
[79, 81, 83, 85, 19, 21, 5, 1, 3, 67]
71 cost: -118168695 cost+uc-param -118229296 uc 46721313 -118229296
28
[81, 83, 85, 19, 21, 5, 1, 3, 67, 69]
35 cost: -118150367 cost+uc-param -118229296 uc 46702985 -118229296
0
[57, 59, 61, 63, 65, 103, 105, 5, 1, 3]
98 cost: -118150367 cost+uc-param -118229296 uc 46702985 -118229296
11
[59, 61, 63, 65, 103, 105, 5, 1, 3, 35]
96 cost: -118149560 cost+uc-param -118229296 uc 46702178 -118229296
49
[61, 63, 65, 103, 105, 5, 1, 3, 35, 98]
DONE! 4 0 -118229296 -118125738 46678356 277
DONE! 4 0 -118229296 -118022123 46574741 422
DONE! 4 0 -118229296 -117983142 46535760 460
DONE! 4 0 -118229296 -117579249 46131867 685
DONE! 4 0 -118229296 -117463289 46015907 746
DONE! 4 0 -118229296 -117226551 45779169 821
DONE! 4 0 -118229296 -116784639 45337257 948
DONE! 4 0 -118229296 -116767787 45320405 973
DONE! 4 0 -118229296 -115276857 43829475 1250
DONE! 4 0 -118229296 -114783671 43336289 1316
DONE! 4 0 -118229296 -114174698 42727316 1419
DONE! 4 0 -118229296 -111658842 40211460 1642
DONE! 4 0 -118229296 -111638886 40191504 1657
DONE! 4 0 -118229296 -111202014 39754632 1698
DONE! 4 0 -118229296 -110455510 39008128 1782
DONE! 4 0 -118229296 -108162409 36715027 1916
DONE! 4 0 -118229296 -106228845 34781463 1957
DONE! 4 0 -118229296 -105922892 34475510 1978
DONE! 4 0 -118229296 -101924445 30477063 2085
DONE! 4 0 -118229296 -101887842 30440460 2100
DONE! 4 0 -118229296 -101804277 30356895 2130
DONE! 4 0 -118229296 -101184656 29737274 2169
DONE! 4 0 -118229296 -101133473 29686091 2184
DONE! 4 0 -118229296 -97926036 26478654 2357
DONE! 4 0 -118229296 -93630130 22182748 2503
DONE! 4 0 -118229296 -72269091 821709 2836
DONE! 4 0 -118229296 -72149137 701755 2851
DONE! 4 0 -118229296 -70747972 -699410 2946
DONE! 4 0 -118229296 -68487587 -2959795 2991
DONE! 4 0 -118229296 -64582886 -6864496 3006
DONE! 4 0 -118229296 -69636183 -1811199 2976
DONE! 4 0 -118229296 -70292792 -1154590 2961
DONE! 4 0 -118229296 -71092781 -354601 2931
DONE! 4 0 -118229296 -71367775 -79607 2916
DONE! 4 0 -118229296 -71594593 147211 2901
DONE! 4 0 -118229296 -71786149 338767 2886
DONE! 4 0 -118229296 -71950773 503391 2871
DONE! 4 0 -118229296 -72013310 565928 2866
DONE! 4 0 -118229296 -71786149 338767 2886
DONE! 4 0 -118229296 -71594593 147211 2901
DONE! 4 0 -118229296 -71092781 -354601 2931
DONE! 4 0 -118229296 -70292792 -1154590 2961
DONE! 4 0 -118229296 -69636183 -1811199 2976
DONE! 4 0 -118229296 -64582886 -6864496 3006
DONE! 4 0 -118229296 -68487587 -2959795 2991
DONE! 4 0 -118229296 -70747972 -699410 2946
DONE! 4 0 -118229296 -71367775 -79607 2916
DONE! 4 0 -118229296 -71858021 410639 2881
DONE! 4 0 -118229296 -70747972 -699410 2946
DONE! 4 0 -118229296 -70292792 -1154590 2961
DONE! 4 0 -118229296 -69636183 -1811199 2976
DONE! 4 0 -118229296 -64582886 -6864496 3006
DONE! 4 0 -118229296 -68487587 -2959795 2991
DONE! 4 0 -118229296 -71092781 -354601 2931
DONE! 4 0 -118229296 -71367775 -79607 2916
DONE! 4 0 -118229296 -71213141 -234241 2926
DONE! 4 0 -118229296 -70292792 -1154590 2961
DONE! 4 0 -118229296 -64582886 -6864496 3006
DONE! 4 0 -118229296 -68487587 -2959795 2991
DONE! 4 0 -118229296 -69636183 -1811199 2976
DONE! 4 0 -118229296 -70747972 -699410 2946
DONE! 4 0 -118229296 -69636183 -1811199 2976
DONE! 4 0 -118229296 -64582886 -6864496 3006
DONE! 4 0 -118229296 -68487587 -2959795 2991
DONE! 4 0 -118229296 -68487587 -2959795 2991
DONE! 4 0 -118229296 -64582886 -6864496 3006
DONE! 4 0 -118229296 -64582886 -6864496 3006
DONE! 4 0 -118229296 -66297934 -5149448 3001
DONE! 4 0 -118229296 -68991739 -2455643 2986
DONE! 4 0 -118229296 -69924194 -1523188 2971
DONE! 4 0 -118229296 -70492311 -955071 2956
DONE! 4 0 -118229296 -70292792 -1154590 2961
DONE! 4 0 -118229296 -69636183 -1811199 2976
DONE! 4 0 -118229296 -68487587 -2959795 2991
DONE! 4 0 -118229296 -64582886 -6864496 3006
DONE! 4 0 -118229296 -70899001 -548381 2941
DONE! 4 0 -118229296 -71092781 -354601 2931
DONE! 4 0 -118229296 -70292792 -1154590 2961
DONE! 4 0 -118229296 -68487587 -2959795 2991
DONE! 4 0 -118229296 -64582886 -6864496 3006
DONE! 4 0 -118229296 -69636183 -1811199 2976
DONE! 4 0 -118229296 -70747972 -699410 2946
DONE! 4 0 -118229296 -71466969 19587 2911
DONE! 4 0 -118229296 -71678296 230914 2896
DONE! 4 0 -118229296 -71594593 147211 2901
DONE! 4 0 -118229296 -71367775 -79607 2916
DONE! 4 0 -118229296 -71092781 -354601 2931
DONE! 4 0 -118229296 -70747972 -699410 2946
DONE! 4 0 -118229296 -64582886 -6864496 3006
DONE! 4 0 -118229296 -68487587 -2959795 2991
DONE! 4 0 -118229296 -69636183 -1811199 2976
DONE! 4 0 -118229296 -70292792 -1154590 2961
DONE! 4 0 -118229296 -72094150 646768 2856
DONE! 4 0 -118229296 -71786149 338767 2886
DONE! 4 0 -118229296 -70747972 -699410 2946
DONE! 4 0 -118229296 -68487587 -2959795 2991
DONE! 4 0 -118229296 -64582886 -6864496 3006
DONE! 4 0 -118229296 -69636183 -1811199 2976
DONE! 4 0 -118229296 -70292792 -1154590 2961
DONE! 4 0 -118229296 -71092781 -354601 2931
DONE! 4 0 -118229296 -71367775 -79607 2916
DONE! 4 0 -118229296 -71594593 147211 2901
DONE! 4 0 -118229296 -71950773 503391 2871
DONE! 4 0 -118229296 -70813463 -633919 2912
DONE! 4 0 -118229296 -70638522 -808860 2932
DONE! 4 0 -118229296 -70330521 -1116861 2962
DONE! 4 0 -118229296 -70138965 -1308417 2977
DONE! 4 0 -118229296 -69292344 -2155038 3022
DONE! 4 0 -118229296 -68837164 -2610218 3037
DONE! 4 0 -118229296 -67031959 -4415423 3067
DONE! 4 0 -118229296 -63127258 -8320124 3082
DONE! 4 0 -118229296 -68180555 -3266827 3052
DONE! 4 0 -118229296 -69637153 -1810229 3007
DONE! 4 0 -118229296 -69912147 -1535235 2992
DONE! 4 0 -118229296 -70495145 -952237 2947
DONE! 4 0 -118229296 -70402393 -1044989 2957
DONE! 4 0 -118229296 -70011341 -1436041 2987
DONE! 4 0 -118229296 -68837164 -2610218 3037
DONE! 4 0 -118229296 -68180555 -3266827 3052
DONE! 4 0 -118229296 -67031959 -4415423 3067
DONE! 4 0 -118229296 -63127258 -8320124 3082
DONE! 4 0 -118229296 -69292344 -2155038 3022
DONE! 4 0 -118229296 -69443373 -2004009 3017
DONE! 4 0 -118229296 -69036683 -2410699 3032
DONE! 4 0 -118229296 -67031959 -4415423 3067
DONE! 4 0 -118229296 -63127258 -8320124 3082
DONE! 4 0 -118229296 -64842306 -6605076 3077
DONE! 4 0 -118229296 -63127258 -8320124 3082
DONE! 4 0 -118229296 -67536111 -3911271 3062
DONE! 4 0 -118229296 -68468566 -2978816 3047
DONE! 4 0 -118229296 -67031959 -4415423 3067
DONE! 4 0 -118229296 -63127258 -8320124 3082
DONE! 4 0 -118229296 -68180555 -3266827 3052
DONE! 4 0 -118229296 -63127258 -8320124 3082
DONE! 4 0 -118229296 -67031959 -4415423 3067
DONE! 4 0 -118229296 -68180555 -3266827 3052
DONE! 4 0 -118229296 -68837164 -2610218 3037
DONE! 4 0 -118229296 -69757513 -1689869 3002
DONE! 4 0 -118229296 -69292344 -2155038 3022
DONE! 4 0 -118229296 -68837164 -2610218 3037
DONE! 4 0 -118229296 -67031959 -4415423 3067
DONE! 4 0 -118229296 -63127258 -8320124 3082
DONE! 4 0 -118229296 -68180555 -3266827 3052
DONE! 4 0 -118229296 -69637153 -1810229 3007
DONE! 4 0 -118229296 -69637153 -1810229 3007
DONE! 4 0 -118229296 -67031959 -4415423 3067
DONE! 4 0 -118229296 -63127258 -8320124 3082
DONE! 4 0 -118229296 -68180555 -3266827 3052
DONE! 4 0 -118229296 -68837164 -2610218 3037
DONE! 4 0 -118229296 -69292344 -2155038 3022
DONE! 4 0 -118229296 -69912147 -1535235 2992
DONE! 4 0 -118229296 -70222668 -1224714 2972
DONE! 4 0 -118229296 -70138965 -1308417 2977
DONE! 4 0 -118229296 -68837164 -2610218 3037
DONE! 4 0 -118229296 -68180555 -3266827 3052
DONE! 4 0 -118229296 -67031959 -4415423 3067
DONE! 4 0 -118229296 -63127258 -8320124 3082
DONE! 4 0 -118229296 -69292344 -2155038 3022
DONE! 4 0 -118229296 -69637153 -1810229 3007
DONE! 4 0 -118229296 -69912147 -1535235 2992
DONE! 4 0 -118229296 -70330521 -1116861 2962
DONE! 4 0 -118229296 -70138965 -1308417 2977
DONE! 4 0 -118229296 -68837164 -2610218 3037
DONE! 4 0 -118229296 -68180555 -3266827 3052
DONE! 4 0 -118229296 -63127258 -8320124 3082
DONE! 4 0 -118229296 -67031959 -4415423 3067
DONE! 4 0 -118229296 -69292344 -2155038 3022
DONE! 4 0 -118229296 -69637153 -1810229 3007
DONE! 4 0 -118229296 -69912147 -1535235 2992
DONE! 4 0 -118229296 -70557682 -889700 2942
DONE! 4 0 -118229296 -70330521 -1116861 2962
DONE! 4 0 -118229296 -70138965 -1308417 2977
DONE! 4 0 -118229296 -69292344 -2155038 3022
DONE! 4 0 -118229296 -68180555 -3266827 3052
DONE! 4 0 -118229296 -63127258 -8320124 3082
DONE! 4 0 -118229296 -67031959 -4415423 3067
DONE! 4 0 -118229296 -68837164 -2610218 3037
DONE! 4 0 -118229296 -69637153 -1810229 3007
DONE! 4 0 -118229296 -69912147 -1535235 2992
DONE! 4 0 -118229296 -70495145 -952237 2947
DONE! 4 0 -118229296 -70693509 -753873 2927
DONE! 4 0 -118229296 -46782813 -24664569 3135
DONE! 4 0 -118229296 -46426633 -25020749 3165
DONE! 4 0 -118229296 -46199815 -25247567 3180
DONE! 4 0 -118229296 -45924821 -25522561 3195
DONE! 4 0 -118229296 -45124832 -26322550 3225
DONE! 4 0 -118229296 -44468223 -26979159 3240
DONE! 4 0 -118229296 -39414926 -32032456 3270
DONE! 4 0 -118229296 -43319627 -28127755 3255
DONE! 4 0 -118229296 -45580012 -25867370 3210
DONE! 4 0 -118229296 -46618189 -24829193 3150
DONE! 4 0 -118229296 -46926190 -24521192 3120
DONE! 4 0 -118229296 -46981177 -24466205 3115
DONE! 4 0 -118229296 -46782813 -24664569 3135
DONE! 4 0 -118229296 -46199815 -25247567 3180
DONE! 4 0 -118229296 -45924821 -25522561 3195
DONE! 4 0 -118229296 -45580012 -25867370 3210
DONE! 4 0 -118229296 -45124832 -26322550 3225
DONE! 4 0 -118229296 -39414926 -32032456 3270
DONE! 4 0 -118229296 -43319627 -28127755 3255
DONE! 4 0 -118229296 -44468223 -26979159 3240
DONE! 4 0 -118229296 -46426633 -25020749 3165
DONE! 4 0 -118229296 -46618189 -24829193 3150
DONE! 4 0 -118229296 -46845350 -24602032 3130
DONE! 4 0 -118229296 -45124832 -26322550 3225
DONE! 4 0 -118229296 -44468223 -26979159 3240
DONE! 4 0 -118229296 -43319627 -28127755 3255
DONE! 4 0 -118229296 -39414926 -32032456 3270
DONE! 4 0 -118229296 -45580012 -25867370 3210
DONE! 4 0 -118229296 -45924821 -25522561 3195
DONE! 4 0 -118229296 -46199815 -25247567 3180
DONE! 4 0 -118229296 -46426633 -25020749 3165
DONE! 4 0 -118229296 -46618189 -24829193 3150
DONE! 4 0 -118229296 -46690061 -24757321 3145
DONE! 4 0 -118229296 -46199815 -25247567 3180
DONE! 4 0 -118229296 -45924821 -25522561 3195
DONE! 4 0 -118229296 -45580012 -25867370 3210
DONE! 4 0 -118229296 -44468223 -26979159 3240
DONE! 4 0 -118229296 -43319627 -28127755 3255
DONE! 4 0 -118229296 -39414926 -32032456 3270
DONE! 4 0 -118229296 -45124832 -26322550 3225
DONE! 4 0 -118229296 -46426633 -25020749 3165
DONE! 4 0 -118229296 -46510336 -24937046 3160
DONE! 4 0 -118229296 -46199815 -25247567 3180
DONE! 4 0 -118229296 -45924821 -25522561 3195
DONE! 4 0 -118229296 -45580012 -25867370 3210
DONE! 4 0 -118229296 -43319627 -28127755 3255
DONE! 4 0 -118229296 -39414926 -32032456 3270
DONE! 4 0 -118229296 -44468223 -26979159 3240
DONE! 4 0 -118229296 -45124832 -26322550 3225
DONE! 4 0 -118229296 -45580012 -25867370 3210
DONE! 4 0 -118229296 -45124832 -26322550 3225
DONE! 4 0 -118229296 -43319627 -28127755 3255
DONE! 4 0 -118229296 -39414926 -32032456 3270
DONE! 4 0 -118229296 -44468223 -26979159 3240
DONE! 4 0 -118229296 -45924821 -25522561 3195
DONE! 4 0 -118229296 -45580012 -25867370 3210
DONE! 4 0 -118229296 -45124832 -26322550 3225
DONE! 4 0 -118229296 -39414926 -32032456 3270
DONE! 4 0 -118229296 -43319627 -28127755 3255
DONE! 4 0 -118229296 -44468223 -26979159 3240
DONE! 4 0 -118229296 -45124832 -26322550 3225
DONE! 4 0 -118229296 -39414926 -32032456 3270
DONE! 4 0 -118229296 -43319627 -28127755 3255
DONE! 4 0 -118229296 -44468223 -26979159 3240
DONE! 4 0 -118229296 -45324351 -26123031 3220
DONE! 4 0 -118229296 -44756234 -26691148 3235
DONE! 4 0 -118229296 -39414926 -32032456 3270
DONE! 4 0 -118229296 -43319627 -28127755 3255
DONE! 4 0 -118229296 -41129974 -30317408 3265
DONE! 4 0 -118229296 -39414926 -32032456 3270
DONE! 4 0 -118229296 -43823779 -27623603 3250
DONE! 4 0 -118229296 -39414926 -32032456 3270
DONE! 4 0 -118229296 -43319627 -28127755 3255
DONE! 4 0 -118229296 -44468223 -26979159 3240
DONE! 4 0 -118229296 -45731041 -25716341 3205
DONE! 4 0 -118229296 -46045181 -25402201 3190
DONE! 4 0 -118229296 -46299009 -25148373 3175
DONE! 4 0 -118229296 -47101131 -24346251 3100
DONE! 4 0 -118229296 -33048623 -38398759 3313
DONE! 4 0 -118229296 -32457828 -38989554 3373
DONE! 4 0 -118229296 -32246501 -39200881 3388
DONE! 4 0 -118229296 -31872313 -39575069 3408
DONE! 4 0 -118229296 -31527504 -39919878 3423
DONE! 4 0 -118229296 -25362418 -46084964 3483
DONE! 4 0 -118229296 -29267119 -42180263 3468
DONE! 4 0 -118229296 -30415715 -41031667 3453
DONE! 4 0 -118229296 -31072324 -40375058 3438
DONE! 4 0 -118229296 -31072324 -40375058 3438
DONE! 4 0 -118229296 -30415715 -41031667 3453
DONE! 4 0 -118229296 -29267119 -42180263 3468
DONE! 4 0 -118229296 -25362418 -46084964 3483
DONE! 4 0 -118229296 -31527504 -39919878 3423
DONE! 4 0 -118229296 -31271843 -40175539 3433
DONE! 4 0 -118229296 -30415715 -41031667 3453
DONE! 4 0 -118229296 -29267119 -42180263 3468
DONE! 4 0 -118229296 -25362418 -46084964 3483
DONE! 4 0 -118229296 -30703726 -40743656 3448
DONE! 4 0 -118229296 -29771271 -41676111 3463
DONE! 4 0 -118229296 -25362418 -46084964 3483
DONE! 4 0 -118229296 -27077466 -44369916 3478
DONE! 4 0 -118229296 -29267119 -42180263 3468
DONE! 4 0 -118229296 -25362418 -46084964 3483
DONE! 4 0 -118229296 -31072324 -40375058 3438
DONE! 4 0 -118229296 -29267119 -42180263 3468
DONE! 4 0 -118229296 -25362418 -46084964 3483
DONE! 4 0 -118229296 -30415715 -41031667 3453
DONE! 4 0 -118229296 -31678533 -39768849 3418
DONE! 4 0 -118229296 -31992673 -39454709 3403
DONE! 4 0 -118229296 -31072324 -40375058 3438
DONE! 4 0 -118229296 -30415715 -41031667 3453
DONE! 4 0 -118229296 -25362418 -46084964 3483
DONE! 4 0 -118229296 -29267119 -42180263 3468
DONE! 4 0 -118229296 -31527504 -39919878 3423
DONE! 4 0 -118229296 -31872313 -39575069 3408
DONE! 4 0 -118229296 -32147307 -39300075 3393
DONE! 4 0 -118229296 -32374125 -39073257 3378
DONE! 4 0 -118229296 -32147307 -39300075 3393
DONE! 4 0 -118229296 -31527504 -39919878 3423
DONE! 4 0 -118229296 -31072324 -40375058 3438
DONE! 4 0 -118229296 -30415715 -41031667 3453
DONE! 4 0 -118229296 -25362418 -46084964 3483
DONE! 4 0 -118229296 -29267119 -42180263 3468
DONE! 4 0 -118229296 -31872313 -39575069 3408
DONE! 4 0 -118229296 -32637553 -38809829 3358
DONE! 4 0 -118229296 -32565681 -38881701 3363
DONE! 4 0 -118229296 -32374125 -39073257 3378
DONE! 4 0 -118229296 -32147307 -39300075 3393
DONE! 4 0 -118229296 -31872313 -39575069 3408
DONE! 4 0 -118229296 -31527504 -39919878 3423
DONE! 4 0 -118229296 -29267119 -42180263 3468
DONE! 4 0 -118229296 -25362418 -46084964 3483
DONE! 4 0 -118229296 -30415715 -41031667 3453
DONE! 4 0 -118229296 -31072324 -40375058 3438
DONE! 4 0 -118229296 -32792842 -38654540 3343
DONE! 4 0 -118229296 -32730305 -38717077 3348
DONE! 4 0 -118229296 -32565681 -38881701 3363
DONE! 4 0 -118229296 -29267119 -42180263 3468
DONE! 4 0 -118229296 -25362418 -46084964 3483
DONE! 4 0 -118229296 -30415715 -41031667 3453
DONE! 4 0 -118229296 -31072324 -40375058 3438
DONE! 4 0 -118229296 -31527504 -39919878 3423
DONE! 4 0 -118229296 -31872313 -39575069 3408
DONE! 4 0 -118229296 -32147307 -39300075 3393
DONE! 4 0 -118229296 -32374125 -39073257 3378
DONE! 4 0 -118229296 -32928669 -38518713 3328
DONE! 4 0 -118229296 -32873682 -38573700 3333
DONE! 4 0 -118229296 -32730305 -38717077 3348
DONE! 4 0 -118229296 -32374125 -39073257 3378
DONE! 4 0 -118229296 -31872313 -39575069 3408
DONE! 4 0 -118229296 -31072324 -40375058 3438
DONE! 4 0 -118229296 -30415715 -41031667 3453
DONE! 4 0 -118229296 -25362418 -46084964 3483
DONE! 4 0 -118229296 -29267119 -42180263 3468
DONE! 4 0 -118229296 -31527504 -39919878 3423
DONE! 4 0 -118229296 -32147307 -39300075 3393
DONE! 4 0 -118229296 -32565681 -38881701 3363
DONE! 4 0 -118229296 -7367887 -64079495 3409
DONE! 4 0 -118229296 -7203263 -64244119 3424
DONE! 4 0 -118229296 -6784889 -64662493 3454
DONE! 4 0 -118229296 -6509895 -64937487 3469
DONE! 4 0 -118229296 -5709906 -65737476 3499
DONE! 4 0 -118229296 -3904701 -67542681 3529
DONE! 4 0 -118229296 0 -71447382 3544
Search ...  [3, 35, 98, 96, 67, 69, 71, 37, 39, 61, 63, 60, 58, 56, 54, 9, 11, 13, 15, 73, 75, 77, 79, 81, 83, 85, 19, 21, 23, 25, 27, 29, 31, 33, 35, 98, 96, 94, 92, 120, 118, 116, 94, 92, 120, 118, 116, 94, 92, 120, 118, 116, 94, 92, 120, 118, 116, 114, 112, 110, 108, 106, 104, 66, 64, 62, 40, 38, 72, 70, 68, 95, 97, 36, 34, 32, 30, 28, 26, 24, 22, 20, 86, 84, 82, 80, 78, 76, 74, 16, 14, 12, 10, 53, 55, 57, 59, 64, 62, 40, 38, 72, 70, 68, 95, 97, 99, 101, 103, 105, 107, 109, 111, 113, 87, 89, 5, 1, 3, 17, 19, 21, 23, 25, 27, 29, 31, 33, 35, 98, 96, 94, 92, 120, 118, 116, 94, 92, 120, 118, 116, 114, 112, 110, 108, 106, 104, 102, 100, 98, 96, 94, 92, 120, 118, 116, 114, 112, 110, 108, 106, 104, 102, 100, 98, 96, 94, 92, 120, 118, 116, 114, 112, 110, 108, 106, 104, 66, 64, 62, 60, 58, 56, 54, 9, 11, 13, 15, 73, 75, 77, 79, 81, 83, 85, 19, 21, 5, 1, 3, 67, 69, 71, 37, 39, 41, 43, 45, 47, 49, 51, 30, 28, 26, 24, 22, 20, 86, 84, 82, 80, 78, 76, 74, 16, 14, 12, 10, 53, 55, 57, 59, 61, 63, 65, 103, 105, 5, 1, 3, 35, 98, 96, 67, 69, 71, 73, 75, 77, 79, 81, 83, 85, 19, 21, 23, 25, 27, 29, 52, 50, 48, 46, 44, 42, 40, 38, 72, 70, 68, 95, 97, 99, 101, 103, 105, 107, 109, 111, 113, 115, 117, 119, 91, 93, 115, 117, 119, 91, 93, 95, 97, 36, 34, 32, 30, 28, 26, 24, 22, 20, 86, 84, 82, 80, 78, 76, 74, 72, 70, 68, 95, 97, 99, 101, 103, 105, 107, 109, 111, 113, 115, 117, 41, 43, 45, 47, 49, 51, 53, 55, 57, 59, 64, 62, 60, 58, 56, 54, 52, 50, 48, 46, 44, 42, 118, 116, 94, 92, 120, 118, 116, 114, 112, 110, 108, 106, 104, 102, 100, 98, 96, 94, 92, 120, 118, 116, 114, 112, 110, 108, 106, 104, 102, 100, 98, 96, 67, 69, 71, 37, 39, 61, 63, 60, 58, 56, 54, 52, 50, 48, 46, 44, 42, 118, 116, 94, 92, 120, 118, 116, 114, 112, 110, 108, 106, 104, 66, 64, 62, 40, 38, 72, 70, 68, 95, 97, 99, 101, 103, 105, 107, 109, 111, 113, 115, 117, 41, 43, 45, 47, 49, 51, 30, 28, 26, 24, 22, 20, 86, 84, 82, 80, 78, 76, 74, 16, 14, 12, 10, 53, 55, 57, 59, 61, 63, 65, 103, 105, 107, 109, 111, 113, 87, 89, 7, 9, 11, 13, 15, 73, 75, 77, 79, 81, 83, 85, 19, 21, 23, 25, 27, 29, 52, 50, 48, 46, 44, 42, 118, 116, 94, 92, 120, 118, 116, 114, 112, 110, 108, 106, 104, 66, 64, 62, 40, 38, 72, 70, 68, 95, 97, 36, 34, 32, 30, 28, 26, 24, 22, 20, 86, 84, 82, 80, 78, 76, 74, 16, 14, 12, 10, 53, 55, 57, 59, 64, 62, 40, 38, 72, 70, 68, 95, 97, 36, 34, 32, 30, 28, 26, 24, 22, 20, 86, 84, 82, 80, 78, 76, 74, 16, 14, 12, 10, 8, 90, 88, 114, 112, 110, 108, 106, 104, 102, 100, 98, 96, 94, 92, 120, 118, 116, 114, 112, 110, 108, 106, 104, 66, 64, 62, 60, 58, 56, 54, 9, 11, 13, 15, 73, 75, 77, 79, 81, 83, 85, 19, 21, 23, 25, 27, 29, 31, 33, 35, 98, 96, 67, 69, 71, 37, 39, 61, 63, 60, 58, 56, 54, 9, 11, 13, 15, 73, 75, 77, 79, 81, 83, 85, 19, 21, 23, 25, 27, 29, 52, 50, 48, 46, 44, 42, 118, 116, 114, 112, 110, 108, 106, 104, 102, 100, 98, 96, 67, 69, 71, 37, 39, 41, 43, 45, 47, 49, 51, 53, 55, 57, 59, 61, 63, 65, 103, 105, 107, 109, 111, 113, 115, 117, 119, 91, 93, 115, 117, 41, 43, 45, 47, 49, 51, 53, 55, 57, 59, 64, 62, 60, 58, 56, 54, 9, 11, 13, 15, 73, 75, 77, 79, 81, 83, 85, 19, 21, 23, 25, 27, 29, 52, 50, 48, 46, 44, 42, 40, 38, 72, 70, 68, 95, 97, 99, 101, 103, 105, 107, 109, 111, 113, 87, 89, 7, 9, 11, 13, 15, 73, 75, 77, 79, 81, 83, 85, 19, 21, 23, 25, 27, 29, 31, 33, 35, 98, 96, 94, 92, 120, 118, 116, 114, 112, 110, 108, 106, 104, 66, 64, 62, 60, 58, 56, 54, 52, 50, 48, 46, 44, 42, 118, 116, 114, 112, 110, 108, 106, 104, 66, 64, 62, 40, 38, 72, 70, 68, 95, 97, 99, 101, 103, 105, 107, 109, 111, 113, 115, 117, 119, 91, 93, 115, 117, 119, 91, 93, 95, 97, 36, 34, 32, 30, 28, 26, 24, 22, 20, 86, 84, 82, 80, 78, 76, 74, 16, 14, 12, 10, 53, 55, 57, 59, 61, 63, 60, 58, 56, 54, 52, 50, 48, 46, 44, 42, 40, 38, 72, 70, 68, 95, 97, 36, 34, 32, 30, 28, 26, 24, 22, 20, 86, 84, 82, 80, 78, 76, 74, 16, 14, 12, 10, 53, 55, 57, 59, 61, 63, 65, 103, 105, 107, 109, 111, 113, 87, 89, 7, 9, 11, 13, 15, 73, 75, 77, 79, 81, 83, 85, 19, 21, 23, 25, 27, 29, 31, 33, 35, 98, 96, 67, 69, 71, 37, 39, 61, 63, 65, 103, 105, 107, 109, 111, 113, 115, 117, 119, 91, 93, 115, 117, 119, 91, 93, 115, 117, 119, 91, 93, 95, 97, 99, 101, 103, 105, 107, 109, 111, 113, 87, 89, 7, 9, 11, 13, 15, 73, 75, 77, 79, 81, 83, 85, 19, 21, 23, 25, 27, 29, 31, 33, 35, 98, 96, 94, 92, 120, 118, 116, 114, 112, 110, 108, 106, 104, 66, 64, 62, 40, 38, 72, 70, 68, 95, 97, 99, 101, 103, 105, 107, 109, 111, 113, 115, 117, 41, 43, 45, 47, 49, 51, 30, 28, 26, 24, 22, 20, 86, 84, 82, 80, 78, 76, 74, 16, 14, 12, 10, 53, 55, 57, 59, 64, 62, 60, 58, 56, 54, 52, 50, 48, 46, 44, 42, 40, 38, 72, 70, 68, 95, 97, 99, 101, 103, 105, 107, 109, 111, 113, 87, 89, 7, 9, 11, 13, 15, 73, 75, 77, 79, 81, 83, 85, 19, 21, 23, 25, 27, 29, 31, 33, 35, 98, 96, 67, 69, 71, 37, 39, 61, 63, 60, 58, 56, 54, 52, 50, 48, 46, 44, 42, 40, 38, 72, 70, 68, 95, 97, 36, 34, 32, 30, 28, 26, 24, 22, 20, 86, 84, 82, 80, 78, 76, 74, 16, 14, 12, 10, 8, 90, 88, 114, 112, 110, 108, 106, 104, 66, 64, 62, 40, 38, 72, 70, 68, 95, 97, 99, 101, 103, 105, 107, 109, 111, 113, 115, 117, 41, 43, 45, 47, 49, 51, 30, 28, 26, 24, 22, 20, 86, 84, 82, 80, 78, 76, 74, 16, 14, 12, 10, 53, 55, 57, 59, 64, 62, 40, 38, 72, 70, 68, 95, 97, 36, 34, 32, 30, 28, 26, 24, 22, 20, 86, 84, 82, 80, 78, 76, 74, 16, 14, 12, 10, 53, 55, 57, 59, 61, 63, 65, 103, 105, 107, 109, 111, 113, 87, 89, 7, 9, 11, 13, 15, 73, 75, 77, 79, 81, 83, 85, 19, 21, 23, 25, 27, 29, 31, 33, 35, 98, 96, 67, 69, 71, 37, 39, 41, 43, 45, 47, 49, 51, 30, 28, 26, 24, 22, 20, 86, 84, 82, 80, 78, 76, 74, 16, 14, 12, 10, 53, 55, 57, 59, 61, 63, 65, 103, 105, 107, 109, 111, 113, 115, 117, 119, 91, 93, 115, 117, 41, 43, 45, 47, 49, 51, 30, 28, 26, 24, 22, 20, 86, 84, 82, 80, 78, 76, 74, 16, 14, 12, 10, 8, 90, 88, 114, 112, 110, 108, 106, 104, 102, 100, 98, 96, 67, 69, 71, 37, 39, 61, 63, 60, 58, 56, 54, 9, 11, 13, 15, 73, 75, 77, 79, 81, 83, 85, 19, 21, 23, 25, 27, 29, 52, 50, 48, 46, 44, 42, 118, 116, 114, 112, 110, 108, 106, 104, 66, 64, 62, 40, 38, 72, 70, 68, 95, 97, 99, 101, 103, 105, 107, 109, 111, 113, 115, 117, 41, 43, 45, 47, 49, 51, 30, 28, 26, 24, 22, 20, 86, 84, 82, 80, 78, 76, 74, 16, 14, 12, 10, 8, 90, 88, 114, 112, 110, 108, 106, 104, 102, 100, 98, 96, 94, 92, 120, 118, 116, 114, 112, 110, 108, 106, 104, 66, 64, 62, 60, 58, 56, 54, 9, 11, 13, 15, 73, 75, 77, 79, 81, 83, 85, 19, 21, 23, 25, 27, 29, 52, 50, 48, 46, 44, 42, 118, 116, 114, 112, 110, 108, 106, 104, 66, 64, 62, 40, 38, 72, 70, 68, 95, 97, 36, 34, 32, 30, 28, 26, 24, 22, 20, 86, 84, 82, 80, 78, 76, 74, 16, 14, 12, 10, 53, 55, 57, 59, 61, 63, 65, 103, 105, 107, 109, 111, 113, 115, 117, 119, 91, 93, 95, 97, 36, 34, 32, 30, 28, 26, 24, 22, 20, 86, 84, 82, 80, 78, 76, 74, 16, 14, 12, 10, 8, 90, 88, 114, 112, 110, 108, 106, 104, 102, 100, 98, 96, 67, 69, 71, 37, 39, 61, 63, 60, 58, 56, 54, 52, 50, 48, 46, 44, 42, 118, 116, 114, 112, 110, 108, 106, 104, 102, 100, 98, 96, 67, 69, 71, 37, 39, 41, 43, 45, 47, 49, 51, 53, 55, 57, 59, 61, 63, 65, 103, 105, 107, 109, 111, 113, 115, 117, 119, 91, 93, 95, 97, 99, 101, 103, 105, 107, 109, 111, 113, 87, 89, 7, 9, 11, 13, 15, 73, 75, 77, 79, 81, 83, 85, 19, 21, 23, 25, 27, 29, 52, 50, 48, 46, 44, 42, 40, 38, 72, 70, 68, 95, 97, 99, 101, 103, 105, 107, 109, 111, 113, 87, 89, 7, 9, 11, 13, 15, 73, 75, 77, 79, 81, 83, 85, 19, 21, 23, 25, 27, 29, 31, 33, 35, 98, 96, 94, 92, 120, 118, 116, 114, 112, 110, 108, 106, 104, 102, 100, 98, 96, 94, 92, 120, 118, 116, 114, 112, 110, 108, 106, 104, 102, 100, 98, 96, 67, 69, 71, 37, 39, 61, 63, 65, 103, 105, 107, 109, 111, 113, 115, 117, 119, 91, 93, 95, 97, 99, 101, 103, 105, 107, 109, 111, 113, 87, 89, 7, 9, 11, 13, 15, 73, 75, 77, 79, 81, 83, 85, 19, 21, 23, 25, 27, 29, 31, 33, 35, 98, 96, 67, 69, 71, 37, 39, 41, 43, 45, 47, 49, 51, 30, 28, 26, 24, 22, 20, 86, 84, 82, 80, 78, 76, 74, 16, 14, 12, 10, 53, 55, 57, 59, 64, 62, 40, 38, 72, 70, 68, 95, 97, 36, 34, 32, 30, 28, 26, 24, 22, 20, 86, 84, 82, 80, 78, 76, 74, 16, 14, 12, 10, 53, 55, 57, 59, 64, 62, 60, 58, 56, 54, 9, 11, 13, 15, 73, 75, 77, 79, 81, 83, 85, 19, 21, 23, 25, 27, 29, 52, 50, 48, 46, 44, 42, 40, 38, 72, 70, 68, 95, 97, 99, 101, 103, 105, 107, 109, 111, 113, 87, 89, 7, 9, 11, 13, 15, 73, 75, 77, 79, 81, 83, 85, 19, 21, 23, 25, 27, 29, 52, 50, 48, 46, 44, 42, 40, 38, 72, 70, 68, 95, 97, 99, 101, 103, 105, 107, 109, 111, 113, 115, 117, 41, 43, 45, 47, 49, 51, 53, 55, 57, 59, 61, 63, 65, 103, 105, 107, 109, 111, 113, 115, 117, 119, 91, 93, 115, 117, 119, 91, 93, 95, 97, 36, 34, 32, 30, 28, 26, 24, 22, 20, 86, 84, 82, 80, 78, 76, 74, 16, 14, 12, 10, 53, 55, 57, 59, 61, 63, 65, 103, 105, 107, 109, 111, 113, 115, 117, 41, 43, 45, 47, 49, 51, 53, 55, 57, 59, 64, 62, 40, 38, 72, 70, 68, 95, 97, 36, 34, 32, 30, 28, 26, 24, 22, 20, 86, 84, 82, 80, 78, 76, 74, 16, 14, 12, 10, 53, 55, 57, 59, 64, 62, 40, 38, 72, 70, 68, 95, 97, 99, 101, 103, 105, 107, 109, 111, 113, 115, 117, 119, 91, 93, 95, 97, 99, 101, 103, 105, 107, 109, 111, 113, 115, 117, 119, 91, 93, 95, 97, 99, 101, 103, 105, 107, 109, 111, 113, 115, 117, 119, 91, 93, 95, 97, 99, 101, 103, 105, 107, 109, 111, 113, 115, 117, 41, 43, 45, 47, 49, 51, 53, 55, 57, 59, 64, 62, 60, 58, 56, 54, 52, 50, 48, 46, 44, 42, 40, 38, 72, 70, 68, 95, 97, 99, 101, 103, 105, 107, 109, 111, 113, 115, 117, 119, 91, 93, 95, 97, 99, 101, 103, 105, 107, 109, 111, 113, 115, 117, 41, 43, 45, 47, 49, 51, 53, 55, 57, 59, 64, 62, 40, 38, 72, 70, 68, 95, 97, 99, 101, 103, 105, 107, 109, 111, 113, 115, 117, 119, 91, 93, 95, 97, 99, 101, 103, 105, 107, 109, 111, 113, 115, 117, 41, 43, 45, 47, 49, 51, 53, 55, 57, 59, 64, 62, 60, 58, 56, 54, 52, 50, 48, 46, 44, 42, 40, 38, 72, 70, 68, 95, 97, 99, 101, 103, 105, 107, 109, 111, 113, 115, 117, 119, 91, 93, 95, 97, 99, 101, 103, 105, 107, 109, 111, 113, 115, 117, 119, 91, 93, 115, 117, 41, 43, 45, 47, 49, 51, 30, 28, 26, 24, 22, 20, 86, 84, 82, 80, 78, 76, 74, 16, 14, 12, 10, 8, 90, 88, 114, 112, 110, 108, 106, 104, 102, 100, 98, 96, 67, 69, 71, 37, 39, 61, 63, 60, 58, 56, 54, 52, 50, 48, 46, 44, 42, 40, 38, 72, 70, 68, 95, 97, 99, 101, 103, 105, 107, 109, 111, 113, 115, 117, 41, 43, 45, 47, 49, 51, 53, 55, 57, 59, 64, 62, 40, 38, 72, 70, 68, 95, 97, 99, 101, 103, 105, 107, 109, 111, 113, 115, 117, 41, 43, 45, 47, 49, 51, 30, 28, 26, 24, 22, 20, 86, 84, 82, 80, 78, 76, 74, 16, 14, 12, 10, 53, 55, 57, 59, 61, 63, 60, 58, 56, 54, 52, 50, 48, 46, 44, 42, 118, 116, 114, 112, 110, 108, 106, 104, 102, 100, 98, 96, 94, 92, 120, 118, 116, 114, 112, 110, 108, 106, 104, 102, 100, 98, 96, 67, 69, 71, 37, 39, 41, 43, 45, 47, 49, 51, 30, 28, 26, 24, 22, 20, 86, 84, 82, 80, 78, 76, 74, 16, 14, 12, 10, 53, 55, 57, 59, 64, 62, 40, 38, 72, 70, 68, 95, 97, 99, 101, 103, 105, 107, 109, 111, 113, 115, 117, 41, 43, 45, 47, 49, 51, 53, 55, 57, 59, 64, 62, 60, 58, 56, 54, 9, 11, 13, 15, 73, 75, 77, 79, 81, 83, 85, 19, 21, 23, 25, 27, 29, 31, 33, 35, 98, 96, 67, 69, 71, 37, 39, 41, 43, 45, 47, 49, 51, 53, 55, 57, 59, 64, 62, 60, 58, 56, 54, 52, 50, 48, 46, 44, 42, 118, 116, 114, 112, 110, 108, 106, 104, 102, 100, 98, 96, 67, 69, 71, 37, 39, 61, 63, 60, 58, 56, 54, 9, 11, 13, 15, 73, 75, 77, 79, 81, 83, 85, 19, 21, 23, 25, 27, 29, 31, 33, 35, 98, 96, 94, 92, 120, 118, 116, 114, 112, 110, 108, 106, 104, 102, 100, 98, 96, 67, 69, 71, 37, 39, 61, 63, 60, 58, 56, 54, 9, 11, 13, 15, 73, 75, 77, 79, 81, 83, 85, 19, 21, 23, 25, 27, 29, 31, 33, 35, 98, 96, 67, 69, 71, 37, 39, 41, 43, 45, 47, 49, 51, 30, 28, 26, 24, 22, 20, 86, 84, 82, 80, 78, 76, 74, 16, 14, 12, 10, 8, 90, 88, 114, 112, 110, 108, 106, 104, 102, 100, 98, 96, 94, 92, 120, 118, 116, 114, 112, 110, 108, 106, 104, 102, 100, 98, 96, 67, 69, 71, 37, 39, 41, 43, 45, 47, 49, 51, 30, 28, 26, 24, 22, 20, 86, 84, 82, 80, 78, 76, 74, 16, 14, 12, 10, 8, 90, 88, 114, 112, 110, 108, 106, 104, 102, 100, 98, 96, 67, 69, 71, 37, 39, 41, 43, 45, 47, 49, 51, 30, 28, 26, 24, 22, 20, 86, 84, 82, 80, 78, 76, 74, 16, 14, 12, 10, 53, 55, 57, 59, 64, 62, 60, 58, 56, 54, 9, 11, 13, 15, 73, 75, 77, 79, 81, 83, 85, 19, 21, 23, 25, 27, 29, 52, 50, 48, 46, 44, 42, 118, 116, 114, 112, 110, 108, 106, 104, 102, 100, 98, 96, 94, 92, 120, 118, 116, 114, 112, 110, 108, 106, 104, 102, 100, 98, 96, 94, 92, 120, 118, 116, 114, 112, 110, 108, 106, 104, 102, 100, 98, 96, 67, 69, 71, 37, 39, 61, 63, 60, 58, 56, 54, 9, 11, 13, 15, 73, 75, 77, 79, 81, 83, 85, 19, 21, 23, 25, 27, 29, 52, 50, 48, 46, 44, 42, 118, 116, 114, 112, 110, 108, 106, 104, 102, 100, 98, 96, 94, 92, 120, 118, 116, 114, 112, 110, 108, 106, 104, 102, 100, 98, 96, 94, 92, 120, 118, 116, 114, 112, 110, 108, 106, 104, 102, 100, 98, 96, 67, 69, 71, 37, 39, 41, 43, 45, 47, 49, 51, 30, 28, 26, 24, 22, 20, 86, 84, 82, 80, 78, 76, 74, 16, 14, 12, 10, 8, 90, 88, 114, 112, 110, 108, 106, 104, 102, 100, 98, 96, 67, 69, 71, 37, 39, 41, 43, 45, 47, 49, 51, 30, 28, 26, 24, 22, 20, 86, 84, 82, 80, 78, 76, 74, 16, 14, 12, 10, 8, 90, 88, 114, 112, 110, 108, 106, 104, 102, 100, 98, 96, 94, 92, 120, 118, 116, 114, 112, 110, 108, 106, 104, 102, 100, 98, 96, 94, 92, 120, 118, 116, 114, 112, 110, 108, 106, 104, 102, 100, 98, 96, 67, 69, 71, 37, 39, 61, 63, 60, 58, 56, 54, 9, 11, 13, 15, 73, 75, 77, 79, 81, 83, 85, 19, 21, 23, 25, 27, 29, 52, 50, 48, 46, 44, 42, 118, 116, 114, 112, 110, 108, 106, 104, 102, 100, 98, 96, 94, 92, 120, 118, 116, 114, 112, 110, 108, 106, 104, 102, 100, 98, 96, 94, 92, 120, 118, 116, 114, 112, 110, 108, 106, 104, 102, 100, 98, 96, 94, 92, 120, 118, 116, 114, 112, 110, 108, 106, 104, 102, 100, 98, 96, 94, 92, 120, 118, 116, 114, 112, 110, 108, 106, 104, 102, 100, 98, 96, 67, 69, 71, 37, 39, 61, 63, 60, 58, 56, 54, 9, 11, 13, 15, 73, 75, 77, 79, 81, 83, 85, 19, 21, 23, 25, 27, 29, 52, 50, 48, 46, 44, 42, 118, 116, 114, 112, 110, 108, 106, 104, 102, 100, 98, 96, 94, 92, 120, 118, 116, 114, 112, 110, 108, 106, 104, 102, 100, 98, 96, 67, 69, 71, 37, 39, 61, 63, 60, 58, 56, 54, 9, 11, 13, 15, 73, 75, 77, 79, 81, 83, 85, 19, 21, 23, 25, 27, 29, 52, 50, 48, 46, 44, 42, 118, 116, 114, 112, 110, 108, 106, 104, 102, 100, 98, 96, 67, 69, 71, 37, 39, 61, 63, 60, 58, 56, 54, 9, 11, 13, 15, 73, 75, 77, 79, 81, 83, 85, 19, 21, 23, 25, 27, 29, 52, 50, 48, 46, 44, 42, 118, 116, 114, 112, 110, 108, 106, 104, 102, 100, 98, 96, 94, 92, 120, 118, 116, 114, 112, 110, 108, 106, 104, 102, 100, 98, 96, 67, 69, 71, 37, 39, 61, 63, 60, 58, 56, 54, 9, 11, 13, 15, 73, 75, 77, 79, 81, 83, 85, 19, 21, 23, 25, 27, 29, 52, 50, 48, 46, 44, 42, 40, 38, 72, 70, 68, 95, 97, 99, 101, 103, 105, 107, 109, 111, 113, 115, 117, 119, 91, 93, 115, 117, 119, 91, 93, 95, 97, 99, 101, 103, 105, 107, 109, 111, 113, 115, 117, 119, 91, 93, 95, 97, 99, 101, 103, 105, 107, 109, 111, 113, 115, 117, 119, 91, 93, 95, 97, 99, 101, 103, 105, 107, 109, 111, 113, 115, 117, 119, 91, 93, 95, 97, 99, 101, 103, 105, 107, 109, 111, 113, 115, 117, 119, 91, 93, 95, 97, 99, 101, 103, 105, 107, 109, 111, 113, 115, 117, 119, 91, 93, 95, 97, 99, 101, 103, 105, 107, 109, 111, 113, 115, 117, 119, 91, 93, 95, 97, 99, 101, 103, 105, 107, 109, 111, 113, 115, 117, 119, 91, 93, 95, 97, 99, 101, 103, 105, 107, 109, 111, 113, 115, 117, 119, 91, 93, 95, 97, 99, 101, 103, 105, 107, 109, 111, 113, 115, 117, 119, 91, 93, 95, 97, 99, 101, 103, 105, 107, 109, 111, 113, 115, 117, 119, 91, 93, 95, 97, 99, 101, 103, 105, 5]
