Original cost:  -118229296
35 cost: -118229296 cost+uc-param -118229296 uc 46781914 -118229296
1
[3]
67 cost: -118229296 cost+uc-param -118229296 uc 46781914 -118229296
0
[3]
17 cost: -118229296 cost+uc-param -118229296 uc 46781914 -118229296
0
[3]
35 cost: -118223625 cost+uc-param -118229296 uc 46776243 -118229296
1
[77, 79, 81, 83, 85, 19, 21, 5, 1, 3]
67 cost: -118223625 cost+uc-param -118229296 uc 46776243 -118229296
0
[77, 79, 81, 83, 85, 19, 21, 5, 1, 3]
69 cost: -118222513 cost+uc-param -118229296 uc 46775131 -118229296
28
[79, 81, 83, 85, 19, 21, 5, 1, 3, 67]
71 cost: -118221668 cost+uc-param -118229296 uc 46774286 -118229296
28
[81, 83, 85, 19, 21, 5, 1, 3, 67, 69]
35 cost: -118197131 cost+uc-param -118229296 uc 46749749 -118229296
1
[68, 95, 97, 99, 101, 103, 105, 5, 1, 3]
98 cost: -118197131 cost+uc-param -118229296 uc 46749749 -118229296
12
[95, 97, 99, 101, 103, 105, 5, 1, 3, 35]
96 cost: -118196796 cost+uc-param -118229296 uc 46749414 -118229296
52
[97, 99, 101, 103, 105, 5, 1, 3, 35, 98]
35 cost: -118144374 cost+uc-param -118229296 uc 46696992 -118229296
0
[37, 39, 61, 63, 65, 103, 105, 5, 1, 3]
98 cost: -118144373 cost+uc-param -118229296 uc 46696991 -118229296
10
[39, 61, 63, 65, 103, 105, 5, 1, 3, 35]
96 cost: -118143730 cost+uc-param -118229296 uc 46696348 -118229296
50
[61, 63, 65, 103, 105, 5, 1, 3, 35, 98]
DONE! 4 0 -118229296 -117117672 45670290 721
DONE! 4 0 -118229296 -114262000 42814618 1238
DONE! 4 0 -118229296 -106439655 34992273 1773
DONE! 4 0 -118229296 -105474997 34027615 1882
DONE! 4 0 -118229296 -103022307 31574925 2064
DONE! 4 0 -118229296 -101235233 29787851 2158
DONE! 4 0 -118229296 -98775412 27328030 2210
DONE! 4 0 -118229296 -96702573 25255191 2293
DONE! 4 0 -118229296 -95862122 24414740 2314
DONE! 4 0 -118229296 -65019351 -6428031 3023
DONE! 4 0 -118229296 -28850571 -42596811 3188
DONE! 4 0 -118229296 -8321992 -63125390 3249
DONE! 4 0 -118229296 -7749449 -63697933 3364
DONE! 4 0 -118229296 -7367887 -64079495 3409
DONE! 4 0 -118229296 -6784889 -64662493 3454
DONE! 4 0 -118229296 -6165086 -65282296 3484
DONE! 4 0 -118229296 -5709906 -65737476 3499
DONE! 4 0 -118229296 -5053297 -66394085 3514
DONE! 4 0 -118229296 -3904701 -67542681 3529
DONE! 4 0 -118229296 0 -71447382 3544
Search ...  [3, 17, 19, 21, 23, 25, 27, 29, 31, 33, 35, 98, 96, 67, 69, 71, 73, 75, 77, 79, 81, 83, 85, 19, 21, 5, 1, 3, 67, 69, 71, 37, 39, 61, 63, 60, 58, 56, 54, 9, 11, 13, 15, 73, 75, 77, 79, 81, 83, 85, 19, 21, 23, 25, 27, 29, 31, 33, 35, 98, 96, 94, 92, 120, 118, 116, 114, 112, 110, 108, 106, 104, 66, 64, 62, 40, 38, 72, 70, 68, 95, 97, 36, 34, 32, 30, 28, 26, 24, 22, 20, 86, 84, 82, 80, 78, 76, 74, 72, 70, 68, 95, 97, 99, 101, 103, 105, 5, 1, 3, 35, 98, 96, 94, 92, 120, 118, 116, 94, 92, 120, 118, 116, 114, 112, 110, 108, 106, 104, 66, 64, 62, 60, 58, 56, 54, 52, 50, 48, 46, 44, 42, 40, 38, 72, 70, 68, 95, 97, 99, 101, 103, 105, 107, 109, 111, 113, 87, 89, 7, 9, 11, 13, 15, 73, 75, 77, 79, 81, 83, 85, 19, 21, 23, 25, 27, 29, 31, 33, 35, 98, 96, 67, 69, 71, 37, 39, 61, 63, 65, 103, 105, 5, 1, 3, 35, 98, 96, 67, 69, 71, 37, 39, 61, 63, 60, 58, 56, 54, 9, 11, 13, 15, 73, 75, 77, 79, 81, 83, 85, 19, 21, 23, 25, 27, 29, 31, 33, 35, 98, 96, 67, 69, 71, 37, 39, 61, 63, 65, 103, 105, 107, 109, 111, 113, 115, 117, 41, 43, 45, 47, 49, 51, 53, 55, 57, 59, 64, 62, 40, 38, 72, 70, 68, 95, 97, 36, 34, 32, 30, 28, 26, 24, 22, 20, 86, 84, 82, 80, 78, 76, 74, 16, 14, 12, 10, 8, 90, 88, 114, 112, 110, 108, 106, 104, 66, 64, 62, 60, 58, 56, 54, 52, 50, 48, 46, 44, 42, 40, 38, 72, 70, 68, 95, 97, 99, 101, 103, 105, 107, 109, 111, 113, 115, 117, 119, 91, 93, 115, 117, 41, 43, 45, 47, 49, 51, 53, 55, 57, 59, 64, 62, 60, 58, 56, 54, 52, 50, 48, 46, 44, 42, 40, 38, 72, 70, 68, 95, 97, 36, 34, 32, 30, 28, 26, 24, 22, 20, 86, 84, 82, 80, 78, 76, 74, 16, 14, 12, 10, 53, 55, 57, 59, 61, 63, 60, 58, 56, 54, 9, 11, 13, 15, 73, 75, 77, 79, 81, 83, 85, 19, 21, 23, 25, 27, 29, 52, 50, 48, 46, 44, 42, 118, 116, 94, 92, 120, 118, 116, 114, 112, 110, 108, 106, 104, 66, 64, 62, 60, 58, 56, 54, 52, 50, 48, 46, 44, 42, 118, 116, 94, 92, 120, 118, 116, 114, 112, 110, 108, 106, 104, 66, 64, 62, 60, 58, 56, 54, 52, 50, 48, 46, 44, 42, 40, 38, 72, 70, 68, 95, 97, 36, 34, 32, 30, 28, 26, 24, 22, 20, 86, 84, 82, 80, 78, 76, 74, 16, 14, 12, 10, 8, 90, 88, 114, 112, 110, 108, 106, 104, 102, 100, 98, 96, 94, 92, 120, 118, 116, 114, 112, 110, 108, 106, 104, 66, 64, 62, 60, 58, 56, 54, 52, 50, 48, 46, 44, 42, 40, 38, 72, 70, 68, 95, 97, 99, 101, 103, 105, 107, 109, 111, 113, 87, 89, 7, 9, 11, 13, 15, 73, 75, 77, 79, 81, 83, 85, 19, 21, 23, 25, 27, 29, 31, 33, 35, 98, 96, 94, 92, 120, 118, 116, 114, 112, 110, 108, 106, 104, 102, 100, 98, 96, 67, 69, 71, 37, 39, 41, 43, 45, 47, 49, 51, 30, 28, 26, 24, 22, 20, 86, 84, 82, 80, 78, 76, 74, 16, 14, 12, 10, 8, 90, 88, 114, 112, 110, 108, 106, 104, 66, 64, 62, 60, 58, 56, 54, 9, 11, 13, 15, 73, 75, 77, 79, 81, 83, 85, 19, 21, 23, 25, 27, 29, 31, 33, 35, 98, 96, 94, 92, 120, 118, 116, 94, 92, 120, 118, 116, 94, 92, 120, 118, 116, 94, 92, 120, 118, 116, 114, 112, 110, 108, 106, 104, 66, 64, 62, 60, 58, 56, 54, 9, 11, 13, 15, 73, 75, 77, 79, 81, 83, 85, 19, 21, 23, 25, 27, 29, 31, 33, 35, 98, 96, 67, 69, 71, 37, 39, 61, 63, 65, 103, 105, 107, 109, 111, 113, 87, 89, 7, 9, 11, 13, 15, 73, 75, 77, 79, 81, 83, 85, 19, 21, 23, 25, 27, 29, 31, 33, 35, 98, 96, 94, 92, 120, 118, 116, 94, 92, 120, 118, 116, 114, 112, 110, 108, 106, 104, 66, 64, 62, 60, 58, 56, 54, 9, 11, 13, 15, 73, 75, 77, 79, 81, 83, 85, 19, 21, 23, 25, 27, 29, 31, 33, 35, 98, 96, 67, 69, 71, 37, 39, 61, 63, 60, 58, 56, 54, 9, 11, 13, 15, 73, 75, 77, 79, 81, 83, 85, 19, 21, 23, 25, 27, 29, 52, 50, 48, 46, 44, 42, 40, 38, 72, 70, 68, 95, 97, 99, 101, 103, 105, 107, 109, 111, 113, 115, 117, 41, 43, 45, 47, 49, 51, 53, 55, 57, 59, 61, 63, 65, 103, 105, 107, 109, 111, 113, 87, 89, 7, 9, 11, 13, 15, 73, 75, 77, 79, 81, 83, 85, 19, 21, 23, 25, 27, 29, 52, 50, 48, 46, 44, 42, 118, 116, 114, 112, 110, 108, 106, 104, 102, 100, 98, 96, 67, 69, 71, 37, 39, 41, 43, 45, 47, 49, 51, 53, 55, 57, 59, 64, 62, 40, 38, 72, 70, 68, 95, 97, 36, 34, 32, 30, 28, 26, 24, 22, 20, 86, 84, 82, 80, 78, 76, 74, 16, 14, 12, 10, 8, 90, 88, 114, 112, 110, 108, 106, 104, 102, 100, 98, 96, 94, 92, 120, 118, 116, 114, 112, 110, 108, 106, 104, 66, 64, 62, 40, 38, 72, 70, 68, 95, 97, 36, 34, 32, 30, 28, 26, 24, 22, 20, 86, 84, 82, 80, 78, 76, 74, 16, 14, 12, 10, 8, 90, 88, 114, 112, 110, 108, 106, 104, 102, 100, 98, 96, 67, 69, 71, 37, 39, 61, 63, 60, 58, 56, 54, 52, 50, 48, 46, 44, 42, 40, 38, 72, 70, 68, 95, 97, 36, 34, 32, 30, 28, 26, 24, 22, 20, 86, 84, 82, 80, 78, 76, 74, 16, 14, 12, 10, 8, 90, 88, 114, 112, 110, 108, 106, 104, 102, 100, 98, 96, 67, 69, 71, 37, 39, 61, 63, 60, 58, 56, 54, 52, 50, 48, 46, 44, 42, 40, 38, 72, 70, 68, 95, 97, 99, 101, 103, 105, 107, 109, 111, 113, 115, 117, 119, 91, 93, 95, 97, 36, 34, 32, 30, 28, 26, 24, 22, 20, 86, 84, 82, 80, 78, 76, 74, 16, 14, 12, 10, 8, 90, 88, 114, 112, 110, 108, 106, 104, 102, 100, 98, 96, 67, 69, 71, 37, 39, 41, 43, 45, 47, 49, 51, 53, 55, 57, 59, 64, 62, 40, 38, 72, 70, 68, 95, 97, 99, 101, 103, 105, 107, 109, 111, 113, 115, 117, 41, 43, 45, 47, 49, 51, 30, 28, 26, 24, 22, 20, 86, 84, 82, 80, 78, 76, 74, 16, 14, 12, 10, 8, 90, 88, 114, 112, 110, 108, 106, 104, 102, 100, 98, 96, 94, 92, 120, 118, 116, 114, 112, 110, 108, 106, 104, 66, 64, 62, 40, 38, 72, 70, 68, 95, 97, 99, 101, 103, 105, 107, 109, 111, 113, 87, 89, 7, 9, 11, 13, 15, 73, 75, 77, 79, 81, 83, 85, 19, 21, 23, 25, 27, 29, 52, 50, 48, 46, 44, 42, 118, 116, 114, 112, 110, 108, 106, 104, 102, 100, 98, 96, 94, 92, 120, 118, 116, 114, 112, 110, 108, 106, 104, 102, 100, 98, 96, 67, 69, 71, 37, 39, 61, 63, 65, 103, 105, 107, 109, 111, 113, 115, 117, 41, 43, 45, 47, 49, 51, 30, 28, 26, 24, 22, 20, 86, 84, 82, 80, 78, 76, 74, 16, 14, 12, 10, 8, 90, 88, 114, 112, 110, 108, 106, 104, 66, 64, 62, 60, 58, 56, 54, 9, 11, 13, 15, 73, 75, 77, 79, 81, 83, 85, 19, 21, 23, 25, 27, 29, 31, 33, 35, 98, 96, 94, 92, 120, 118, 116, 114, 112, 110, 108, 106, 104, 102, 100, 98, 96, 94, 92, 120, 118, 116, 114, 112, 110, 108, 106, 104, 102, 100, 98, 96, 94, 92, 120, 118, 116, 114, 112, 110, 108, 106, 104, 102, 100, 98, 96, 67, 69, 71, 37, 39, 41, 43, 45, 47, 49, 51, 30, 28, 26, 24, 22, 20, 86, 84, 82, 80, 78, 76, 74, 16, 14, 12, 10, 53, 55, 57, 59, 61, 63, 65, 103, 105, 107, 109, 111, 113, 87, 89, 7, 9, 11, 13, 15, 73, 75, 77, 79, 81, 83, 85, 19, 21, 23, 25, 27, 29, 31, 33, 35, 98, 96, 94, 92, 120, 118, 116, 114, 112, 110, 108, 106, 104, 102, 100, 98, 96, 94, 92, 120, 118, 116, 114, 112, 110, 108, 106, 104, 102, 100, 98, 96, 94, 92, 120, 118, 116, 114, 112, 110, 108, 106, 104, 102, 100, 98, 96, 94, 92, 120, 118, 116, 114, 112, 110, 108, 106, 104, 102, 100, 98, 96, 67, 69, 71, 37, 39, 61, 63, 60, 58, 56, 54, 52, 50, 48, 46, 44, 42, 118, 116, 114, 112, 110, 108, 106, 104, 102, 100, 98, 96, 94, 92, 120, 118, 116, 114, 112, 110, 108, 106, 104, 102, 100, 98, 96, 67, 69, 71, 37, 39, 61, 63, 60, 58, 56, 54, 9, 11, 13, 15, 73, 75, 77, 79, 81, 83, 85, 19, 21, 23, 25, 27, 29, 31, 33, 35, 98, 96, 67, 69, 71, 37, 39, 61, 63, 60, 58, 56, 54, 52, 50, 48, 46, 44, 42, 40, 38, 72, 70, 68, 95, 97, 99, 101, 103, 105, 107, 109, 111, 113, 115, 117, 41, 43, 45, 47, 49, 51, 53, 55, 57, 59, 64, 62, 60, 58, 56, 54, 9, 11, 13, 15, 73, 75, 77, 79, 81, 83, 85, 19, 21, 23, 25, 27, 29, 31, 33, 35, 98, 96, 94, 92, 120, 118, 116, 114, 112, 110, 108, 106, 104, 102, 100, 98, 96, 67, 69, 71, 37, 39, 41, 43, 45, 47, 49, 51, 30, 28, 26, 24, 22, 20, 86, 84, 82, 80, 78, 76, 74, 16, 14, 12, 10, 8, 90, 88, 114, 112, 110, 108, 106, 104, 102, 100, 98, 96, 94, 92, 120, 118, 116, 114, 112, 110, 108, 106, 104, 102, 100, 98, 96, 67, 69, 71, 37, 39, 61, 63, 65, 103, 105, 107, 109, 111, 113, 87, 89, 7, 9, 11, 13, 15, 73, 75, 77, 79, 81, 83, 85, 19, 21, 23, 25, 27, 29, 52, 50, 48, 46, 44, 42, 118, 116, 114, 112, 110, 108, 106, 104, 102, 100, 98, 96, 94, 92, 120, 118, 116, 114, 112, 110, 108, 106, 104, 102, 100, 98, 96, 67, 69, 71, 37, 39, 41, 43, 45, 47, 49, 51, 30, 28, 26, 24, 22, 20, 86, 84, 82, 80, 78, 76, 74, 16, 14, 12, 10, 53, 55, 57, 59, 61, 63, 65, 103, 105, 107, 109, 111, 113, 115, 117, 119, 91, 93, 95, 97, 99, 101, 103, 105, 107, 109, 111, 113, 87, 89, 7, 9, 11, 13, 15, 73, 75, 77, 79, 81, 83, 85, 19, 21, 23, 25, 27, 29, 52, 50, 48, 46, 44, 42, 118, 116, 114, 112, 110, 108, 106, 104, 102, 100, 98, 96, 67, 69, 71, 37, 39, 61, 63, 60, 58, 56, 54, 52, 50, 48, 46, 44, 42, 40, 38, 72, 70, 68, 95, 97, 99, 101, 103, 105, 107, 109, 111, 113, 115, 117, 119, 91, 93, 115, 117, 41, 43, 45, 47, 49, 51, 53, 55, 57, 59, 61, 63, 65, 103, 105, 107, 109, 111, 113, 115, 117, 119, 91, 93, 95, 97, 36, 34, 32, 30, 28, 26, 24, 22, 20, 86, 84, 82, 80, 78, 76, 74, 16, 14, 12, 10, 53, 55, 57, 59, 64, 62, 60, 58, 56, 54, 9, 11, 13, 15, 73, 75, 77, 79, 81, 83, 85, 19, 21, 23, 25, 27, 29, 52, 50, 48, 46, 44, 42, 118, 116, 114, 112, 110, 108, 106, 104, 102, 100, 98, 96, 67, 69, 71, 37, 39, 61, 63, 65, 103, 105, 107, 109, 111, 113, 87, 89, 7, 9, 11, 13, 15, 73, 75, 77, 79, 81, 83, 85, 19, 21, 23, 25, 27, 29, 52, 50, 48, 46, 44, 42, 40, 38, 72, 70, 68, 95, 97, 99, 101, 103, 105, 107, 109, 111, 113, 115, 117, 119, 91, 93, 115, 117, 119, 91, 93, 95, 97, 36, 34, 32, 30, 28, 26, 24, 22, 20, 86, 84, 82, 80, 78, 76, 74, 16, 14, 12, 10, 53, 55, 57, 59, 64, 62, 40, 38, 72, 70, 68, 95, 97, 99, 101, 103, 105, 107, 109, 111, 113, 87, 89, 7, 9, 11, 13, 15, 73, 75, 77, 79, 81, 83, 85, 19, 21, 23, 25, 27, 29, 52, 50, 48, 46, 44, 42, 118, 116, 114, 112, 110, 108, 106, 104, 102, 100, 98, 96, 67, 69, 71, 37, 39, 61, 63, 65, 103, 105, 107, 109, 111, 113, 115, 117, 41, 43, 45, 47, 49, 51, 53, 55, 57, 59, 64, 62, 40, 38, 72, 70, 68, 95, 97, 99, 101, 103, 105, 107, 109, 111, 113, 115, 117, 119, 91, 93, 95, 97, 99, 101, 103, 105, 107, 109, 111, 113, 115, 117, 41, 43, 45, 47, 49, 51, 53, 55, 57, 59, 61, 63, 60, 58, 56, 54, 52, 50, 48, 46, 44, 42, 40, 38, 72, 70, 68, 95, 97, 99, 101, 103, 105, 107, 109, 111, 113, 115, 117, 41, 43, 45, 47, 49, 51, 53, 55, 57, 59, 61, 63, 65, 103, 105, 107, 109, 111, 113, 115, 117, 41, 43, 45, 47, 49, 51, 53, 55, 57, 59, 61, 63, 60, 58, 56, 54, 9, 11, 13, 15, 73, 75, 77, 79, 81, 83, 85, 19, 21, 23, 25, 27, 29, 52, 50, 48, 46, 44, 42, 118, 116, 114, 112, 110, 108, 106, 104, 102, 100, 98, 96, 94, 92, 120, 118, 116, 114, 112, 110, 108, 106, 104, 102, 100, 98, 96, 94, 92, 120, 118, 116, 114, 112, 110, 108, 106, 104, 102, 100, 98, 96, 67, 69, 71, 37, 39, 61, 63, 60, 58, 56, 54, 9, 11, 13, 15, 73, 75, 77, 79, 81, 83, 85, 19, 21, 23, 25, 27, 29, 52, 50, 48, 46, 44, 42, 118, 116, 114, 112, 110, 108, 106, 104, 102, 100, 98, 96, 94, 92, 120, 118, 116, 114, 112, 110, 108, 106, 104, 102, 100, 98, 96, 94, 92, 120, 118, 116, 114, 112, 110, 108, 106, 104, 102, 100, 98, 96, 94, 92, 120, 118, 116, 114, 112, 110, 108, 106, 104, 102, 100, 98, 96, 94, 92, 120, 118, 116, 114, 112, 110, 108, 106, 104, 102, 100, 98, 96, 67, 69, 71, 37, 39, 41, 43, 45, 47, 49, 51, 53, 55, 57, 59, 64, 62, 60, 58, 56, 54, 9, 11, 13, 15, 73, 75, 77, 79, 81, 83, 85, 19, 21, 23, 25, 27, 29, 52, 50, 48, 46, 44, 42, 118, 116, 114, 112, 110, 108, 106, 104, 102, 100, 98, 96, 67, 69, 71, 37, 39, 41, 43, 45, 47, 49, 51, 30, 28, 26, 24, 22, 20, 86, 84, 82, 80, 78, 76, 74, 16, 14, 12, 10, 53, 55, 57, 59, 61, 63, 60, 58, 56, 54, 9, 11, 13, 15, 73, 75, 77, 79, 81, 83, 85, 19, 21, 23, 25, 27, 29, 52, 50, 48, 46, 44, 42, 118, 116, 114, 112, 110, 108, 106, 104, 102, 100, 98, 96, 67, 69, 71, 37, 39, 41, 43, 45, 47, 49, 51, 30, 28, 26, 24, 22, 20, 86, 84, 82, 80, 78, 76, 74, 16, 14, 12, 10, 53, 55, 57, 59, 64, 62, 40, 38, 72, 70, 68, 95, 97, 99, 101, 103, 105, 107, 109, 111, 113, 115, 117, 41, 43, 45, 47, 49, 51, 30, 28, 26, 24, 22, 20, 86, 84, 82, 80, 78, 76, 74, 16, 14, 12, 10, 53, 55, 57, 59, 64, 62, 40, 38, 72, 70, 68, 95, 97, 36, 34, 32, 30, 28, 26, 24, 22, 20, 86, 84, 82, 80, 78, 76, 74, 16, 14, 12, 10, 53, 55, 57, 59, 61, 63, 60, 58, 56, 54, 9, 11, 13, 15, 73, 75, 77, 79, 81, 83, 85, 19, 21, 23, 25, 27, 29, 52, 50, 48, 46, 44, 42, 118, 116, 114, 112, 110, 108, 106, 104, 102, 100, 98, 96, 67, 69, 71, 37, 39, 41, 43, 45, 47, 49, 51, 30, 28, 26, 24, 22, 20, 86, 84, 82, 80, 78, 76, 74, 16, 14, 12, 10, 53, 55, 57, 59, 64, 62, 40, 38, 72, 70, 68, 95, 97, 36, 34, 32, 30, 28, 26, 24, 22, 20, 86, 84, 82, 80, 78, 76, 74, 16, 14, 12, 10, 53, 55, 57, 59, 64, 62, 40, 38, 72, 70, 68, 95, 97, 36, 34, 32, 30, 28, 26, 24, 22, 20, 86, 84, 82, 80, 78, 76, 74, 16, 14, 12, 10, 53, 55, 57, 59, 61, 63, 60, 58, 56, 54, 9, 11, 13, 15, 73, 75, 77, 79, 81, 83, 85, 19, 21, 23, 25, 27, 29, 52, 50, 48, 46, 44, 42, 118, 116, 114, 112, 110, 108, 106, 104, 102, 100, 98, 96, 67, 69, 71, 37, 39, 41, 43, 45, 47, 49, 51, 30, 28, 26, 24, 22, 20, 86, 84, 82, 80, 78, 76, 74, 16, 14, 12, 10, 53, 55, 57, 59, 64, 62, 40, 38, 72, 70, 68, 95, 97, 99, 101, 103, 105, 107, 109, 111, 113, 115, 117, 119, 91, 93, 115, 117, 41, 43, 45, 47, 49, 51, 30, 28, 26, 24, 22, 20, 86, 84, 82, 80, 78, 76, 74, 16, 14, 12, 10, 53, 55, 57, 59, 64, 62, 40, 38, 72, 70, 68, 95, 97, 99, 101, 103, 105, 107, 109, 111, 113, 115, 117, 41, 43, 45, 47, 49, 51, 30, 28, 26, 24, 22, 20, 86, 84, 82, 80, 78, 76, 74, 16, 14, 12, 10, 53, 55, 57, 59, 61, 63, 60, 58, 56, 54, 9, 11, 13, 15, 73, 75, 77, 79, 81, 83, 85, 19, 21, 23, 25, 27, 29, 52, 50, 48, 46, 44, 42, 118, 116, 114, 112, 110, 108, 106, 104, 102, 100, 98, 96, 67, 69, 71, 37, 39, 41, 43, 45, 47, 49, 51, 30, 28, 26, 24, 22, 20, 86, 84, 82, 80, 78, 76, 74, 16, 14, 12, 10, 53, 55, 57, 59, 64, 62, 40, 38, 72, 70, 68, 95, 97, 99, 101, 103, 105, 107, 109, 111, 113, 115, 117, 41, 43, 45, 47, 49, 51, 30, 28, 26, 24, 22, 20, 86, 84, 82, 80, 78, 76, 74, 16, 14, 12, 10, 53, 55, 57, 59, 64, 62, 40, 38, 72, 70, 68, 95, 97, 99, 101, 103, 105, 107, 109, 111, 113, 115, 117, 41, 43, 45, 47, 49, 51, 30, 28, 26, 24, 22, 20, 86, 84, 82, 80, 78, 76, 74, 16, 14, 12, 10, 53, 55, 57, 59, 64, 62, 40, 38, 72, 70, 68, 95, 97, 99, 101, 103, 105, 107, 109, 111, 113, 115, 117, 119, 91, 93, 95, 97, 99, 101, 103, 105, 107, 109, 111, 113, 115, 117, 119, 91, 93, 95, 97, 99, 101, 103, 105, 107, 109, 111, 113, 115, 117, 119, 91, 93, 115, 117, 119, 91, 93, 115, 117, 119, 91, 93, 115, 117, 119, 91, 93, 95, 97, 99, 101, 103, 105, 107, 109, 111, 113, 115, 117, 119, 91, 93, 95, 97, 99, 101, 103, 105, 107, 109, 111, 113, 115, 117, 119, 91, 93, 95, 97, 99, 101, 103, 105, 107, 109, 111, 113, 115, 117, 119, 91, 93, 115, 117, 119, 91, 93, 115, 117, 119, 91, 93, 95, 97, 99, 101, 103, 105, 107, 109, 111, 113, 115, 117, 119, 91, 93, 95, 97, 99, 101, 103, 105, 107, 109, 111, 113, 115, 117, 119, 91, 93, 95, 97, 99, 101, 103, 105, 107, 109, 111, 113, 115, 117, 119, 91, 93, 95, 97, 99, 101, 103, 105, 107, 109, 111, 113, 115, 117, 119, 91, 93, 95, 97, 99, 101, 103, 105, 107, 109, 111, 113, 115, 117, 119, 91, 93, 95, 97, 99, 101, 103, 105, 107, 109, 111, 113, 115, 117, 119, 91, 93, 95, 97, 99, 101, 103, 105, 107, 109, 111, 113, 115, 117, 119, 91, 93, 95, 97, 99, 101, 103, 105, 107, 109, 111, 113, 115, 117, 119, 91, 93, 95, 97, 99, 101, 103, 105, 107, 109, 111, 113, 115, 117, 119, 91, 93, 95, 97, 99, 101, 103, 105, 107, 109, 111, 113, 115, 117, 119, 91, 93, 95, 97, 99, 101, 103, 105, 107, 109, 111, 113, 115, 117, 119, 91, 93, 95, 97, 99, 101, 103, 105, 107, 109, 111, 113, 115, 117, 119, 91, 93, 95, 97, 99, 101, 103, 105, 107, 109, 111, 113, 115, 117, 119, 91, 93, 95, 97, 99, 101, 103, 105, 107, 109, 111, 113, 87, 89, 5]
