Original cost:  -118229296
17 cost: -118229296 cost+uc-param -118229296 uc 46781914 -118229296
0
[3]
35 cost: -118229296 cost+uc-param -118229296 uc 46781914 -118229296
1
[3]
67 cost: -118229296 cost+uc-param -118229296 uc 46781914 -118229296
0
[3]
35 cost: -118223981 cost+uc-param -118229296 uc 46776599 -118229296
1
[37, 39, 61, 63, 65, 103, 105, 5, 1, 3]
17 cost: -118223981 cost+uc-param -118229296 uc 46776599 -118229296
0
[37, 39, 61, 63, 65, 103, 105, 5, 1, 3]
19 cost: -118223957 cost+uc-param -118229296 uc 46776575 -118229296
0
[39, 61, 63, 65, 103, 105, 5, 1, 3, 17]
21 cost: -118222363 cost+uc-param -118229296 uc 46774981 -118229296
29
[61, 63, 65, 103, 105, 5, 1, 3, 17, 19]
35 cost: -118222363 cost+uc-param -118229296 uc 46774981 -118229296
1
[105, 5, 1, 3, 17, 19, 21, 5, 1, 3]
98 cost: -118222364 cost+uc-param -118229296 uc 46774982 -118229296
14
[5, 1, 3, 17, 19, 21, 5, 1, 3, 35]
96 cost: -118222315 cost+uc-param -118229296 uc 46774933 -118229296
54
[1, 3, 17, 19, 21, 5, 1, 3, 35, 98]
35 cost: -118130775 cost+uc-param -118229296 uc 46683393 -118229296
0
[37, 39, 61, 63, 65, 103, 105, 5, 1, 3]
98 cost: -118130775 cost+uc-param -118229296 uc 46683393 -118229296
12
[39, 61, 63, 65, 103, 105, 5, 1, 3, 35]
96 cost: -118130289 cost+uc-param -118229296 uc 46682907 -118229296
51
[61, 63, 65, 103, 105, 5, 1, 3, 35, 98]
DONE! 4 0 -118229296 -117867070 46419688 431
DONE! 4 0 -118229296 -116213005 44765623 998
DONE! 4 0 -118229296 -115391642 43944260 1103
DONE! 4 0 -118229296 -112781198 41333816 1406
DONE! 4 0 -118229296 -112138599 40691217 1475
DONE! 4 0 -118229296 -99029153 27581771 2289
DONE! 4 0 -118229296 -89697061 18249679 2582
DONE! 4 0 -118229296 -52000426 -19446956 2900
DONE! 4 0 -118229296 -51460919 -19986463 2944
DONE! 4 0 -118229296 -50295398 -21151984 2990
DONE! 4 0 -118229296 -46276167 -25171215 3098
DONE! 4 0 -118229296 -42380288 -29067094 3119
DONE! 4 0 -118229296 -36146756 -35300626 3213
DONE! 4 0 -118229296 -34371405 -37075977 3257
DONE! 4 0 -118229296 -34288019 -37159363 3272
DONE! 4 0 -118229296 -28179339 -43268043 3333
DONE! 4 0 -118229296 -27937499 -43509883 3363
DONE! 4 0 -118229296 -7011707 -64435675 3439
DONE! 4 0 -118229296 -6784889 -64662493 3454
DONE! 4 0 -118229296 -6509895 -64937487 3469
DONE! 4 0 -118229296 -3904701 -67542681 3529
DONE! 4 0 -118229296 0 -71447382 3544
Search ...  [3, 67, 69, 71, 37, 39, 61, 63, 65, 103, 105, 5, 1, 3, 17, 19, 21, 5, 1, 3, 35, 98, 96, 67, 69, 71, 73, 75, 77, 79, 81, 83, 85, 19, 21, 23, 25, 27, 29, 52, 50, 48, 46, 44, 42, 118, 116, 114, 112, 110, 108, 106, 104, 102, 100, 98, 96, 67, 69, 71, 37, 39, 61, 63, 60, 58, 56, 54, 9, 11, 13, 15, 73, 75, 77, 79, 81, 83, 85, 19, 21, 23, 25, 27, 29, 52, 50, 48, 46, 44, 42, 40, 38, 72, 70, 68, 95, 97, 36, 34, 32, 30, 28, 26, 24, 22, 20, 86, 84, 82, 80, 78, 76, 74, 16, 14, 12, 10, 8, 90, 88, 114, 112, 110, 108, 106, 104, 66, 64, 62, 40, 38, 72, 70, 68, 95, 97, 36, 34, 32, 30, 28, 26, 24, 22, 20, 86, 84, 82, 80, 78, 76, 74, 16, 14, 12, 10, 53, 55, 57, 59, 61, 63, 60, 58, 56, 54, 9, 11, 13, 15, 73, 75, 77, 79, 81, 83, 85, 19, 21, 23, 25, 27, 29, 31, 33, 35, 98, 96, 67, 69, 71, 37, 39, 61, 63, 65, 103, 105, 5, 1, 3, 35, 98, 96, 94, 92, 120, 118, 116, 114, 112, 110, 108, 106, 104, 66, 64, 62, 40, 38, 72, 70, 68, 95, 97, 36, 34, 32, 30, 28, 26, 24, 22, 20, 86, 84, 82, 80, 78, 76, 74, 16, 14, 12, 10, 53, 55, 57, 59, 64, 62, 60, 58, 56, 54, 9, 11, 13, 15, 73, 75, 77, 79, 81, 83, 85, 19, 21, 23, 25, 27, 29, 52, 50, 48, 46, 44, 42, 118, 116, 114, 112, 110, 108, 106, 104, 66, 64, 62, 40, 38, 72, 70, 68, 95, 97, 99, 101, 103, 105, 107, 109, 111, 113, 87, 89, 7, 9, 11, 13, 15, 73, 75, 77, 79, 81, 83, 85, 19, 21, 23, 25, 27, 29, 31, 33, 35, 98, 96, 67, 69, 71, 37, 39, 61, 63, 65, 103, 105, 107, 109, 111, 113, 87, 89, 7, 9, 11, 13, 15, 73, 75, 77, 79, 81, 83, 85, 19, 21, 23, 25, 27, 29, 31, 33, 35, 98, 96, 94, 92, 120, 118, 116, 94, 92, 120, 118, 116, 94, 92, 120, 118, 116, 94, 92, 120, 118, 116, 94, 92, 120, 118, 116, 114, 112, 110, 108, 106, 104, 66, 64, 62, 60, 58, 56, 54, 52, 50, 48, 46, 44, 42, 40, 38, 72, 70, 68, 95, 97, 99, 101, 103, 105, 107, 109, 111, 113, 87, 89, 7, 9, 11, 13, 15, 73, 75, 77, 79, 81, 83, 85, 19, 21, 23, 25, 27, 29, 31, 33, 35, 98, 96, 67, 69, 71, 37, 39, 61, 63, 60, 58, 56, 54, 52, 50, 48, 46, 44, 42, 118, 116, 114, 112, 110, 108, 106, 104, 66, 64, 62, 60, 58, 56, 54, 52, 50, 48, 46, 44, 42, 40, 38, 72, 70, 68, 95, 97, 99, 101, 103, 105, 107, 109, 111, 113, 115, 117, 119, 91, 93, 115, 117, 41, 43, 45, 47, 49, 51, 53, 55, 57, 59, 61, 63, 60, 58, 56, 54, 9, 11, 13, 15, 73, 75, 77, 79, 81, 83, 85, 19, 21, 23, 25, 27, 29, 31, 33, 35, 98, 96, 94, 92, 120, 118, 116, 94, 92, 120, 118, 116, 94, 92, 120, 118, 116, 114, 112, 110, 108, 106, 104, 66, 64, 62, 60, 58, 56, 54, 52, 50, 48, 46, 44, 42, 40, 38, 72, 70, 68, 95, 97, 36, 34, 32, 30, 28, 26, 24, 22, 20, 86, 84, 82, 80, 78, 76, 74, 72, 70, 68, 95, 97, 36, 34, 32, 30, 28, 26, 24, 22, 20, 86, 84, 82, 80, 78, 76, 74, 16, 14, 12, 10, 53, 55, 57, 59, 64, 62, 60, 58, 56, 54, 52, 50, 48, 46, 44, 42, 118, 116, 94, 92, 120, 118, 116, 114, 112, 110, 108, 106, 104, 66, 64, 62, 40, 38, 72, 70, 68, 95, 97, 99, 101, 103, 105, 107, 109, 111, 113, 115, 117, 119, 91, 93, 115, 117, 41, 43, 45, 47, 49, 51, 30, 28, 26, 24, 22, 20, 86, 84, 82, 80, 78, 76, 74, 16, 14, 12, 10, 8, 90, 88, 114, 112, 110, 108, 106, 104, 66, 64, 62, 60, 58, 56, 54, 52, 50, 48, 46, 44, 42, 40, 38, 72, 70, 68, 95, 97, 99, 101, 103, 105, 107, 109, 111, 113, 115, 117, 119, 91, 93, 95, 97, 99, 101, 103, 105, 107, 109, 111, 113, 115, 117, 41, 43, 45, 47, 49, 51, 30, 28, 26, 24, 22, 20, 86, 84, 82, 80, 78, 76, 74, 16, 14, 12, 10, 8, 90, 88, 114, 112, 110, 108, 106, 104, 66, 64, 62, 40, 38, 72, 70, 68, 95, 97, 36, 34, 32, 30, 28, 26, 24, 22, 20, 86, 84, 82, 80, 78, 76, 74, 16, 14, 12, 10, 53, 55, 57, 59, 64, 62, 40, 38, 72, 70, 68, 95, 97, 99, 101, 103, 105, 107, 109, 111, 113, 115, 117, 119, 91, 93, 95, 97, 99, 101, 103, 105, 107, 109, 111, 113, 115, 117, 41, 43, 45, 47, 49, 51, 30, 28, 26, 24, 22, 20, 86, 84, 82, 80, 78, 76, 74, 16, 14, 12, 10, 8, 90, 88, 114, 112, 110, 108, 106, 104, 102, 100, 98, 96, 94, 92, 120, 118, 116, 114, 112, 110, 108, 106, 104, 66, 64, 62, 60, 58, 56, 54, 52, 50, 48, 46, 44, 42, 118, 116, 114, 112, 110, 108, 106, 104, 102, 100, 98, 96, 67, 69, 71, 37, 39, 41, 43, 45, 47, 49, 51, 53, 55, 57, 59, 64, 62, 60, 58, 56, 54, 9, 11, 13, 15, 73, 75, 77, 79, 81, 83, 85, 19, 21, 23, 25, 27, 29, 52, 50, 48, 46, 44, 42, 40, 38, 72, 70, 68, 95, 97, 99, 101, 103, 105, 107, 109, 111, 113, 87, 89, 7, 9, 11, 13, 15, 73, 75, 77, 79, 81, 83, 85, 19, 21, 23, 25, 27, 29, 52, 50, 48, 46, 44, 42, 40, 38, 72, 70, 68, 95, 97, 99, 101, 103, 105, 107, 109, 111, 113, 87, 89, 7, 9, 11, 13, 15, 73, 75, 77, 79, 81, 83, 85, 19, 21, 23, 25, 27, 29, 31, 33, 35, 98, 96, 94, 92, 120, 118, 116, 114, 112, 110, 108, 106, 104, 66, 64, 62, 60, 58, 56, 54, 52, 50, 48, 46, 44, 42, 40, 38, 72, 70, 68, 95, 97, 99, 101, 103, 105, 107, 109, 111, 113, 87, 89, 7, 9, 11, 13, 15, 73, 75, 77, 79, 81, 83, 85, 19, 21, 23, 25, 27, 29, 31, 33, 35, 98, 96, 67, 69, 71, 37, 39, 61, 63, 60, 58, 56, 54, 9, 11, 13, 15, 73, 75, 77, 79, 81, 83, 85, 19, 21, 23, 25, 27, 29, 31, 33, 35, 98, 96, 94, 92, 120, 118, 116, 114, 112, 110, 108, 106, 104, 66, 64, 62, 60, 58, 56, 54, 9, 11, 13, 15, 73, 75, 77, 79, 81, 83, 85, 19, 21, 23, 25, 27, 29, 31, 33, 35, 98, 96, 94, 92, 120, 118, 116, 114, 112, 110, 108, 106, 104, 102, 100, 98, 96, 94, 92, 120, 118, 116, 114, 112, 110, 108, 106, 104, 102, 100, 98, 96, 67, 69, 71, 37, 39, 41, 43, 45, 47, 49, 51, 53, 55, 57, 59, 61, 63, 60, 58, 56, 54, 52, 50, 48, 46, 44, 42, 118, 116, 114, 112, 110, 108, 106, 104, 102, 100, 98, 96, 67, 69, 71, 37, 39, 41, 43, 45, 47, 49, 51, 30, 28, 26, 24, 22, 20, 86, 84, 82, 80, 78, 76, 74, 16, 14, 12, 10, 53, 55, 57, 59, 61, 63, 65, 103, 105, 107, 109, 111, 113, 115, 117, 119, 91, 93, 95, 97, 99, 101, 103, 105, 107, 109, 111, 113, 115, 117, 41, 43, 45, 47, 49, 51, 53, 55, 57, 59, 61, 63, 60, 58, 56, 54, 52, 50, 48, 46, 44, 42, 40, 38, 72, 70, 68, 95, 97, 99, 101, 103, 105, 107, 109, 111, 113, 87, 89, 7, 9, 11, 13, 15, 73, 75, 77, 79, 81, 83, 85, 19, 21, 23, 25, 27, 29, 52, 50, 48, 46, 44, 42, 40, 38, 72, 70, 68, 95, 97, 99, 101, 103, 105, 107, 109, 111, 113, 87, 89, 7, 9, 11, 13, 15, 73, 75, 77, 79, 81, 83, 85, 19, 21, 23, 25, 27, 29, 31, 33, 35, 98, 96, 94, 92, 120, 118, 116, 114, 112, 110, 108, 106, 104, 102, 100, 98, 96, 94, 92, 120, 118, 116, 114, 112, 110, 108, 106, 104, 102, 100, 98, 96, 67, 69, 71, 37, 39, 61, 63, 65, 103, 105, 107, 109, 111, 113, 87, 89, 7, 9, 11, 13, 15, 73, 75, 77, 79, 81, 83, 85, 19, 21, 23, 25, 27, 29, 52, 50, 48, 46, 44, 42, 118, 116, 114, 112, 110, 108, 106, 104, 102, 100, 98, 96, 67, 69, 71, 37, 39, 61, 63, 65, 103, 105, 107, 109, 111, 113, 115, 117, 119, 91, 93, 115, 117, 41, 43, 45, 47, 49, 51, 30, 28, 26, 24, 22, 20, 86, 84, 82, 80, 78, 76, 74, 16, 14, 12, 10, 8, 90, 88, 114, 112, 110, 108, 106, 104, 102, 100, 98, 96, 94, 92, 120, 118, 116, 114, 112, 110, 108, 106, 104, 102, 100, 98, 96, 94, 92, 120, 118, 116, 114, 112, 110, 108, 106, 104, 102, 100, 98, 96, 67, 69, 71, 37, 39, 41, 43, 45, 47, 49, 51, 53, 55, 57, 59, 64, 62, 40, 38, 72, 70, 68, 95, 97, 99, 101, 103, 105, 107, 109, 111, 113, 87, 89, 7, 9, 11, 13, 15, 73, 75, 77, 79, 81, 83, 85, 19, 21, 23, 25, 27, 29, 52, 50, 48, 46, 44, 42, 40, 38, 72, 70, 68, 95, 97, 36, 34, 32, 30, 28, 26, 24, 22, 20, 86, 84, 82, 80, 78, 76, 74, 16, 14, 12, 10, 8, 90, 88, 114, 112, 110, 108, 106, 104, 102, 100, 98, 96, 94, 92, 120, 118, 116, 114, 112, 110, 108, 106, 104, 102, 100, 98, 96, 67, 69, 71, 37, 39, 41, 43, 45, 47, 49, 51, 53, 55, 57, 59, 64, 62, 60, 58, 56, 54, 9, 11, 13, 15, 73, 75, 77, 79, 81, 83, 85, 19, 21, 23, 25, 27, 29, 52, 50, 48, 46, 44, 42, 118, 116, 114, 112, 110, 108, 106, 104, 102, 100, 98, 96, 67, 69, 71, 37, 39, 41, 43, 45, 47, 49, 51, 30, 28, 26, 24, 22, 20, 86, 84, 82, 80, 78, 76, 74, 16, 14, 12, 10, 53, 55, 57, 59, 61, 63, 60, 58, 56, 54, 52, 50, 48, 46, 44, 42, 118, 116, 114, 112, 110, 108, 106, 104, 102, 100, 98, 96, 94, 92, 120, 118, 116, 114, 112, 110, 108, 106, 104, 102, 100, 98, 96, 67, 69, 71, 37, 39, 61, 63, 60, 58, 56, 54, 52, 50, 48, 46, 44, 42, 40, 38, 72, 70, 68, 95, 97, 36, 34, 32, 30, 28, 26, 24, 22, 20, 86, 84, 82, 80, 78, 76, 74, 16, 14, 12, 10, 8, 90, 88, 114, 112, 110, 108, 106, 104, 102, 100, 98, 96, 94, 92, 120, 118, 116, 114, 112, 110, 108, 106, 104, 102, 100, 98, 96, 94, 92, 120, 118, 116, 114, 112, 110, 108, 106, 104, 102, 100, 98, 96, 67, 69, 71, 37, 39, 41, 43, 45, 47, 49, 51, 30, 28, 26, 24, 22, 20, 86, 84, 82, 80, 78, 76, 74, 16, 14, 12, 10, 8, 90, 88, 114, 112, 110, 108, 106, 104, 102, 100, 98, 96, 94, 92, 120, 118, 116, 114, 112, 110, 108, 106, 104, 102, 100, 98, 96, 67, 69, 71, 37, 39, 41, 43, 45, 47, 49, 51, 30, 28, 26, 24, 22, 20, 86, 84, 82, 80, 78, 76, 74, 16, 14, 12, 10, 8, 90, 88, 114, 112, 110, 108, 106, 104, 102, 100, 98, 96, 94, 92, 120, 118, 116, 114, 112, 110, 108, 106, 104, 102, 100, 98, 96, 94, 92, 120, 118, 116, 114, 112, 110, 108, 106, 104, 102, 100, 98, 96, 67, 69, 71, 37, 39, 41, 43, 45, 47, 49, 51, 53, 55, 57, 59, 61, 63, 65, 103, 105, 107, 109, 111, 113, 115, 117, 41, 43, 45, 47, 49, 51, 30, 28, 26, 24, 22, 20, 86, 84, 82, 80, 78, 76, 74, 16, 14, 12, 10, 53, 55, 57, 59, 64, 62, 40, 38, 72, 70, 68, 95, 97, 99, 101, 103, 105, 107, 109, 111, 113, 115, 117, 119, 91, 93, 95, 97, 99, 101, 103, 105, 107, 109, 111, 113, 115, 117, 119, 91, 93, 115, 117, 119, 91, 93, 95, 97, 36, 34, 32, 30, 28, 26, 24, 22, 20, 86, 84, 82, 80, 78, 76, 74, 16, 14, 12, 10, 53, 55, 57, 59, 64, 62, 60, 58, 56, 54, 9, 11, 13, 15, 73, 75, 77, 79, 81, 83, 85, 19, 21, 23, 25, 27, 29, 52, 50, 48, 46, 44, 42, 118, 116, 114, 112, 110, 108, 106, 104, 102, 100, 98, 96, 67, 69, 71, 37, 39, 41, 43, 45, 47, 49, 51, 30, 28, 26, 24, 22, 20, 86, 84, 82, 80, 78, 76, 74, 16, 14, 12, 10, 8, 90, 88, 114, 112, 110, 108, 106, 104, 102, 100, 98, 96, 67, 69, 71, 37, 39, 41, 43, 45, 47, 49, 51, 53, 55, 57, 59, 64, 62, 40, 38, 72, 70, 68, 95, 97, 99, 101, 103, 105, 107, 109, 111, 113, 115, 117, 119, 91, 93, 115, 117, 119, 91, 93, 95, 97, 36, 34, 32, 30, 28, 26, 24, 22, 20, 86, 84, 82, 80, 78, 76, 74, 16, 14, 12, 10, 53, 55, 57, 59, 64, 62, 60, 58, 56, 54, 9, 11, 13, 15, 73, 75, 77, 79, 81, 83, 85, 19, 21, 23, 25, 27, 29, 31, 33, 35, 98, 96, 94, 92, 120, 118, 116, 114, 112, 110, 108, 106, 104, 102, 100, 98, 96, 67, 69, 71, 37, 39, 41, 43, 45, 47, 49, 51, 53, 55, 57, 59, 64, 62, 40, 38, 72, 70, 68, 95, 97, 36, 34, 32, 30, 28, 26, 24, 22, 20, 86, 84, 82, 80, 78, 76, 74, 16, 14, 12, 10, 53, 55, 57, 59, 61, 63, 60, 58, 56, 54, 9, 11, 13, 15, 73, 75, 77, 79, 81, 83, 85, 19, 21, 23, 25, 27, 29, 31, 33, 35, 98, 96, 67, 69, 71, 37, 39, 61, 63, 60, 58, 56, 54, 9, 11, 13, 15, 73, 75, 77, 79, 81, 83, 85, 19, 21, 23, 25, 27, 29, 31, 33, 35, 98, 96, 94, 92, 120, 118, 116, 114, 112, 110, 108, 106, 104, 102, 100, 98, 96, 94, 92, 120, 118, 116, 114, 112, 110, 108, 106, 104, 102, 100, 98, 96, 94, 92, 120, 118, 116, 114, 112, 110, 108, 106, 104, 102, 100, 98, 96, 67, 69, 71, 37, 39, 61, 63, 60, 58, 56, 54, 9, 11, 13, 15, 73, 75, 77, 79, 81, 83, 85, 19, 21, 23, 25, 27, 29, 52, 50, 48, 46, 44, 42, 118, 116, 114, 112, 110, 108, 106, 104, 102, 100, 98, 96, 67, 69, 71, 37, 39, 61, 63, 65, 103, 105, 107, 109, 111, 113, 115, 117, 119, 91, 93, 115, 117, 41, 43, 45, 47, 49, 51, 30, 28, 26, 24, 22, 20, 86, 84, 82, 80, 78, 76, 74, 16, 14, 12, 10, 53, 55, 57, 59, 61, 63, 60, 58, 56, 54, 9, 11, 13, 15, 73, 75, 77, 79, 81, 83, 85, 19, 21, 23, 25, 27, 29, 52, 50, 48, 46, 44, 42, 118, 116, 114, 112, 110, 108, 106, 104, 102, 100, 98, 96, 94, 92, 120, 118, 116, 114, 112, 110, 108, 106, 104, 102, 100, 98, 96, 94, 92, 120, 118, 116, 114, 112, 110, 108, 106, 104, 102, 100, 98, 96, 94, 92, 120, 118, 116, 114, 112, 110, 108, 106, 104, 102, 100, 98, 96, 67, 69, 71, 37, 39, 61, 63, 60, 58, 56, 54, 9, 11, 13, 15, 73, 75, 77, 79, 81, 83, 85, 19, 21, 23, 25, 27, 29, 52, 50, 48, 46, 44, 42, 118, 116, 114, 112, 110, 108, 106, 104, 102, 100, 98, 96, 67, 69, 71, 37, 39, 61, 63, 60, 58, 56, 54, 9, 11, 13, 15, 73, 75, 77, 79, 81, 83, 85, 19, 21, 23, 25, 27, 29, 52, 50, 48, 46, 44, 42, 118, 116, 114, 112, 110, 108, 106, 104, 102, 100, 98, 96, 67, 69, 71, 37, 39, 61, 63, 60, 58, 56, 54, 9, 11, 13, 15, 73, 75, 77, 79, 81, 83, 85, 19, 21, 23, 25, 27, 29, 52, 50, 48, 46, 44, 42, 118, 116, 114, 112, 110, 108, 106, 104, 102, 100, 98, 96, 67, 69, 71, 37, 39, 61, 63, 60, 58, 56, 54, 9, 11, 13, 15, 73, 75, 77, 79, 81, 83, 85, 19, 21, 23, 25, 27, 29, 52, 50, 48, 46, 44, 42, 118, 116, 114, 112, 110, 108, 106, 104, 102, 100, 98, 96, 67, 69, 71, 37, 39, 61, 63, 65, 103, 105, 107, 109, 111, 113, 115, 117, 119, 91, 93, 95, 97, 99, 101, 103, 105, 107, 109, 111, 113, 115, 117, 41, 43, 45, 47, 49, 51, 53, 55, 57, 59, 64, 62, 40, 38, 72, 70, 68, 95, 97, 99, 101, 103, 105, 107, 109, 111, 113, 115, 117, 41, 43, 45, 47, 49, 51, 30, 28, 26, 24, 22, 20, 86, 84, 82, 80, 78, 76, 74, 16, 14, 12, 10, 53, 55, 57, 59, 64, 62, 40, 38, 72, 70, 68, 95, 97, 99, 101, 103, 105, 107, 109, 111, 113, 115, 117, 41, 43, 45, 47, 49, 51, 30, 28, 26, 24, 22, 20, 86, 84, 82, 80, 78, 76, 74, 16, 14, 12, 10, 53, 55, 57, 59, 61, 63, 65, 103, 105, 107, 109, 111, 113, 115, 117, 119, 91, 93, 115, 117, 119, 91, 93, 115, 117, 119, 91, 93, 95, 97, 99, 101, 103, 105, 107, 109, 111, 113, 115, 117, 119, 91, 93, 115, 117, 119, 91, 93, 95, 97, 36, 34, 32, 30, 28, 26, 24, 22, 20, 86, 84, 82, 80, 78, 76, 74, 16, 14, 12, 10, 53, 55, 57, 59, 61, 63, 65, 103, 105, 107, 109, 111, 113, 115, 117, 41, 43, 45, 47, 49, 51, 53, 55, 57, 59, 61, 63, 65, 103, 105, 107, 109, 111, 113, 115, 117, 119, 91, 93, 95, 97, 36, 34, 32, 30, 28, 26, 24, 22, 20, 86, 84, 82, 80, 78, 76, 74, 16, 14, 12, 10, 53, 55, 57, 59, 64, 62, 40, 38, 72, 70, 68, 95, 97, 99, 101, 103, 105, 107, 109, 111, 113, 115, 117, 41, 43, 45, 47, 49, 51, 30, 28, 26, 24, 22, 20, 86, 84, 82, 80, 78, 76, 74, 16, 14, 12, 10, 53, 55, 57, 59, 64, 62, 40, 38, 72, 70, 68, 95, 97, 99, 101, 103, 105, 107, 109, 111, 113, 115, 117, 119, 91, 93, 95, 97, 99, 101, 103, 105, 107, 109, 111, 113, 115, 117, 41, 43, 45, 47, 49, 51, 53, 55, 57, 59, 64, 62, 40, 38, 72, 70, 68, 95, 97, 99, 101, 103, 105, 107, 109, 111, 113, 115, 117, 119, 91, 93, 95, 97, 99, 101, 103, 105, 107, 109, 111, 113, 115, 117, 119, 91, 93, 95, 97, 99, 101, 103, 105, 107, 109, 111, 113, 115, 117, 41, 43, 45, 47, 49, 51, 30, 28, 26, 24, 22, 20, 86, 84, 82, 80, 78, 76, 74, 16, 14, 12, 10, 53, 55, 57, 59, 64, 62, 40, 38, 72, 70, 68, 95, 97, 99, 101, 103, 105, 107, 109, 111, 113, 115, 117, 119, 91, 93, 95, 97, 99, 101, 103, 105, 107, 109, 111, 113, 115, 117, 119, 91, 93, 95, 97, 99, 101, 103, 105, 107, 109, 111, 113, 115, 117, 119, 91, 93, 95, 97, 99, 101, 103, 105, 107, 109, 111, 113, 115, 117, 41, 43, 45, 47, 49, 51, 30, 28, 26, 24, 22, 20, 86, 84, 82, 80, 78, 76, 74, 16, 14, 12, 10, 53, 55, 57, 59, 64, 62, 40, 38, 72, 70, 68, 95, 97, 99, 101, 103, 105, 107, 109, 111, 113, 115, 117, 119, 91, 93, 95, 97, 99, 101, 103, 105, 107, 109, 111, 113, 115, 117, 119, 91, 93, 95, 97, 99, 101, 103, 105, 107, 109, 111, 113, 115, 117, 119, 91, 93, 95, 97, 99, 101, 103, 105, 107, 109, 111, 113, 115, 117, 119, 91, 93, 95, 97, 99, 101, 103, 105, 107, 109, 111, 113, 115, 117, 119, 91, 93, 95, 97, 99, 101, 103, 105, 107, 109, 111, 113, 115, 117, 119, 91, 93, 95, 97, 99, 101, 103, 105, 107, 109, 111, 113, 115, 117, 119, 91, 93, 95, 97, 99, 101, 103, 105, 107, 109, 111, 113, 115, 117, 119, 91, 93, 95, 97, 99, 101, 103, 105, 107, 109, 111, 113, 87, 89, 5]
