Original cost:  -118229296
17 cost: -118229296 cost+uc-param -118229296 uc 46781914 -118229296
0
[3]
35 cost: -118229296 cost+uc-param -118229296 uc 46781914 -118229296
1
[3]
67 cost: -118229296 cost+uc-param -118229296 uc 46781914 -118229296
0
[3]
17 cost: -118216510 cost+uc-param -118229296 uc 46769128 -118229296
0
[68, 95, 97, 99, 101, 103, 105, 5, 1, 3]
35 cost: -118216510 cost+uc-param -118229296 uc 46769128 -118229296
1
[68, 95, 97, 99, 101, 103, 105, 5, 1, 3]
98 cost: -118216511 cost+uc-param -118229296 uc 46769129 -118229296
14
[95, 97, 99, 101, 103, 105, 5, 1, 3, 35]
96 cost: -118216462 cost+uc-param -118229296 uc 46769080 -118229296
54
[97, 99, 101, 103, 105, 5, 1, 3, 35, 98]
35 cost: -118199972 cost+uc-param -118229296 uc 46752590 -118229296
0
[105, 107, 109, 111, 113, 87, 89, 5, 1, 3]
17 cost: -118199972 cost+uc-param -118229296 uc 46752590 -118229296
0
[105, 107, 109, 111, 113, 87, 89, 5, 1, 3]
19 cost: -118199948 cost+uc-param -118229296 uc 46752566 -118229296
0
[107, 109, 111, 113, 87, 89, 5, 1, 3, 17]
21 cost: -118196786 cost+uc-param -118229296 uc 46749404 -118229296
28
[109, 111, 113, 87, 89, 5, 1, 3, 17, 19]
35 cost: -118183588 cost+uc-param -118229296 uc 46736206 -118229296
0
[77, 79, 81, 83, 85, 19, 21, 5, 1, 3]
98 cost: -118183588 cost+uc-param -118229296 uc 46736206 -118229296
13
[79, 81, 83, 85, 19, 21, 5, 1, 3, 35]
96 cost: -118183253 cost+uc-param -118229296 uc 46735871 -118229296
52
[81, 83, 85, 19, 21, 5, 1, 3, 35, 98]
DONE! 4 0 -118229296 -117677642 46230260 504
DONE! 4 0 -118229296 -117637104 46189722 533
DONE! 4 0 -118229296 -117633887 46186505 548
DONE! 4 0 -118229296 -117628534 46181152 568
DONE! 4 0 -118229296 -117454295 46006913 640
DONE! 4 0 -118229296 -117412358 45964976 661
DONE! 4 0 -118229296 -117288502 45841120 719
DONE! 4 0 -118229296 -116927409 45480027 840
DONE! 4 0 -118229296 -116841228 45393846 861
DONE! 4 0 -118229296 -116448921 45001539 950
DONE! 4 0 -118229296 -116272835 44825453 989
DONE! 4 0 -118229296 -116230661 44783279 1029
DONE! 4 0 -118229296 -115829318 44381936 1145
DONE! 4 0 -118229296 -115444432 43997050 1211
DONE! 4 0 -118229296 -115421191 43973809 1226
DONE! 4 0 -118229296 -112404209 40956827 1643
DONE! 4 0 -118229296 -109632046 38184664 1747
DONE! 4 0 -118229296 -102472621 31025239 2187
DONE! 4 0 -118229296 -93981108 22533726 2523
DONE! 4 0 -118229296 -93863837 22416455 2553
DONE! 4 0 -118229296 -84692302 13244920 2717
DONE! 4 0 -118229296 -70974033 -473349 2915
DONE! 4 0 -118229296 -70865875 -581507 2930
DONE! 4 0 -118229296 -51888671 -19558711 2997
DONE! 4 0 -118229296 -51549034 -19898348 3032
DONE! 4 0 -118229296 -50783794 -20663588 3082
DONE! 4 0 -118229296 -50438985 -21008397 3097
DONE! 4 0 -118229296 -49983805 -21463577 3112
DONE! 4 0 -118229296 -44273899 -27173483 3157
DONE! 4 0 -118229296 -48178600 -23268782 3142
DONE! 4 0 -118229296 -49327196 -22120186 3127
DONE! 4 0 -118229296 -51058788 -20388594 3067
DONE! 4 0 -118229296 -51285606 -20161776 3052
DONE! 4 0 -118229296 -50783794 -20663588 3082
DONE! 4 0 -118229296 -49983805 -21463577 3112
DONE! 4 0 -118229296 -49327196 -22120186 3127
DONE! 4 0 -118229296 -44273899 -27173483 3157
DONE! 4 0 -118229296 -48178600 -23268782 3142
DONE! 4 0 -118229296 -50438985 -21008397 3097
DONE! 4 0 -118229296 -51058788 -20388594 3067
DONE! 4 0 -118229296 -51157982 -20289400 3062
DONE! 4 0 -118229296 -50590014 -20857368 3092
DONE! 4 0 -118229296 -44273899 -27173483 3157
DONE! 4 0 -118229296 -48178600 -23268782 3142
DONE! 4 0 -118229296 -49327196 -22120186 3127
DONE! 4 0 -118229296 -49983805 -21463577 3112
DONE! 4 0 -118229296 -50183324 -21264058 3107
DONE! 4 0 -118229296 -44273899 -27173483 3157
DONE! 4 0 -118229296 -45988947 -25458435 3152
DONE! 4 0 -118229296 -48682752 -22764630 3137
DONE! 4 0 -118229296 -44273899 -27173483 3157
DONE! 4 0 -118229296 -48178600 -23268782 3142
DONE! 4 0 -118229296 -49615207 -21832175 3122
DONE! 4 0 -118229296 -44273899 -27173483 3157
DONE! 4 0 -118229296 -48178600 -23268782 3142
DONE! 4 0 -118229296 -49327196 -22120186 3127
DONE! 4 0 -118229296 -44273899 -27173483 3157
DONE! 4 0 -118229296 -48178600 -23268782 3142
DONE! 4 0 -118229296 -49327196 -22120186 3127
DONE! 4 0 -118229296 -49983805 -21463577 3112
DONE! 4 0 -118229296 -50438985 -21008397 3097
DONE! 4 0 -118229296 -50904154 -20543228 3077
DONE! 4 0 -118229296 -50783794 -20663588 3082
DONE! 4 0 -118229296 -48178600 -23268782 3142
DONE! 4 0 -118229296 -44273899 -27173483 3157
DONE! 4 0 -118229296 -49327196 -22120186 3127
DONE! 4 0 -118229296 -49983805 -21463577 3112
DONE! 4 0 -118229296 -50438985 -21008397 3097
DONE! 4 0 -118229296 -51369309 -20078073 3047
DONE! 4 0 -118229296 -49327196 -22120186 3127
DONE! 4 0 -118229296 -48178600 -23268782 3142
DONE! 4 0 -118229296 -44273899 -27173483 3157
DONE! 4 0 -118229296 -49983805 -21463577 3112
DONE! 4 0 -118229296 -50438985 -21008397 3097
DONE! 4 0 -118229296 -50783794 -20663588 3082
DONE! 4 0 -118229296 -51058788 -20388594 3067
DONE! 4 0 -118229296 -51285606 -20161776 3052
DONE! 4 0 -118229296 -51477162 -19970220 3037
DONE! 4 0 -118229296 -51704323 -19743059 3017
DONE! 4 0 -118229296 -51641786 -19805596 3022
DONE! 4 0 -118229296 -48178600 -23268782 3142
DONE! 4 0 -118229296 -44273899 -27173483 3157
DONE! 4 0 -118229296 -49327196 -22120186 3127
DONE! 4 0 -118229296 -49983805 -21463577 3112
DONE! 4 0 -118229296 -50438985 -21008397 3097
DONE! 4 0 -118229296 -50783794 -20663588 3082
DONE! 4 0 -118229296 -51058788 -20388594 3067
DONE! 4 0 -118229296 -51285606 -20161776 3052
DONE! 4 0 -118229296 -51477162 -19970220 3037
DONE! 4 0 -118229296 -51285606 -20161776 3052
DONE! 4 0 -118229296 -50783794 -20663588 3082
DONE! 4 0 -118229296 -44273899 -27173483 3157
DONE! 4 0 -118229296 -48178600 -23268782 3142
DONE! 4 0 -118229296 -49327196 -22120186 3127
DONE! 4 0 -118229296 -49983805 -21463577 3112
DONE! 4 0 -118229296 -50438985 -21008397 3097
DONE! 4 0 -118229296 -51058788 -20388594 3067
DONE! 4 0 -118229296 -51369309 -20078073 3047
DONE! 4 0 -118229296 -51058788 -20388594 3067
DONE! 4 0 -118229296 -50783794 -20663588 3082
DONE! 4 0 -118229296 -48178600 -23268782 3142
DONE! 4 0 -118229296 -44273899 -27173483 3157
DONE! 4 0 -118229296 -49327196 -22120186 3127
DONE! 4 0 -118229296 -49983805 -21463577 3112
DONE! 4 0 -118229296 -50438985 -21008397 3097
DONE! 4 0 -118229296 -51157982 -20289400 3062
DONE! 4 0 -118229296 -44273899 -27173483 3157
DONE! 4 0 -118229296 -45988947 -25458435 3152
DONE! 4 0 -118229296 -48682752 -22764630 3137
DONE! 4 0 -118229296 -48178600 -23268782 3142
DONE! 4 0 -118229296 -44273899 -27173483 3157
DONE! 4 0 -118229296 -49615207 -21832175 3122
DONE! 4 0 -118229296 -44273899 -27173483 3157
DONE! 4 0 -118229296 -48178600 -23268782 3142
DONE! 4 0 -118229296 -49327196 -22120186 3127
DONE! 4 0 -118229296 -50183324 -21264058 3107
DONE! 4 0 -118229296 -49327196 -22120186 3127
DONE! 4 0 -118229296 -48178600 -23268782 3142
DONE! 4 0 -118229296 -44273899 -27173483 3157
DONE! 4 0 -118229296 -49983805 -21463577 3112
DONE! 4 0 -118229296 -50590014 -20857368 3092
DONE! 4 0 -118229296 -50438985 -21008397 3097
DONE! 4 0 -118229296 -49983805 -21463577 3112
DONE! 4 0 -118229296 -49327196 -22120186 3127
DONE! 4 0 -118229296 -48178600 -23268782 3142
DONE! 4 0 -118229296 -44273899 -27173483 3157
DONE! 4 0 -118229296 -50904154 -20543228 3077
DONE! 4 0 -118229296 -50783794 -20663588 3082
DONE! 4 0 -118229296 -50438985 -21008397 3097
DONE! 4 0 -118229296 -49327196 -22120186 3127
DONE! 4 0 -118229296 -48178600 -23268782 3142
DONE! 4 0 -118229296 -44273899 -27173483 3157
DONE! 4 0 -118229296 -49983805 -21463577 3112
DONE! 4 0 -118229296 -51549034 -19898348 3032
DONE! 4 0 -118229296 -51477162 -19970220 3037
DONE! 4 0 -118229296 -50783794 -20663588 3082
DONE! 4 0 -118229296 -49983805 -21463577 3112
DONE! 4 0 -118229296 -49327196 -22120186 3127
DONE! 4 0 -118229296 -48178600 -23268782 3142
DONE! 4 0 -118229296 -44273899 -27173483 3157
DONE! 4 0 -118229296 -50438985 -21008397 3097
DONE! 4 0 -118229296 -51058788 -20388594 3067
DONE! 4 0 -118229296 -51285606 -20161776 3052
DONE! 4 0 -118229296 -51611340 -19836042 3027
DONE! 4 0 -118229296 -51440950 -20006432 3042
DONE! 4 0 -118229296 -49327196 -22120186 3127
DONE! 4 0 -118229296 -44273899 -27173483 3157
DONE! 4 0 -118229296 -48178600 -23268782 3142
DONE! 4 0 -118229296 -49983805 -21463577 3112
DONE! 4 0 -118229296 -48178600 -23268782 3142
DONE! 4 0 -118229296 -44273899 -27173483 3157
DONE! 4 0 -118229296 -49327196 -22120186 3127
DONE! 4 0 -118229296 -48682752 -22764630 3137
DONE! 4 0 -118229296 -45988947 -25458435 3152
DONE! 4 0 -118229296 -44273899 -27173483 3157
DONE! 4 0 -118229296 -48178600 -23268782 3142
DONE! 4 0 -118229296 -44273899 -27173483 3157
DONE! 4 0 -118229296 -49615207 -21832175 3122
DONE! 4 0 -118229296 -50183324 -21264058 3107
DONE! 4 0 -118229296 -50334122 -21113260 3102
DONE! 4 0 -118229296 -48178600 -23268782 3142
DONE! 4 0 -118229296 -44273899 -27173483 3157
DONE! 4 0 -118229296 -49327196 -22120186 3127
DONE! 4 0 -118229296 -44273899 -27173483 3157
DONE! 4 0 -118229296 -48178600 -23268782 3142
DONE! 4 0 -118229296 -48682752 -22764630 3137
DONE! 4 0 -118229296 -44273899 -27173483 3157
DONE! 4 0 -118229296 -45988947 -25458435 3152
DONE! 4 0 -118229296 -49615207 -21832175 3122
DONE! 4 0 -118229296 -48970532 -22476850 3132
DONE! 4 0 -118229296 -46492868 -24954514 3147
DONE! 4 0 -118229296 -44273899 -27173483 3157
DONE! 4 0 -118229296 -45988947 -25458435 3152
DONE! 4 0 -118229296 -48178600 -23268782 3142
DONE! 4 0 -118229296 -44273899 -27173483 3157
DONE! 4 0 -118229296 -48682752 -22764630 3137
DONE! 4 0 -118229296 -45988947 -25458435 3152
DONE! 4 0 -118229296 -44273899 -27173483 3157
DONE! 4 0 -118229296 -49814495 -21632887 3117
DONE! 4 0 -118229296 -50710143 -20737239 3087
DONE! 4 0 -118229296 -50183324 -21264058 3107
DONE! 4 0 -118229296 -44273899 -27173483 3157
DONE! 4 0 -118229296 -48178600 -23268782 3142
DONE! 4 0 -118229296 -45988947 -25458435 3152
DONE! 4 0 -118229296 -44273899 -27173483 3157
DONE! 4 0 -118229296 -48682752 -22764630 3137
DONE! 4 0 -118229296 -49615207 -21832175 3122
DONE! 4 0 -118229296 -44273899 -27173483 3157
DONE! 4 0 -118229296 -48178600 -23268782 3142
DONE! 4 0 -118229296 -49327196 -22120186 3127
DONE! 4 0 -118229296 -44273899 -27173483 3157
DONE! 4 0 -118229296 -48178600 -23268782 3142
DONE! 4 0 -118229296 -49327196 -22120186 3127
DONE! 4 0 -118229296 -49983805 -21463577 3112
DONE! 4 0 -118229296 -50590014 -20857368 3092
DONE! 4 0 -118229296 -49327196 -22120186 3127
DONE! 4 0 -118229296 -48178600 -23268782 3142
DONE! 4 0 -118229296 -44273899 -27173483 3157
DONE! 4 0 -118229296 -49983805 -21463577 3112
DONE! 4 0 -118229296 -50438985 -21008397 3097
DONE! 4 0 -118229296 -51003117 -20444265 3072
DONE! 4 0 -118229296 -50783794 -20663588 3082
DONE! 4 0 -118229296 -50438985 -21008397 3097
DONE! 4 0 -118229296 -48178600 -23268782 3142
DONE! 4 0 -118229296 -44273899 -27173483 3157
DONE! 4 0 -118229296 -49327196 -22120186 3127
DONE! 4 0 -118229296 -49983805 -21463577 3112
DONE! 4 0 -118229296 -50590014 -20857368 3092
DONE! 4 0 -118229296 -49983805 -21463577 3112
DONE! 4 0 -118229296 -44273899 -27173483 3157
DONE! 4 0 -118229296 -48178600 -23268782 3142
DONE! 4 0 -118229296 -49327196 -22120186 3127
DONE! 4 0 -118229296 -49327196 -22120186 3127
DONE! 4 0 -118229296 -44273899 -27173483 3157
DONE! 4 0 -118229296 -48178600 -23268782 3142
DONE! 4 0 -118229296 -44273899 -27173483 3157
DONE! 4 0 -118229296 -45988947 -25458435 3152
DONE! 4 0 -118229296 -48682752 -22764630 3137
DONE! 4 0 -118229296 -44273899 -27173483 3157
DONE! 4 0 -118229296 -48178600 -23268782 3142
DONE! 4 0 -118229296 -49615207 -21832175 3122
DONE! 4 0 -118229296 -50183324 -21264058 3107
DONE! 4 0 -118229296 -50438985 -21008397 3097
DONE! 4 0 -118229296 -49983805 -21463577 3112
DONE! 4 0 -118229296 -49327196 -22120186 3127
DONE! 4 0 -118229296 -48178600 -23268782 3142
DONE! 4 0 -118229296 -44273899 -27173483 3157
DONE! 4 0 -118229296 -50904154 -20543228 3077
DONE! 4 0 -118229296 -51241454 -20205928 3057
DONE! 4 0 -118229296 -50438985 -21008397 3097
DONE! 4 0 -118229296 -44273899 -27173483 3157
DONE! 4 0 -118229296 -48178600 -23268782 3142
DONE! 4 0 -118229296 -49327196 -22120186 3127
DONE! 4 0 -118229296 -49983805 -21463577 3112
DONE! 4 0 -118229296 -44273899 -27173483 3157
DONE! 4 0 -118229296 -48178600 -23268782 3142
DONE! 4 0 -118229296 -49327196 -22120186 3127
DONE! 4 0 -118229296 -49983805 -21463577 3112
DONE! 4 0 -118229296 -50183324 -21264058 3107
DONE! 4 0 -118229296 -49327196 -22120186 3127
DONE! 4 0 -118229296 -44273899 -27173483 3157
DONE! 4 0 -118229296 -48178600 -23268782 3142
DONE! 4 0 -118229296 -49615207 -21832175 3122
DONE! 4 0 -118229296 -48178600 -23268782 3142
DONE! 4 0 -118229296 -44273899 -27173483 3157
DONE! 4 0 -118229296 -48682752 -22764630 3137
DONE! 4 0 -118229296 -45988947 -25458435 3152
DONE! 4 0 -118229296 -44273899 -27173483 3157
DONE! 4 0 -118229296 -50590014 -20857368 3092
DONE! 4 0 -118229296 -50904154 -20543228 3077
DONE! 4 0 -118229296 -50783794 -20663588 3082
DONE! 4 0 -118229296 -49327196 -22120186 3127
DONE! 4 0 -118229296 -44273899 -27173483 3157
DONE! 4 0 -118229296 -48178600 -23268782 3142
DONE! 4 0 -118229296 -49983805 -21463577 3112
DONE! 4 0 -118229296 -50438985 -21008397 3097
DONE! 4 0 -118229296 -51157982 -20289400 3062
DONE! 4 0 -118229296 -49983805 -21463577 3112
DONE! 4 0 -118229296 -49327196 -22120186 3127
DONE! 4 0 -118229296 -44273899 -27173483 3157
DONE! 4 0 -118229296 -48178600 -23268782 3142
DONE! 4 0 -118229296 -50438985 -21008397 3097
DONE! 4 0 -118229296 -50783794 -20663588 3082
DONE! 4 0 -118229296 -51058788 -20388594 3067
DONE! 4 0 -118229296 -51369309 -20078073 3047
DONE! 4 0 -118229296 -50438985 -21008397 3097
DONE! 4 0 -118229296 -49327196 -22120186 3127
DONE! 4 0 -118229296 -44273899 -27173483 3157
DONE! 4 0 -118229296 -48178600 -23268782 3142
DONE! 4 0 -118229296 -49983805 -21463577 3112
DONE! 4 0 -118229296 -50783794 -20663588 3082
DONE! 4 0 -118229296 -51058788 -20388594 3067
DONE! 4 0 -118229296 -51157982 -20289400 3062
DONE! 4 0 -118229296 -50904154 -20543228 3077
DONE! 4 0 -118229296 -50438985 -21008397 3097
DONE! 4 0 -118229296 -49327196 -22120186 3127
DONE! 4 0 -118229296 -44273899 -27173483 3157
DONE! 4 0 -118229296 -48178600 -23268782 3142
DONE! 4 0 -118229296 -49983805 -21463577 3112
DONE! 4 0 -118229296 -50590014 -20857368 3092
DONE! 4 0 -118229296 -50183324 -21264058 3107
DONE! 4 0 -118229296 -48178600 -23268782 3142
DONE! 4 0 -118229296 -44273899 -27173483 3157
DONE! 4 0 -118229296 -49327196 -22120186 3127
DONE! 4 0 -118229296 -48178600 -23268782 3142
DONE! 4 0 -118229296 -44273899 -27173483 3157
DONE! 4 0 -118229296 -44273899 -27173483 3157
DONE! 4 0 -118229296 -45988947 -25458435 3152
DONE! 4 0 -118229296 -48682752 -22764630 3137
DONE! 4 0 -118229296 -49615207 -21832175 3122
DONE! 4 0 -118229296 -49327196 -22120186 3127
DONE! 4 0 -118229296 -44273899 -27173483 3157
DONE! 4 0 -118229296 -48178600 -23268782 3142
DONE! 4 0 -118229296 -49983805 -21463577 3112
DONE! 4 0 -118229296 -50783794 -20663588 3082
DONE! 4 0 -118229296 -44273899 -27173483 3157
DONE! 4 0 -118229296 -48178600 -23268782 3142
DONE! 4 0 -118229296 -49327196 -22120186 3127
DONE! 4 0 -118229296 -49983805 -21463577 3112
DONE! 4 0 -118229296 -50438985 -21008397 3097
DONE! 4 0 -118229296 -51285606 -20161776 3052
DONE! 4 0 -118229296 -51058788 -20388594 3067
DONE! 4 0 -118229296 -49983805 -21463577 3112
DONE! 4 0 -118229296 -44273899 -27173483 3157
DONE! 4 0 -118229296 -48178600 -23268782 3142
DONE! 4 0 -118229296 -49327196 -22120186 3127
DONE! 4 0 -118229296 -50438985 -21008397 3097
DONE! 4 0 -118229296 -50783794 -20663588 3082
DONE! 4 0 -118229296 -51759079 -19688303 3012
DONE! 4 0 -118229296 -50167011 -21280371 3043
DONE! 4 0 -118229296 -49755502 -21691880 3083
DONE! 4 0 -118229296 -49337128 -22110254 3113
DONE! 4 0 -118229296 -49062134 -22385248 3128
DONE! 4 0 -118229296 -48717325 -22730057 3143
DONE! 4 0 -118229296 -47605536 -23841846 3173
DONE! 4 0 -118229296 -46456940 -24990442 3188
DONE! 4 0 -118229296 -42552239 -28895143 3203
DONE! 4 0 -118229296 -48262145 -23185237 3158
DONE! 4 0 -118229296 -49563946 -21883436 3098
DONE! 4 0 -118229296 -49827374 -21620008 3078
DONE! 4 0 -118229296 -49563946 -21883436 3098
DONE! 4 0 -118229296 -49337128 -22110254 3113
DONE! 4 0 -118229296 -48262145 -23185237 3158
DONE! 4 0 -118229296 -47605536 -23841846 3173
DONE! 4 0 -118229296 -46456940 -24990442 3188
DONE! 4 0 -118229296 -42552239 -28895143 3203
DONE! 4 0 -118229296 -48717325 -22730057 3143
DONE! 4 0 -118229296 -49062134 -22385248 3128
DONE! 4 0 -118229296 -49436322 -22011060 3108
DONE! 4 0 -118229296 -49062134 -22385248 3128
DONE! 4 0 -118229296 -48717325 -22730057 3143
DONE! 4 0 -118229296 -48262145 -23185237 3158
DONE! 4 0 -118229296 -47605536 -23841846 3173
DONE! 4 0 -118229296 -42552239 -28895143 3203
DONE! 4 0 -118229296 -46456940 -24990442 3188
DONE! 4 0 -118229296 -48717325 -22730057 3143
DONE! 4 0 -118229296 -48262145 -23185237 3158
DONE! 4 0 -118229296 -47605536 -23841846 3173
DONE! 4 0 -118229296 -42552239 -28895143 3203
DONE! 4 0 -118229296 -46456940 -24990442 3188
DONE! 4 0 -118229296 -48461664 -22985718 3153
DONE! 4 0 -118229296 -47605536 -23841846 3173
DONE! 4 0 -118229296 -42552239 -28895143 3203
DONE! 4 0 -118229296 -46456940 -24990442 3188
DONE! 4 0 -118229296 -47893547 -23553835 3168
DONE! 4 0 -118229296 -46961092 -24486290 3183
DONE! 4 0 -118229296 -44267287 -27180095 3198
DONE! 4 0 -118229296 -42552239 -28895143 3203
DONE! 4 0 -118229296 -42552239 -28895143 3203
DONE! 4 0 -118229296 -46456940 -24990442 3188
DONE! 4 0 -118229296 -48262145 -23185237 3158
DONE! 4 0 -118229296 -47605536 -23841846 3173
DONE! 4 0 -118229296 -46456940 -24990442 3188
DONE! 4 0 -118229296 -42552239 -28895143 3203
DONE! 4 0 -118229296 -48868354 -22579028 3138
DONE! 4 0 -118229296 -49182494 -22264888 3123
DONE! 4 0 -118229296 -49337128 -22110254 3113
DONE! 4 0 -118229296 -48262145 -23185237 3158
DONE! 4 0 -118229296 -47605536 -23841846 3173
DONE! 4 0 -118229296 -42552239 -28895143 3203
DONE! 4 0 -118229296 -46456940 -24990442 3188
DONE! 4 0 -118229296 -48717325 -22730057 3143
DONE! 4 0 -118229296 -49062134 -22385248 3128
DONE! 4 0 -118229296 -49647649 -21799733 3093
DONE! 4 0 -118229296 -49889680 -21557702 3073
DONE! 4 0 -118229296 -49719290 -21728092 3088
DONE! 4 0 -118229296 -49281457 -22165925 3118
DONE! 4 0 -118229296 -48868354 -22579028 3138
DONE! 4 0 -118229296 -42552239 -28895143 3203
DONE! 4 0 -118229296 -46456940 -24990442 3188
DONE! 4 0 -118229296 -47605536 -23841846 3173
DONE! 4 0 -118229296 -48262145 -23185237 3158
DONE! 4 0 -118229296 -47893547 -23553835 3168
DONE! 4 0 -118229296 -42552239 -28895143 3203
DONE! 4 0 -118229296 -46456940 -24990442 3188
DONE! 4 0 -118229296 -46961092 -24486290 3183
DONE! 4 0 -118229296 -44267287 -27180095 3198
DONE! 4 0 -118229296 -42552239 -28895143 3203
DONE! 4 0 -118229296 -47605536 -23841846 3173
DONE! 4 0 -118229296 -42552239 -28895143 3203
DONE! 4 0 -118229296 -46456940 -24990442 3188
DONE! 4 0 -118229296 -48461664 -22985718 3153
DONE! 4 0 -118229296 -48717325 -22730057 3143
DONE! 4 0 -118229296 -47605536 -23841846 3173
DONE! 4 0 -118229296 -42552239 -28895143 3203
DONE! 4 0 -118229296 -46456940 -24990442 3188
DONE! 4 0 -118229296 -48262145 -23185237 3158
DONE! 4 0 -118229296 -42552239 -28895143 3203
DONE! 4 0 -118229296 -46456940 -24990442 3188
DONE! 4 0 -118229296 -47605536 -23841846 3173
DONE! 4 0 -118229296 -48262145 -23185237 3158
DONE! 4 0 -118229296 -42552239 -28895143 3203
DONE! 4 0 -118229296 -46456940 -24990442 3188
DONE! 4 0 -118229296 -46961092 -24486290 3183
DONE! 4 0 -118229296 -42552239 -28895143 3203
DONE! 4 0 -118229296 -44267287 -27180095 3198
DONE! 4 0 -118229296 -47893547 -23553835 3168
DONE! 4 0 -118229296 -46456940 -24990442 3188
DONE! 4 0 -118229296 -42552239 -28895143 3203
DONE! 4 0 -118229296 -47605536 -23841846 3173
DONE! 4 0 -118229296 -48461664 -22985718 3153
DONE! 4 0 -118229296 -48612462 -22834920 3148
DONE! 4 0 -118229296 -47605536 -23841846 3173
DONE! 4 0 -118229296 -42552239 -28895143 3203
DONE! 4 0 -118229296 -46456940 -24990442 3188
DONE! 4 0 -118229296 -47893547 -23553835 3168
DONE! 4 0 -118229296 -42552239 -28895143 3203
DONE! 4 0 -118229296 -46456940 -24990442 3188
DONE! 4 0 -118229296 -46961092 -24486290 3183
DONE! 4 0 -118229296 -44267287 -27180095 3198
DONE! 4 0 -118229296 -42552239 -28895143 3203
DONE! 4 0 -118229296 -47248872 -24198510 3178
DONE! 4 0 -118229296 -44771208 -26676174 3193
DONE! 4 0 -118229296 -42552239 -28895143 3203
DONE! 4 0 -118229296 -44267287 -27180095 3198
DONE! 4 0 -118229296 -42552239 -28895143 3203
DONE! 4 0 -118229296 -46456940 -24990442 3188
DONE! 4 0 -118229296 -46961092 -24486290 3183
DONE! 4 0 -118229296 -44267287 -27180095 3198
DONE! 4 0 -118229296 -42552239 -28895143 3203
DONE! 4 0 -118229296 -48092835 -23354547 3163
DONE! 4 0 -118229296 -48988483 -22458899 3133
DONE! 4 0 -118229296 -49062134 -22385248 3128
DONE! 4 0 -118229296 -48717325 -22730057 3143
DONE! 4 0 -118229296 -48262145 -23185237 3158
DONE! 4 0 -118229296 -46456940 -24990442 3188
DONE! 4 0 -118229296 -42552239 -28895143 3203
DONE! 4 0 -118229296 -47605536 -23841846 3173
DONE! 4 0 -118229296 -49182494 -22264888 3123
DONE! 4 0 -118229296 -48262145 -23185237 3158
DONE! 4 0 -118229296 -47605536 -23841846 3173
DONE! 4 0 -118229296 -46456940 -24990442 3188
DONE! 4 0 -118229296 -42552239 -28895143 3203
DONE! 4 0 -118229296 -48717325 -22730057 3143
DONE! 4 0 -118229296 -48262145 -23185237 3158
DONE! 4 0 -118229296 -47605536 -23841846 3173
DONE! 4 0 -118229296 -46456940 -24990442 3188
DONE! 4 0 -118229296 -42552239 -28895143 3203
DONE! 4 0 -118229296 -48461664 -22985718 3153
DONE! 4 0 -118229296 -42552239 -28895143 3203
DONE! 4 0 -118229296 -44267287 -27180095 3198
DONE! 4 0 -118229296 -46961092 -24486290 3183
DONE! 4 0 -118229296 -42552239 -28895143 3203
DONE! 4 0 -118229296 -46456940 -24990442 3188
DONE! 4 0 -118229296 -47893547 -23553835 3168
DONE! 4 0 -118229296 -47605536 -23841846 3173
DONE! 4 0 -118229296 -42552239 -28895143 3203
DONE! 4 0 -118229296 -46456940 -24990442 3188
DONE! 4 0 -118229296 -48868354 -22579028 3138
DONE! 4 0 -118229296 -49519794 -21927588 3103
DONE! 4 0 -118229296 -48262145 -23185237 3158
DONE! 4 0 -118229296 -47605536 -23841846 3173
DONE! 4 0 -118229296 -46456940 -24990442 3188
DONE! 4 0 -118229296 -42552239 -28895143 3203
DONE! 4 0 -118229296 -48717325 -22730057 3143
DONE! 4 0 -118229296 -49062134 -22385248 3128
DONE! 4 0 -118229296 -49337128 -22110254 3113
DONE! 4 0 -118229296 -49436322 -22011060 3108
DONE! 4 0 -118229296 -48717325 -22730057 3143
DONE! 4 0 -118229296 -42552239 -28895143 3203
DONE! 4 0 -118229296 -46456940 -24990442 3188
DONE! 4 0 -118229296 -47605536 -23841846 3173
DONE! 4 0 -118229296 -48262145 -23185237 3158
DONE! 4 0 -118229296 -48868354 -22579028 3138
DONE! 4 0 -118229296 -48461664 -22985718 3153
DONE! 4 0 -118229296 -47605536 -23841846 3173
DONE! 4 0 -118229296 -46456940 -24990442 3188
DONE! 4 0 -118229296 -42552239 -28895143 3203
DONE! 4 0 -118229296 -47893547 -23553835 3168
DONE! 4 0 -118229296 -46456940 -24990442 3188
DONE! 4 0 -118229296 -42552239 -28895143 3203
DONE! 4 0 -118229296 -44267287 -27180095 3198
DONE! 4 0 -118229296 -42552239 -28895143 3203
DONE! 4 0 -118229296 -46961092 -24486290 3183
DONE! 4 0 -118229296 -46456940 -24990442 3188
DONE! 4 0 -118229296 -42552239 -28895143 3203
DONE! 4 0 -118229296 -47605536 -23841846 3173
DONE! 4 0 -118229296 -48262145 -23185237 3158
DONE! 4 0 -118229296 -49182494 -22264888 3123
DONE! 4 0 -118229296 -49062134 -22385248 3128
DONE! 4 0 -118229296 -48262145 -23185237 3158
DONE! 4 0 -118229296 -47605536 -23841846 3173
DONE! 4 0 -118229296 -42552239 -28895143 3203
DONE! 4 0 -118229296 -46456940 -24990442 3188
DONE! 4 0 -118229296 -48717325 -22730057 3143
DONE! 4 0 -118229296 -49563946 -21883436 3098
DONE! 4 0 -118229296 -49062134 -22385248 3128
DONE! 4 0 -118229296 -48262145 -23185237 3158
DONE! 4 0 -118229296 -47605536 -23841846 3173
DONE! 4 0 -118229296 -42552239 -28895143 3203
DONE! 4 0 -118229296 -46456940 -24990442 3188
DONE! 4 0 -118229296 -48717325 -22730057 3143
DONE! 4 0 -118229296 -49337128 -22110254 3113
DONE! 4 0 -118229296 -49337128 -22110254 3113
DONE! 4 0 -118229296 -49062134 -22385248 3128
DONE! 4 0 -118229296 -48717325 -22730057 3143
DONE! 4 0 -118229296 -46456940 -24990442 3188
DONE! 4 0 -118229296 -42552239 -28895143 3203
DONE! 4 0 -118229296 -47605536 -23841846 3173
DONE! 4 0 -118229296 -48262145 -23185237 3158
DONE! 4 0 -118229296 -49182494 -22264888 3123
DONE! 4 0 -118229296 -47605536 -23841846 3173
DONE! 4 0 -118229296 -46456940 -24990442 3188
DONE! 4 0 -118229296 -42552239 -28895143 3203
DONE! 4 0 -118229296 -48262145 -23185237 3158
DONE! 4 0 -118229296 -48717325 -22730057 3143
DONE! 4 0 -118229296 -47893547 -23553835 3168
DONE! 4 0 -118229296 -46961092 -24486290 3183
DONE! 4 0 -118229296 -42552239 -28895143 3203
DONE! 4 0 -118229296 -44267287 -27180095 3198
DONE! 4 0 -118229296 -42552239 -28895143 3203
DONE! 4 0 -118229296 -46456940 -24990442 3188
DONE! 4 0 -118229296 -47605536 -23841846 3173
DONE! 4 0 -118229296 -42552239 -28895143 3203
DONE! 4 0 -118229296 -46456940 -24990442 3188
DONE! 4 0 -118229296 -48461664 -22985718 3153
DONE! 4 0 -118229296 -48262145 -23185237 3158
DONE! 4 0 -118229296 -42552239 -28895143 3203
DONE! 4 0 -118229296 -46456940 -24990442 3188
DONE! 4 0 -118229296 -47605536 -23841846 3173
DONE! 4 0 -118229296 -48868354 -22579028 3138
DONE! 4 0 -118229296 -49062134 -22385248 3128
DONE! 4 0 -118229296 -48717325 -22730057 3143
DONE! 4 0 -118229296 -48262145 -23185237 3158
DONE! 4 0 -118229296 -46456940 -24990442 3188
DONE! 4 0 -118229296 -42552239 -28895143 3203
DONE! 4 0 -118229296 -47605536 -23841846 3173
DONE! 4 0 -118229296 -49436322 -22011060 3108
DONE! 4 0 -118229296 -49647649 -21799733 3093
DONE! 4 0 -118229296 -50037419 -21409963 3058
DONE! 4 0 -118229296 -49755502 -21691880 3083
DONE! 4 0 -118229296 -49563946 -21883436 3098
DONE! 4 0 -118229296 -49337128 -22110254 3113
DONE! 4 0 -118229296 -49062134 -22385248 3128
DONE! 4 0 -118229296 -47605536 -23841846 3173
DONE! 4 0 -118229296 -46456940 -24990442 3188
DONE! 4 0 -118229296 -42552239 -28895143 3203
DONE! 4 0 -118229296 -48262145 -23185237 3158
DONE! 4 0 -118229296 -48717325 -22730057 3143
DONE! 4 0 -118229296 -49920126 -21527256 3068
DONE! 4 0 -118229296 -49755502 -21691880 3083
DONE! 4 0 -118229296 -48717325 -22730057 3143
DONE! 4 0 -118229296 -48262145 -23185237 3158
DONE! 4 0 -118229296 -47605536 -23841846 3173
DONE! 4 0 -118229296 -46456940 -24990442 3188
DONE! 4 0 -118229296 -42552239 -28895143 3203
DONE! 4 0 -118229296 -49062134 -22385248 3128
DONE! 4 0 -118229296 -49337128 -22110254 3113
DONE! 4 0 -118229296 -49563946 -21883436 3098
DONE! 4 0 -118229296 -49827374 -21620008 3078
DONE! 4 0 -118229296 -49337128 -22110254 3113
DONE! 4 0 -118229296 -48717325 -22730057 3143
DONE! 4 0 -118229296 -48262145 -23185237 3158
DONE! 4 0 -118229296 -47605536 -23841846 3173
DONE! 4 0 -118229296 -46456940 -24990442 3188
DONE! 4 0 -118229296 -42552239 -28895143 3203
DONE! 4 0 -118229296 -49062134 -22385248 3128
DONE! 4 0 -118229296 -49563946 -21883436 3098
DONE! 4 0 -118229296 -49062134 -22385248 3128
DONE! 4 0 -118229296 -47605536 -23841846 3173
DONE! 4 0 -118229296 -42552239 -28895143 3203
DONE! 4 0 -118229296 -46456940 -24990442 3188
DONE! 4 0 -118229296 -48262145 -23185237 3158
DONE! 4 0 -118229296 -48717325 -22730057 3143
DONE! 4 0 -118229296 -49337128 -22110254 3113
DONE! 4 0 -118229296 -49182494 -22264888 3123
DONE! 4 0 -118229296 -48717325 -22730057 3143
DONE! 4 0 -118229296 -48262145 -23185237 3158
DONE! 4 0 -118229296 -47605536 -23841846 3173
DONE! 4 0 -118229296 -46456940 -24990442 3188
DONE! 4 0 -118229296 -42552239 -28895143 3203
DONE! 4 0 -118229296 -48461664 -22985718 3153
DONE! 4 0 -118229296 -47605536 -23841846 3173
DONE! 4 0 -118229296 -46456940 -24990442 3188
DONE! 4 0 -118229296 -42552239 -28895143 3203
DONE! 4 0 -118229296 -46456940 -24990442 3188
DONE! 4 0 -118229296 -42552239 -28895143 3203
DONE! 4 0 -118229296 -46961092 -24486290 3183
DONE! 4 0 -118229296 -44267287 -27180095 3198
DONE! 4 0 -118229296 -42552239 -28895143 3203
DONE! 4 0 -118229296 -47893547 -23553835 3168
DONE! 4 0 -118229296 -47605536 -23841846 3173
DONE! 4 0 -118229296 -42552239 -28895143 3203
DONE! 4 0 -118229296 -46456940 -24990442 3188
DONE! 4 0 -118229296 -48262145 -23185237 3158
DONE! 4 0 -118229296 -48868354 -22579028 3138
DONE! 4 0 -118229296 -49062134 -22385248 3128
DONE! 4 0 -118229296 -42552239 -28895143 3203
DONE! 4 0 -118229296 -46456940 -24990442 3188
DONE! 4 0 -118229296 -47605536 -23841846 3173
DONE! 4 0 -118229296 -48262145 -23185237 3158
DONE! 4 0 -118229296 -48717325 -22730057 3143
DONE! 4 0 -118229296 -49436322 -22011060 3108
DONE! 4 0 -118229296 -49647649 -21799733 3093
DONE! 4 0 -118229296 -49982663 -21464719 3063
DONE! 4 0 -118229296 -42089293 -29358089 3180
DONE! 4 0 -118229296 -41904945 -29542437 3200
DONE! 4 0 -118229296 -41749656 -29697726 3215
DONE! 4 0 -118229296 -41259410 -30187972 3250
DONE! 4 0 -118229296 -40984416 -30462966 3265
DONE! 4 0 -118229296 -38379222 -33068160 3325
DONE! 4 0 -118229296 -34474521 -36972861 3340
DONE! 4 0 -118229296 -39527818 -31919564 3310
DONE! 4 0 -118229296 -40184427 -31262955 3295
DONE! 4 0 -118229296 -40639607 -30807775 3280
DONE! 4 0 -118229296 -41486228 -29961154 3235
DONE! 4 0 -118229296 -40984416 -30462966 3265
DONE! 4 0 -118229296 -40639607 -30807775 3280
DONE! 4 0 -118229296 -40184427 -31262955 3295
DONE! 4 0 -118229296 -38379222 -33068160 3325
DONE! 4 0 -118229296 -34474521 -36972861 3340
DONE! 4 0 -118229296 -39527818 -31919564 3310
DONE! 4 0 -118229296 -41104776 -30342606 3260
DONE! 4 0 -118229296 -40639607 -30807775 3280
DONE! 4 0 -118229296 -39527818 -31919564 3310
DONE! 4 0 -118229296 -38379222 -33068160 3325
DONE! 4 0 -118229296 -34474521 -36972861 3340
DONE! 4 0 -118229296 -40184427 -31262955 3295
DONE! 4 0 -118229296 -40383946 -31063436 3290
DONE! 4 0 -118229296 -39815829 -31631553 3305
DONE! 4 0 -118229296 -34474521 -36972861 3340
DONE! 4 0 -118229296 -38379222 -33068160 3325
DONE! 4 0 -118229296 -38883374 -32564008 3320
DONE! 4 0 -118229296 -36189569 -35257813 3335
DONE! 4 0 -118229296 -34474521 -36972861 3340
DONE! 4 0 -118229296 -39527818 -31919564 3310
DONE! 4 0 -118229296 -34474521 -36972861 3340
DONE! 4 0 -118229296 -38379222 -33068160 3325
DONE! 4 0 -118229296 -40184427 -31262955 3295
DONE! 4 0 -118229296 -39527818 -31919564 3310
DONE! 4 0 -118229296 -34474521 -36972861 3340
DONE! 4 0 -118229296 -38379222 -33068160 3325
DONE! 4 0 -118229296 -40790636 -30656746 3275
DONE! 4 0 -118229296 -41358604 -30088778 3245
DONE! 4 0 -118229296 -39527818 -31919564 3310
DONE! 4 0 -118229296 -38379222 -33068160 3325
DONE! 4 0 -118229296 -34474521 -36972861 3340
DONE! 4 0 -118229296 -40184427 -31262955 3295
DONE! 4 0 -118229296 -40639607 -30807775 3280
DONE! 4 0 -118229296 -40984416 -30462966 3265
DONE! 4 0 -118229296 -41259410 -30187972 3250
DONE! 4 0 -118229296 -41569931 -29877451 3230
DONE! 4 0 -118229296 -41486228 -29961154 3235
DONE! 4 0 -118229296 -38379222 -33068160 3325
DONE! 4 0 -118229296 -34474521 -36972861 3340
DONE! 4 0 -118229296 -39527818 -31919564 3310
DONE! 4 0 -118229296 -40184427 -31262955 3295
DONE! 4 0 -118229296 -40639607 -30807775 3280
DONE! 4 0 -118229296 -40984416 -30462966 3265
DONE! 4 0 -118229296 -41259410 -30187972 3250
DONE! 4 0 -118229296 -41677784 -29769598 3220
DONE! 4 0 -118229296 -41677784 -29769598 3220
DONE! 4 0 -118229296 -41259410 -30187972 3250
DONE! 4 0 -118229296 -40984416 -30462966 3265
DONE! 4 0 -118229296 -40639607 -30807775 3280
DONE! 4 0 -118229296 -40184427 -31262955 3295
DONE! 4 0 -118229296 -34474521 -36972861 3340
DONE! 4 0 -118229296 -38379222 -33068160 3325
DONE! 4 0 -118229296 -39527818 -31919564 3310
DONE! 4 0 -118229296 -41486228 -29961154 3235
DONE! 4 0 -118229296 -41842408 -29604974 3205
DONE! 4 0 -118229296 -41259410 -30187972 3250
DONE! 4 0 -118229296 -40984416 -30462966 3265
DONE! 4 0 -118229296 -34474521 -36972861 3340
DONE! 4 0 -118229296 -38379222 -33068160 3325
DONE! 4 0 -118229296 -39527818 -31919564 3310
DONE! 4 0 -118229296 -40184427 -31262955 3295
DONE! 4 0 -118229296 -40639607 -30807775 3280
DONE! 4 0 -118229296 -41486228 -29961154 3235
DONE! 4 0 -118229296 -41677784 -29769598 3220
DONE! 4 0 -118229296 -41749656 -29697726 3215
DONE! 4 0 -118229296 -41259410 -30187972 3250
DONE! 4 0 -118229296 -40639607 -30807775 3280
DONE! 4 0 -118229296 -40184427 -31262955 3295
DONE! 4 0 -118229296 -39527818 -31919564 3310
DONE! 4 0 -118229296 -34474521 -36972861 3340
DONE! 4 0 -118229296 -38379222 -33068160 3325
DONE! 4 0 -118229296 -40984416 -30462966 3265
DONE! 4 0 -118229296 -41358604 -30088778 3245
DONE! 4 0 -118229296 -40639607 -30807775 3280
DONE! 4 0 -118229296 -40184427 -31262955 3295
DONE! 4 0 -118229296 -34474521 -36972861 3340
DONE! 4 0 -118229296 -38379222 -33068160 3325
DONE! 4 0 -118229296 -39527818 -31919564 3310
DONE! 4 0 -118229296 -40984416 -30462966 3265
DONE! 4 0 -118229296 -40184427 -31262955 3295
DONE! 4 0 -118229296 -34474521 -36972861 3340
DONE! 4 0 -118229296 -38379222 -33068160 3325
DONE! 4 0 -118229296 -39527818 -31919564 3310
DONE! 4 0 -118229296 -40639607 -30807775 3280
DONE! 4 0 -118229296 -40184427 -31262955 3295
DONE! 4 0 -118229296 -39527818 -31919564 3310
DONE! 4 0 -118229296 -34474521 -36972861 3340
DONE! 4 0 -118229296 -38379222 -33068160 3325
DONE! 4 0 -118229296 -40383946 -31063436 3290
DONE! 4 0 -118229296 -34474521 -36972861 3340
DONE! 4 0 -118229296 -38379222 -33068160 3325
DONE! 4 0 -118229296 -39527818 -31919564 3310
DONE! 4 0 -118229296 -39815829 -31631553 3305
DONE! 4 0 -118229296 -38379222 -33068160 3325
DONE! 4 0 -118229296 -34474521 -36972861 3340
DONE! 4 0 -118229296 -38883374 -32564008 3320
DONE! 4 0 -118229296 -34474521 -36972861 3340
DONE! 4 0 -118229296 -36189569 -35257813 3335
DONE! 4 0 -118229296 -40790636 -30656746 3275
DONE! 4 0 -118229296 -41104776 -30342606 3260
DONE! 4 0 -118229296 -41569931 -29877451 3230
DONE! 4 0 -118229296 -41259410 -30187972 3250
DONE! 4 0 -118229296 -40184427 -31262955 3295
DONE! 4 0 -118229296 -34474521 -36972861 3340
DONE! 4 0 -118229296 -38379222 -33068160 3325
DONE! 4 0 -118229296 -39527818 -31919564 3310
DONE! 4 0 -118229296 -40639607 -30807775 3280
DONE! 4 0 -118229296 -40984416 -30462966 3265
DONE! 4 0 -118229296 -41486228 -29961154 3235
DONE! 4 0 -118229296 -41442076 -30005306 3240
DONE! 4 0 -118229296 -40184427 -31262955 3295
DONE! 4 0 -118229296 -34474521 -36972861 3340
DONE! 4 0 -118229296 -38379222 -33068160 3325
DONE! 4 0 -118229296 -39527818 -31919564 3310
DONE! 4 0 -118229296 -40383946 -31063436 3290
DONE! 4 0 -118229296 -39815829 -31631553 3305
DONE! 4 0 -118229296 -38379222 -33068160 3325
DONE! 4 0 -118229296 -34474521 -36972861 3340
DONE! 4 0 -118229296 -36189569 -35257813 3335
DONE! 4 0 -118229296 -34474521 -36972861 3340
DONE! 4 0 -118229296 -38883374 -32564008 3320
DONE! 4 0 -118229296 -34474521 -36972861 3340
DONE! 4 0 -118229296 -38379222 -33068160 3325
DONE! 4 0 -118229296 -39527818 -31919564 3310
DONE! 4 0 -118229296 -40790636 -30656746 3275
DONE! 4 0 -118229296 -40184427 -31262955 3295
DONE! 4 0 -118229296 -34474521 -36972861 3340
DONE! 4 0 -118229296 -38379222 -33068160 3325
DONE! 4 0 -118229296 -39527818 -31919564 3310
DONE! 4 0 -118229296 -40639607 -30807775 3280
DONE! 4 0 -118229296 -38883374 -32564008 3320
DONE! 4 0 -118229296 -34474521 -36972861 3340
DONE! 4 0 -118229296 -36189569 -35257813 3335
DONE! 4 0 -118229296 -38379222 -33068160 3325
DONE! 4 0 -118229296 -34474521 -36972861 3340
DONE! 4 0 -118229296 -39171154 -32276228 3315
DONE! 4 0 -118229296 -36189569 -35257813 3335
DONE! 4 0 -118229296 -34474521 -36972861 3340
DONE! 4 0 -118229296 -36693490 -34753892 3330
DONE! 4 0 -118229296 -40015117 -31432265 3300
DONE! 4 0 -118229296 -38379222 -33068160 3325
DONE! 4 0 -118229296 -34474521 -36972861 3340
DONE! 4 0 -118229296 -39527818 -31919564 3310
DONE! 4 0 -118229296 -39815829 -31631553 3305
DONE! 4 0 -118229296 -34474521 -36972861 3340
DONE! 4 0 -118229296 -36189569 -35257813 3335
DONE! 4 0 -118229296 -38883374 -32564008 3320
DONE! 4 0 -118229296 -34474521 -36972861 3340
DONE! 4 0 -118229296 -38379222 -33068160 3325
DONE! 4 0 -118229296 -40534744 -30912638 3285
DONE! 4 0 -118229296 -40184427 -31262955 3295
DONE! 4 0 -118229296 -38379222 -33068160 3325
DONE! 4 0 -118229296 -34474521 -36972861 3340
DONE! 4 0 -118229296 -39527818 -31919564 3310
DONE! 4 0 -118229296 -38379222 -33068160 3325
DONE! 4 0 -118229296 -34474521 -36972861 3340
DONE! 4 0 -118229296 -39527818 -31919564 3310
DONE! 4 0 -118229296 -36189569 -35257813 3335
DONE! 4 0 -118229296 -34474521 -36972861 3340
DONE! 4 0 -118229296 -38883374 -32564008 3320
DONE! 4 0 -118229296 -38379222 -33068160 3325
DONE! 4 0 -118229296 -34474521 -36972861 3340
DONE! 4 0 -118229296 -39815829 -31631553 3305
DONE! 4 0 -118229296 -40383946 -31063436 3290
DONE! 4 0 -118229296 -40910765 -30536617 3270
DONE! 4 0 -118229296 -41203739 -30243643 3255
DONE! 4 0 -118229296 -41104776 -30342606 3260
DONE! 4 0 -118229296 -40639607 -30807775 3280
DONE! 4 0 -118229296 -40184427 -31262955 3295
DONE! 4 0 -118229296 -39527818 -31919564 3310
DONE! 4 0 -118229296 -38379222 -33068160 3325
DONE! 4 0 -118229296 -34474521 -36972861 3340
DONE! 4 0 -118229296 -38379222 -33068160 3325
DONE! 4 0 -118229296 -34474521 -36972861 3340
DONE! 4 0 -118229296 -39527818 -31919564 3310
DONE! 4 0 -118229296 -40184427 -31262955 3295
DONE! 4 0 -118229296 -38379222 -33068160 3325
DONE! 4 0 -118229296 -34474521 -36972861 3340
DONE! 4 0 -118229296 -39527818 -31919564 3310
DONE! 4 0 -118229296 -38379222 -33068160 3325
DONE! 4 0 -118229296 -34474521 -36972861 3340
DONE! 4 0 -118229296 -34474521 -36972861 3340
DONE! 4 0 -118229296 -36189569 -35257813 3335
DONE! 4 0 -118229296 -38883374 -32564008 3320
DONE! 4 0 -118229296 -39815829 -31631553 3305
DONE! 4 0 -118229296 -40383946 -31063436 3290
DONE! 4 0 -118229296 -40790636 -30656746 3275
DONE! 4 0 -118229296 -40984416 -30462966 3265
DONE! 4 0 -118229296 -39527818 -31919564 3310
DONE! 4 0 -118229296 -34474521 -36972861 3340
DONE! 4 0 -118229296 -38379222 -33068160 3325
DONE! 4 0 -118229296 -40184427 -31262955 3295
DONE! 4 0 -118229296 -40639607 -30807775 3280
DONE! 4 0 -118229296 -40184427 -31262955 3295
DONE! 4 0 -118229296 -39527818 -31919564 3310
DONE! 4 0 -118229296 -38379222 -33068160 3325
DONE! 4 0 -118229296 -34474521 -36972861 3340
DONE! 4 0 -118229296 -40639607 -30807775 3280
DONE! 4 0 -118229296 -40984416 -30462966 3265
DONE! 4 0 -118229296 -38379222 -33068160 3325
DONE! 4 0 -118229296 -34474521 -36972861 3340
DONE! 4 0 -118229296 -34474521 -36972861 3340
DONE! 4 0 -118229296 -36189569 -35257813 3335
DONE! 4 0 -118229296 -38883374 -32564008 3320
DONE! 4 0 -118229296 -39815829 -31631553 3305
DONE! 4 0 -118229296 -39527818 -31919564 3310
DONE! 4 0 -118229296 -34474521 -36972861 3340
DONE! 4 0 -118229296 -38379222 -33068160 3325
DONE! 4 0 -118229296 -40383946 -31063436 3290
DONE! 4 0 -118229296 -39527818 -31919564 3310
DONE! 4 0 -118229296 -34474521 -36972861 3340
DONE! 4 0 -118229296 -38379222 -33068160 3325
DONE! 4 0 -118229296 -40184427 -31262955 3295
DONE! 4 0 -118229296 -40790636 -30656746 3275
DONE! 4 0 -118229296 -39527818 -31919564 3310
DONE! 4 0 -118229296 -34474521 -36972861 3340
DONE! 4 0 -118229296 -38379222 -33068160 3325
DONE! 4 0 -118229296 -40184427 -31262955 3295
DONE! 4 0 -118229296 -40639607 -30807775 3280
DONE! 4 0 -118229296 -41104776 -30342606 3260
DONE! 4 0 -118229296 -41358604 -30088778 3245
DONE! 4 0 -118229296 -39527818 -31919564 3310
DONE! 4 0 -118229296 -34474521 -36972861 3340
DONE! 4 0 -118229296 -38379222 -33068160 3325
DONE! 4 0 -118229296 -40184427 -31262955 3295
DONE! 4 0 -118229296 -40639607 -30807775 3280
DONE! 4 0 -118229296 -40984416 -30462966 3265
DONE! 4 0 -118229296 -41259410 -30187972 3250
DONE! 4 0 -118229296 -41641572 -29805810 3225
DONE! 4 0 -118229296 -41259410 -30187972 3250
DONE! 4 0 -118229296 -40984416 -30462966 3265
DONE! 4 0 -118229296 -39527818 -31919564 3310
DONE! 4 0 -118229296 -34474521 -36972861 3340
DONE! 4 0 -118229296 -38379222 -33068160 3325
DONE! 4 0 -118229296 -40184427 -31262955 3295
DONE! 4 0 -118229296 -40639607 -30807775 3280
DONE! 4 0 -118229296 -40984416 -30462966 3265
DONE! 4 0 -118229296 -40639607 -30807775 3280
DONE! 4 0 -118229296 -40184427 -31262955 3295
DONE! 4 0 -118229296 -34474521 -36972861 3340
DONE! 4 0 -118229296 -38379222 -33068160 3325
DONE! 4 0 -118229296 -39527818 -31919564 3310
DONE! 4 0 -118229296 -41104776 -30342606 3260
DONE! 4 0 -118229296 -39527818 -31919564 3310
DONE! 4 0 -118229296 -34474521 -36972861 3340
DONE! 4 0 -118229296 -38379222 -33068160 3325
DONE! 4 0 -118229296 -40184427 -31262955 3295
DONE! 4 0 -118229296 -38379222 -33068160 3325
DONE! 4 0 -118229296 -34474521 -36972861 3340
DONE! 4 0 -118229296 -36189569 -35257813 3335
DONE! 4 0 -118229296 -34474521 -36972861 3340
DONE! 4 0 -118229296 -38883374 -32564008 3320
DONE! 4 0 -118229296 -39815829 -31631553 3305
DONE! 4 0 -118229296 -38379222 -33068160 3325
DONE! 4 0 -118229296 -34474521 -36972861 3340
DONE! 4 0 -118229296 -39527818 -31919564 3310
DONE! 4 0 -118229296 -40383946 -31063436 3290
DONE! 4 0 -118229296 -40790636 -30656746 3275
DONE! 4 0 -118229296 -40639607 -30807775 3280
DONE! 4 0 -118229296 -40184427 -31262955 3295
DONE! 4 0 -118229296 -39527818 -31919564 3310
DONE! 4 0 -118229296 -38379222 -33068160 3325
DONE! 4 0 -118229296 -34474521 -36972861 3340
DONE! 4 0 -118229296 -41358604 -30088778 3245
DONE! 4 0 -118229296 -41569931 -29877451 3230
DONE! 4 0 -118229296 -41486228 -29961154 3235
DONE! 4 0 -118229296 -41259410 -30187972 3250
DONE! 4 0 -118229296 -40984416 -30462966 3265
DONE! 4 0 -118229296 -39527818 -31919564 3310
DONE! 4 0 -118229296 -34474521 -36972861 3340
DONE! 4 0 -118229296 -38379222 -33068160 3325
DONE! 4 0 -118229296 -40184427 -31262955 3295
DONE! 4 0 -118229296 -40639607 -30807775 3280
DONE! 4 0 -118229296 -41811962 -29635420 3210
DONE! 4 0 -118229296 -41959701 -29487681 3195
DONE! 4 0 -118229296 -13195086 -58252296 3354
DONE! 4 0 -118229296 -12805316 -58642066 3389
DONE! 4 0 -118229296 -12219801 -59227581 3424
DONE! 4 0 -118229296 -11874992 -59572390 3439
DONE! 4 0 -118229296 -11419812 -60027570 3454
DONE! 4 0 -118229296 -10763203 -60684179 3469
DONE! 4 0 -118229296 -5709906 -65737476 3499
DONE! 4 0 -118229296 -9614607 -61832775 3484
DONE! 4 0 -118229296 -12340161 -59107221 3419
DONE! 4 0 -118229296 -11874992 -59572390 3439
DONE! 4 0 -118229296 -11419812 -60027570 3454
DONE! 4 0 -118229296 -5709906 -65737476 3499
DONE! 4 0 -118229296 -9614607 -61832775 3484
DONE! 4 0 -118229296 -10763203 -60684179 3469
DONE! 4 0 -118229296 -11419812 -60027570 3454
DONE! 4 0 -118229296 -5709906 -65737476 3499
DONE! 4 0 -118229296 -9614607 -61832775 3484
DONE! 4 0 -118229296 -10763203 -60684179 3469
DONE! 4 0 -118229296 -10763203 -60684179 3469
DONE! 4 0 -118229296 -9614607 -61832775 3484
DONE! 4 0 -118229296 -5709906 -65737476 3499
DONE! 4 0 -118229296 -5709906 -65737476 3499
DONE! 4 0 -118229296 -7424954 -64022428 3494
DONE! 4 0 -118229296 -10118759 -61328623 3479
DONE! 4 0 -118229296 -9614607 -61832775 3484
DONE! 4 0 -118229296 -5709906 -65737476 3499
DONE! 4 0 -118229296 -11051214 -60396168 3464
DONE! 4 0 -118229296 -11619331 -59828051 3449
DONE! 4 0 -118229296 -12026021 -59421361 3434
DONE! 4 0 -118229296 -12593989 -58853393 3404
DONE! 4 0 -118229296 -12494795 -58952587 3409
DONE! 4 0 -118229296 -12219801 -59227581 3424
DONE! 4 0 -118229296 -11874992 -59572390 3439
DONE! 4 0 -118229296 -11419812 -60027570 3454
DONE! 4 0 -118229296 -9614607 -61832775 3484
DONE! 4 0 -118229296 -5709906 -65737476 3499
DONE! 4 0 -118229296 -10763203 -60684179 3469
DONE! 4 0 -118229296 -12494795 -58952587 3409
DONE! 4 0 -118229296 -12219801 -59227581 3424
DONE! 4 0 -118229296 -9614607 -61832775 3484
DONE! 4 0 -118229296 -5709906 -65737476 3499
DONE! 4 0 -118229296 -10763203 -60684179 3469
DONE! 4 0 -118229296 -11419812 -60027570 3454
DONE! 4 0 -118229296 -11874992 -59572390 3439
DONE! 4 0 -118229296 -12721613 -58725769 3394
DONE! 4 0 -118229296 -12876957 -58570425 3384
DONE! 4 0 -118229296 -12677461 -58769921 3399
DONE! 4 0 -118229296 -12146150 -59301232 3429
DONE! 4 0 -118229296 -11770129 -59677253 3444
DONE! 4 0 -118229296 -11250502 -60196880 3459
DONE! 4 0 -118229296 -5709906 -65737476 3499
DONE! 4 0 -118229296 -9614607 -61832775 3484
DONE! 4 0 -118229296 -7424954 -64022428 3494
DONE! 4 0 -118229296 -5709906 -65737476 3499
DONE! 4 0 -118229296 -10118759 -61328623 3479
DONE! 4 0 -118229296 -10406539 -61040843 3474
DONE! 4 0 -118229296 -7424954 -64022428 3494
DONE! 4 0 -118229296 -5709906 -65737476 3499
DONE! 4 0 -118229296 -7928875 -63518507 3489
DONE! 4 0 -118229296 -11051214 -60396168 3464
DONE! 4 0 -118229296 -10118759 -61328623 3479
DONE! 4 0 -118229296 -5709906 -65737476 3499
DONE! 4 0 -118229296 -7424954 -64022428 3494
DONE! 4 0 -118229296 -5709906 -65737476 3499
DONE! 4 0 -118229296 -9614607 -61832775 3484
DONE! 4 0 -118229296 -9614607 -61832775 3484
DONE! 4 0 -118229296 -5709906 -65737476 3499
DONE! 4 0 -118229296 -10763203 -60684179 3469
DONE! 4 0 -118229296 -11419812 -60027570 3454
DONE! 4 0 -118229296 -5709906 -65737476 3499
DONE! 4 0 -118229296 -9614607 -61832775 3484
DONE! 4 0 -118229296 -10763203 -60684179 3469
DONE! 4 0 -118229296 -11619331 -59828051 3449
DONE! 4 0 -118229296 -11051214 -60396168 3464
DONE! 4 0 -118229296 -10118759 -61328623 3479
DONE! 4 0 -118229296 -5709906 -65737476 3499
DONE! 4 0 -118229296 -7424954 -64022428 3494
DONE! 4 0 -118229296 -5709906 -65737476 3499
DONE! 4 0 -118229296 -9614607 -61832775 3484
DONE! 4 0 -118229296 -9614607 -61832775 3484
DONE! 4 0 -118229296 -5709906 -65737476 3499
DONE! 4 0 -118229296 -10763203 -60684179 3469
DONE! 4 0 -118229296 -5709906 -65737476 3499
DONE! 4 0 -118229296 -9614607 -61832775 3484
DONE! 4 0 -118229296 -10763203 -60684179 3469
DONE! 4 0 -118229296 -11419812 -60027570 3454
DONE! 4 0 -118229296 -11874992 -59572390 3439
DONE! 4 0 -118229296 -7424954 -64022428 3494
DONE! 4 0 -118229296 -5709906 -65737476 3499
DONE! 4 0 -118229296 -10118759 -61328623 3479
DONE! 4 0 -118229296 -5709906 -65737476 3499
DONE! 4 0 -118229296 -9614607 -61832775 3484
DONE! 4 0 -118229296 -11051214 -60396168 3464
DONE! 4 0 -118229296 -9614607 -61832775 3484
DONE! 4 0 -118229296 -5709906 -65737476 3499
DONE! 4 0 -118229296 -10763203 -60684179 3469
DONE! 4 0 -118229296 -11619331 -59828051 3449
DONE! 4 0 -118229296 -11419812 -60027570 3454
DONE! 4 0 -118229296 -5709906 -65737476 3499
DONE! 4 0 -118229296 -9614607 -61832775 3484
DONE! 4 0 -118229296 -10763203 -60684179 3469
DONE! 4 0 -118229296 -12026021 -59421361 3434
DONE! 4 0 -118229296 -12439124 -59008258 3414
DONE! 4 0 -118229296 -12340161 -59107221 3419
DONE! 4 0 -118229296 -11419812 -60027570 3454
DONE! 4 0 -118229296 -9614607 -61832775 3484
DONE! 4 0 -118229296 -5709906 -65737476 3499
DONE! 4 0 -118229296 -10763203 -60684179 3469
DONE! 4 0 -118229296 -11619331 -59828051 3449
DONE! 4 0 -118229296 -5709906 -65737476 3499
DONE! 4 0 -118229296 -9614607 -61832775 3484
DONE! 4 0 -118229296 -10118759 -61328623 3479
DONE! 4 0 -118229296 -7424954 -64022428 3494
DONE! 4 0 -118229296 -5709906 -65737476 3499
DONE! 4 0 -118229296 -11051214 -60396168 3464
DONE! 4 0 -118229296 -9614607 -61832775 3484
DONE! 4 0 -118229296 -5709906 -65737476 3499
DONE! 4 0 -118229296 -10763203 -60684179 3469
DONE! 4 0 -118229296 -12026021 -59421361 3434
DONE! 4 0 -118229296 -11874992 -59572390 3439
DONE! 4 0 -118229296 -11419812 -60027570 3454
DONE! 4 0 -118229296 -10763203 -60684179 3469
DONE! 4 0 -118229296 -9614607 -61832775 3484
DONE! 4 0 -118229296 -5709906 -65737476 3499
DONE! 4 0 -118229296 -12219801 -59227581 3424
DONE! 4 0 -118229296 -11874992 -59572390 3439
DONE! 4 0 -118229296 -11419812 -60027570 3454
DONE! 4 0 -118229296 -10763203 -60684179 3469
DONE! 4 0 -118229296 -5709906 -65737476 3499
DONE! 4 0 -118229296 -9614607 -61832775 3484
DONE! 4 0 -118229296 -11874992 -59572390 3439
DONE! 4 0 -118229296 -11419812 -60027570 3454
DONE! 4 0 -118229296 -10763203 -60684179 3469
DONE! 4 0 -118229296 -5709906 -65737476 3499
DONE! 4 0 -118229296 -9614607 -61832775 3484
DONE! 4 0 -118229296 -12219801 -59227581 3424
DONE! 4 0 -118229296 -11874992 -59572390 3439
DONE! 4 0 -118229296 -10763203 -60684179 3469
DONE! 4 0 -118229296 -5709906 -65737476 3499
DONE! 4 0 -118229296 -9614607 -61832775 3484
DONE! 4 0 -118229296 -11419812 -60027570 3454
DONE! 4 0 -118229296 -10763203 -60684179 3469
DONE! 4 0 -118229296 -5709906 -65737476 3499
DONE! 4 0 -118229296 -9614607 -61832775 3484
DONE! 4 0 -118229296 -11419812 -60027570 3454
DONE! 4 0 -118229296 -5709906 -65737476 3499
DONE! 4 0 -118229296 -9614607 -61832775 3484
DONE! 4 0 -118229296 -10763203 -60684179 3469
DONE! 4 0 -118229296 -10118759 -61328623 3479
DONE! 4 0 -118229296 -5709906 -65737476 3499
DONE! 4 0 -118229296 -7424954 -64022428 3494
DONE! 4 0 -118229296 -5709906 -65737476 3499
DONE! 4 0 -118229296 -9614607 -61832775 3484
DONE! 4 0 -118229296 -11051214 -60396168 3464
DONE! 4 0 -118229296 -11619331 -59828051 3449
DONE! 4 0 -118229296 -12026021 -59421361 3434
DONE! 4 0 -118229296 -12340161 -59107221 3419
DONE! 4 0 -118229296 -12593989 -58853393 3404
DONE! 4 0 -118229296 -12219801 -59227581 3424
DONE! 4 0 -118229296 -11874992 -59572390 3439
DONE! 4 0 -118229296 -11419812 -60027570 3454
DONE! 4 0 -118229296 -10763203 -60684179 3469
DONE! 4 0 -118229296 -5709906 -65737476 3499
DONE! 4 0 -118229296 -9614607 -61832775 3484
DONE! 4 0 -118229296 -12494795 -58952587 3409
DONE! 4 0 -118229296 -13047347 -58400035 3369
DONE! 4 0 -118229296 -12913169 -58534213 3379
DONE! 4 0 -118229296 -12721613 -58725769 3394
DONE! 4 0 -118229296 -12219801 -59227581 3424
DONE! 4 0 -118229296 -11874992 -59572390 3439
DONE! 4 0 -118229296 -11419812 -60027570 3454
DONE! 4 0 -118229296 -9614607 -61832775 3484
DONE! 4 0 -118229296 -5709906 -65737476 3499
DONE! 4 0 -118229296 -10763203 -60684179 3469
DONE! 4 0 -118229296 -12494795 -58952587 3409
DONE! 4 0 -118229296 -12985041 -58462341 3374
DONE! 4 0 -118229296 -12805316 -58642066 3389
DONE! 4 0 -118229296 -12494795 -58952587 3409
DONE! 4 0 -118229296 -9614607 -61832775 3484
DONE! 4 0 -118229296 -5709906 -65737476 3499
DONE! 4 0 -118229296 -10763203 -60684179 3469
DONE! 4 0 -118229296 -11419812 -60027570 3454
DONE! 4 0 -118229296 -11874992 -59572390 3439
DONE! 4 0 -118229296 -12219801 -59227581 3424
DONE! 4 0 -118229296 -12219801 -59227581 3424
DONE! 4 0 -118229296 -11874992 -59572390 3439
DONE! 4 0 -118229296 -11419812 -60027570 3454
DONE! 4 0 -118229296 -10763203 -60684179 3469
DONE! 4 0 -118229296 -9614607 -61832775 3484
DONE! 4 0 -118229296 -5709906 -65737476 3499
DONE! 4 0 -118229296 -12340161 -59107221 3419
DONE! 4 0 -118229296 -12026021 -59421361 3434
DONE! 4 0 -118229296 -10763203 -60684179 3469
DONE! 4 0 -118229296 -5709906 -65737476 3499
DONE! 4 0 -118229296 -9614607 -61832775 3484
DONE! 4 0 -118229296 -10118759 -61328623 3479
DONE! 4 0 -118229296 -5709906 -65737476 3499
DONE! 4 0 -118229296 -7424954 -64022428 3494
DONE! 4 0 -118229296 -5709906 -65737476 3499
DONE! 4 0 -118229296 -9614607 -61832775 3484
DONE! 4 0 -118229296 -11051214 -60396168 3464
DONE! 4 0 -118229296 -11619331 -59828051 3449
DONE! 4 0 -118229296 -10763203 -60684179 3469
DONE! 4 0 -118229296 -5709906 -65737476 3499
DONE! 4 0 -118229296 -9614607 -61832775 3484
DONE! 4 0 -118229296 -11419812 -60027570 3454
DONE! 4 0 -118229296 -11874992 -59572390 3439
DONE! 4 0 -118229296 -11419812 -60027570 3454
DONE! 4 0 -118229296 -5709906 -65737476 3499
DONE! 4 0 -118229296 -9614607 -61832775 3484
DONE! 4 0 -118229296 -10763203 -60684179 3469
DONE! 4 0 -118229296 -12593989 -58853393 3404
DONE! 4 0 -118229296 -12219801 -59227581 3424
DONE! 4 0 -118229296 -11874992 -59572390 3439
DONE! 4 0 -118229296 -11419812 -60027570 3454
DONE! 4 0 -118229296 -10763203 -60684179 3469
DONE! 4 0 -118229296 -5709906 -65737476 3499
DONE! 4 0 -118229296 -9614607 -61832775 3484
DONE! 4 0 -118229296 -12494795 -58952587 3409
DONE! 4 0 -118229296 -12721613 -58725769 3394
DONE! 4 0 -118229296 -13077793 -58369589 3364
DONE! 4 0 -118229296 -12721613 -58725769 3394
DONE! 4 0 -118229296 -12219801 -59227581 3424
DONE! 4 0 -118229296 -11874992 -59572390 3439
DONE! 4 0 -118229296 -11419812 -60027570 3454
DONE! 4 0 -118229296 -10763203 -60684179 3469
DONE! 4 0 -118229296 -9614607 -61832775 3484
DONE! 4 0 -118229296 -5709906 -65737476 3499
DONE! 4 0 -118229296 -12494795 -58952587 3409
DONE! 4 0 -118229296 -12913169 -58534213 3379
DONE! 4 0 -118229296 -12913169 -58534213 3379
DONE! 4 0 -118229296 -12721613 -58725769 3394
DONE! 4 0 -118229296 -11874992 -59572390 3439
DONE! 4 0 -118229296 -11419812 -60027570 3454
DONE! 4 0 -118229296 -10763203 -60684179 3469
DONE! 4 0 -118229296 -9614607 -61832775 3484
DONE! 4 0 -118229296 -5709906 -65737476 3499
DONE! 4 0 -118229296 -12219801 -59227581 3424
DONE! 4 0 -118229296 -12494795 -58952587 3409
DONE! 4 0 -118229296 -10763203 -60684179 3469
DONE! 4 0 -118229296 -9614607 -61832775 3484
DONE! 4 0 -118229296 -5709906 -65737476 3499
DONE! 4 0 -118229296 -11419812 -60027570 3454
DONE! 4 0 -118229296 -11874992 -59572390 3439
DONE! 4 0 -118229296 -12219801 -59227581 3424
DONE! 4 0 -118229296 -12494795 -58952587 3409
DONE! 4 0 -118229296 -12721613 -58725769 3394
DONE! 4 0 -118229296 -11874992 -59572390 3439
DONE! 4 0 -118229296 -9614607 -61832775 3484
DONE! 4 0 -118229296 -5709906 -65737476 3499
DONE! 4 0 -118229296 -10763203 -60684179 3469
DONE! 4 0 -118229296 -11419812 -60027570 3454
DONE! 4 0 -118229296 -12219801 -59227581 3424
DONE! 4 0 -118229296 -12494795 -58952587 3409
DONE! 4 0 -118229296 -12340161 -59107221 3419
DONE! 4 0 -118229296 -11874992 -59572390 3439
DONE! 4 0 -118229296 -5709906 -65737476 3499
DONE! 4 0 -118229296 -9614607 -61832775 3484
DONE! 4 0 -118229296 -10763203 -60684179 3469
DONE! 4 0 -118229296 -11419812 -60027570 3454
DONE! 4 0 -118229296 -11619331 -59828051 3449
DONE! 4 0 -118229296 -10763203 -60684179 3469
DONE! 4 0 -118229296 -5709906 -65737476 3499
DONE! 4 0 -118229296 -9614607 -61832775 3484
DONE! 4 0 -118229296 -5709906 -65737476 3499
DONE! 4 0 -118229296 -9614607 -61832775 3484
DONE! 4 0 -118229296 -10118759 -61328623 3479
DONE! 4 0 -118229296 -7424954 -64022428 3494
DONE! 4 0 -118229296 -5709906 -65737476 3499
DONE! 4 0 -118229296 -11051214 -60396168 3464
DONE! 4 0 -118229296 -11419812 -60027570 3454
DONE! 4 0 -118229296 -10763203 -60684179 3469
DONE! 4 0 -118229296 -5709906 -65737476 3499
DONE! 4 0 -118229296 -9614607 -61832775 3484
DONE! 4 0 -118229296 -12026021 -59421361 3434
DONE! 4 0 -118229296 -12219801 -59227581 3424
DONE! 4 0 -118229296 -10763203 -60684179 3469
DONE! 4 0 -118229296 -5709906 -65737476 3499
DONE! 4 0 -118229296 -9614607 -61832775 3484
DONE! 4 0 -118229296 -11419812 -60027570 3454
DONE! 4 0 -118229296 -11874992 -59572390 3439
DONE! 4 0 -118229296 -12593989 -58853393 3404
DONE! 4 0 -118229296 -12805316 -58642066 3389
DONE! 4 0 -118229296 -12985041 -58462341 3374
DONE! 4 0 -118229296 -13140330 -58307052 3359
DONE! 4 0 -118229296 -13324678 -58122704 3339
DONE! 4 0 -118229296 -12668069 -58779313 3354
DONE! 4 0 -118229296 -12256560 -59190822 3394
DONE! 4 0 -118229296 -10763203 -60684179 3469
DONE! 4 0 -118229296 -10106594 -61340788 3484
DONE! 4 0 -118229296 -5053297 -66394085 3514
DONE! 4 0 -118229296 -8957998 -62489384 3499
DONE! 4 0 -118229296 -11218383 -60228999 3454
DONE! 4 0 -118229296 -11563192 -59884190 3439
DONE! 4 0 -118229296 -11838186 -59609196 3424
DONE! 4 0 -118229296 -12065004 -59382378 3409
DONE! 4 0 -118229296 -12421184 -59026198 3379
DONE! 4 0 -118229296 -12065004 -59382378 3409
DONE! 4 0 -118229296 -11838186 -59609196 3424
DONE! 4 0 -118229296 -11218383 -60228999 3454
DONE! 4 0 -118229296 -10763203 -60684179 3469
DONE! 4 0 -118229296 -10106594 -61340788 3484
DONE! 4 0 -118229296 -5053297 -66394085 3514
DONE! 4 0 -118229296 -8957998 -62489384 3499
DONE! 4 0 -118229296 -11563192 -59884190 3439
DONE! 4 0 -118229296 -12148707 -59298675 3404
DONE! 4 0 -118229296 -11838186 -59609196 3424
DONE! 4 0 -118229296 -10106594 -61340788 3484
DONE! 4 0 -118229296 -8957998 -62489384 3499
DONE! 4 0 -118229296 -5053297 -66394085 3514
DONE! 4 0 -118229296 -10763203 -60684179 3469
DONE! 4 0 -118229296 -11218383 -60228999 3454
DONE! 4 0 -118229296 -11563192 -59884190 3439
DONE! 4 0 -118229296 -11563192 -59884190 3439
DONE! 4 0 -118229296 -10763203 -60684179 3469
DONE! 4 0 -118229296 -5053297 -66394085 3514
DONE! 4 0 -118229296 -8957998 -62489384 3499
DONE! 4 0 -118229296 -10106594 -61340788 3484
DONE! 4 0 -118229296 -11218383 -60228999 3454
DONE! 4 0 -118229296 -11683552 -59763830 3434
DONE! 4 0 -118229296 -11369412 -60077970 3449
DONE! 4 0 -118229296 -10763203 -60684179 3469
DONE! 4 0 -118229296 -10106594 -61340788 3484
DONE! 4 0 -118229296 -8957998 -62489384 3499
DONE! 4 0 -118229296 -5053297 -66394085 3514
DONE! 4 0 -118229296 -10394605 -61052777 3479
DONE! 4 0 -118229296 -5053297 -66394085 3514
DONE! 4 0 -118229296 -6768345 -64679037 3509
DONE! 4 0 -118229296 -9462150 -61985232 3494
DONE! 4 0 -118229296 -8957998 -62489384 3499
DONE! 4 0 -118229296 -5053297 -66394085 3514
DONE! 4 0 -118229296 -10106594 -61340788 3484
DONE! 4 0 -118229296 -5053297 -66394085 3514
DONE! 4 0 -118229296 -8957998 -62489384 3499
DONE! 4 0 -118229296 -10962722 -60484660 3464
DONE! 4 0 -118229296 -11218383 -60228999 3454
DONE! 4 0 -118229296 -10106594 -61340788 3484
DONE! 4 0 -118229296 -8957998 -62489384 3499
DONE! 4 0 -118229296 -5053297 -66394085 3514
DONE! 4 0 -118229296 -10763203 -60684179 3469
DONE! 4 0 -118229296 -11937380 -59510002 3419
DONE! 4 0 -118229296 -12328432 -59118950 3389
DONE! 4 0 -118229296 -12256560 -59190822 3394
DONE! 4 0 -118229296 -12065004 -59382378 3409
DONE! 4 0 -118229296 -11838186 -59609196 3424
DONE! 4 0 -118229296 -11563192 -59884190 3439
DONE! 4 0 -118229296 -8957998 -62489384 3499
DONE! 4 0 -118229296 -5053297 -66394085 3514
DONE! 4 0 -118229296 -10106594 -61340788 3484
DONE! 4 0 -118229296 -10763203 -60684179 3469
DONE! 4 0 -118229296 -11218383 -60228999 3454
DONE! 4 0 -118229296 -12483721 -58963661 3374
DONE! 4 0 -118229296 -12328432 -59118950 3389
DONE! 4 0 -118229296 -12148707 -59298675 3404
DONE! 4 0 -118229296 -11838186 -59609196 3424
DONE! 4 0 -118229296 -10106594 -61340788 3484
DONE! 4 0 -118229296 -5053297 -66394085 3514
DONE! 4 0 -118229296 -8957998 -62489384 3499
DONE! 4 0 -118229296 -10763203 -60684179 3469
DONE! 4 0 -118229296 -11218383 -60228999 3454
DONE! 4 0 -118229296 -11563192 -59884190 3439
DONE! 4 0 -118229296 -11937380 -59510002 3419
DONE! 4 0 -118229296 -11683552 -59763830 3434
DONE! 4 0 -118229296 -11369412 -60077970 3449
DONE! 4 0 -118229296 -10962722 -60484660 3464
DONE! 4 0 -118229296 -8957998 -62489384 3499
DONE! 4 0 -118229296 -5053297 -66394085 3514
DONE! 4 0 -118229296 -6768345 -64679037 3509
DONE! 4 0 -118229296 -5053297 -66394085 3514
DONE! 4 0 -118229296 -9462150 -61985232 3494
DONE! 4 0 -118229296 -10394605 -61052777 3479
DONE! 4 0 -118229296 -5053297 -66394085 3514
DONE! 4 0 -118229296 -8957998 -62489384 3499
DONE! 4 0 -118229296 -10106594 -61340788 3484
DONE! 4 0 -118229296 -10106594 -61340788 3484
DONE! 4 0 -118229296 -8957998 -62489384 3499
DONE! 4 0 -118229296 -5053297 -66394085 3514
DONE! 4 0 -118229296 -10763203 -60684179 3469
DONE! 4 0 -118229296 -5053297 -66394085 3514
DONE! 4 0 -118229296 -8957998 -62489384 3499
DONE! 4 0 -118229296 -10106594 -61340788 3484
DONE! 4 0 -118229296 -10763203 -60684179 3469
DONE! 4 0 -118229296 -11218383 -60228999 3454
DONE! 4 0 -118229296 -11563192 -59884190 3439
DONE! 4 0 -118229296 -11218383 -60228999 3454
DONE! 4 0 -118229296 -5053297 -66394085 3514
DONE! 4 0 -118229296 -8957998 -62489384 3499
DONE! 4 0 -118229296 -10106594 -61340788 3484
DONE! 4 0 -118229296 -10763203 -60684179 3469
DONE! 4 0 -118229296 -11563192 -59884190 3439
DONE! 4 0 -118229296 -11218383 -60228999 3454
DONE! 4 0 -118229296 -10763203 -60684179 3469
DONE! 4 0 -118229296 -10106594 -61340788 3484
DONE! 4 0 -118229296 -8957998 -62489384 3499
DONE! 4 0 -118229296 -5053297 -66394085 3514
DONE! 4 0 -118229296 -11838186 -59609196 3424
DONE! 4 0 -118229296 -12065004 -59382378 3409
DONE! 4 0 -118229296 -11838186 -59609196 3424
DONE! 4 0 -118229296 -11563192 -59884190 3439
DONE! 4 0 -118229296 -11218383 -60228999 3454
DONE! 4 0 -118229296 -10763203 -60684179 3469
DONE! 4 0 -118229296 -5053297 -66394085 3514
DONE! 4 0 -118229296 -8957998 -62489384 3499
DONE! 4 0 -118229296 -10106594 -61340788 3484
DONE! 4 0 -118229296 -12065004 -59382378 3409
DONE! 4 0 -118229296 -12256560 -59190822 3394
DONE! 4 0 -118229296 -12220348 -59227034 3399
DONE! 4 0 -118229296 -11937380 -59510002 3419
DONE! 4 0 -118229296 -11369412 -60077970 3449
DONE! 4 0 -118229296 -10962722 -60484660 3464
DONE! 4 0 -118229296 -9462150 -61985232 3494
DONE! 4 0 -118229296 -5053297 -66394085 3514
DONE! 4 0 -118229296 -6768345 -64679037 3509
DONE! 4 0 -118229296 -5053297 -66394085 3514
DONE! 4 0 -118229296 -8957998 -62489384 3499
DONE! 4 0 -118229296 -10394605 -61052777 3479
DONE! 4 0 -118229296 -5053297 -66394085 3514
DONE! 4 0 -118229296 -8957998 -62489384 3499
DONE! 4 0 -118229296 -10106594 -61340788 3484
DONE! 4 0 -118229296 -10763203 -60684179 3469
DONE! 4 0 -118229296 -10106594 -61340788 3484
DONE! 4 0 -118229296 -5053297 -66394085 3514
DONE! 4 0 -118229296 -8957998 -62489384 3499
DONE! 4 0 -118229296 -11218383 -60228999 3454
DONE! 4 0 -118229296 -10106594 -61340788 3484
DONE! 4 0 -118229296 -5053297 -66394085 3514
DONE! 4 0 -118229296 -8957998 -62489384 3499
DONE! 4 0 -118229296 -10763203 -60684179 3469
DONE! 4 0 -118229296 -11683552 -59763830 3434
DONE! 4 0 -118229296 -8957998 -62489384 3499
DONE! 4 0 -118229296 -5053297 -66394085 3514
DONE! 4 0 -118229296 -10106594 -61340788 3484
DONE! 4 0 -118229296 -10763203 -60684179 3469
DONE! 4 0 -118229296 -11218383 -60228999 3454
DONE! 4 0 -118229296 -11563192 -59884190 3439
DONE! 4 0 -118229296 -11563192 -59884190 3439
DONE! 4 0 -118229296 -10106594 -61340788 3484
DONE! 4 0 -118229296 -5053297 -66394085 3514
DONE! 4 0 -118229296 -8957998 -62489384 3499
DONE! 4 0 -118229296 -10763203 -60684179 3469
DONE! 4 0 -118229296 -11218383 -60228999 3454
DONE! 4 0 -118229296 -11838186 -59609196 3424
DONE! 4 0 -118229296 -11782515 -59664867 3429
DONE! 4 0 -118229296 -10106594 -61340788 3484
DONE! 4 0 -118229296 -8957998 -62489384 3499
DONE! 4 0 -118229296 -5053297 -66394085 3514
DONE! 4 0 -118229296 -10763203 -60684179 3469
DONE! 4 0 -118229296 -10394605 -61052777 3479
DONE! 4 0 -118229296 -8957998 -62489384 3499
DONE! 4 0 -118229296 -5053297 -66394085 3514
DONE! 4 0 -118229296 -6768345 -64679037 3509
DONE! 4 0 -118229296 -5053297 -66394085 3514
DONE! 4 0 -118229296 -9462150 -61985232 3494
DONE! 4 0 -118229296 -8957998 -62489384 3499
DONE! 4 0 -118229296 -5053297 -66394085 3514
DONE! 4 0 -118229296 -10106594 -61340788 3484
DONE! 4 0 -118229296 -10962722 -60484660 3464
DONE! 4 0 -118229296 -11369412 -60077970 3449
DONE! 4 0 -118229296 -10763203 -60684179 3469
DONE! 4 0 -118229296 -5053297 -66394085 3514
DONE! 4 0 -118229296 -8957998 -62489384 3499
DONE! 4 0 -118229296 -10106594 -61340788 3484
DONE! 4 0 -118229296 -11218383 -60228999 3454
DONE! 4 0 -118229296 -11489541 -59957841 3444
DONE! 4 0 -118229296 -8957998 -62489384 3499
DONE! 4 0 -118229296 -5053297 -66394085 3514
DONE! 4 0 -118229296 -10106594 -61340788 3484
DONE! 4 0 -118229296 -10763203 -60684179 3469
DONE! 4 0 -118229296 -10962722 -60484660 3464
DONE! 4 0 -118229296 -10394605 -61052777 3479
DONE! 4 0 -118229296 -9462150 -61985232 3494
DONE! 4 0 -118229296 -5053297 -66394085 3514
DONE! 4 0 -118229296 -6768345 -64679037 3509
DONE! 4 0 -118229296 -5053297 -66394085 3514
DONE! 4 0 -118229296 -8957998 -62489384 3499
DONE! 4 0 -118229296 -10106594 -61340788 3484
DONE! 4 0 -118229296 -5053297 -66394085 3514
DONE! 4 0 -118229296 -8957998 -62489384 3499
DONE! 4 0 -118229296 -11113520 -60333862 3459
DONE! 4 0 -118229296 -10106594 -61340788 3484
DONE! 4 0 -118229296 -8957998 -62489384 3499
DONE! 4 0 -118229296 -5053297 -66394085 3514
DONE! 4 0 -118229296 -10394605 -61052777 3479
DONE! 4 0 -118229296 -8957998 -62489384 3499
DONE! 4 0 -118229296 -5053297 -66394085 3514
DONE! 4 0 -118229296 -9462150 -61985232 3494
DONE! 4 0 -118229296 -5053297 -66394085 3514
DONE! 4 0 -118229296 -6768345 -64679037 3509
DONE! 4 0 -118229296 -10593893 -60853489 3474
DONE! 4 0 -118229296 -6768345 -64679037 3509
DONE! 4 0 -118229296 -5053297 -66394085 3514
DONE! 4 0 -118229296 -7272266 -64175116 3504
DONE! 4 0 -118229296 -9749930 -61697452 3489
DONE! 4 0 -118229296 -6768345 -64679037 3509
DONE! 4 0 -118229296 -5053297 -66394085 3514
DONE! 4 0 -118229296 -9462150 -61985232 3494
DONE! 4 0 -118229296 -5053297 -66394085 3514
DONE! 4 0 -118229296 -8957998 -62489384 3499
DONE! 4 0 -118229296 -8957998 -62489384 3499
DONE! 4 0 -118229296 -5053297 -66394085 3514
DONE! 4 0 -118229296 -10106594 -61340788 3484
DONE! 4 0 -118229296 -10763203 -60684179 3469
DONE! 4 0 -118229296 -11218383 -60228999 3454
DONE! 4 0 -118229296 -11563192 -59884190 3439
DONE! 4 0 -118229296 -11369412 -60077970 3449
DONE! 4 0 -118229296 -8957998 -62489384 3499
DONE! 4 0 -118229296 -5053297 -66394085 3514
DONE! 4 0 -118229296 -10106594 -61340788 3484
DONE! 4 0 -118229296 -9462150 -61985232 3494
DONE! 4 0 -118229296 -5053297 -66394085 3514
DONE! 4 0 -118229296 -6768345 -64679037 3509
DONE! 4 0 -118229296 -5053297 -66394085 3514
DONE! 4 0 -118229296 -8957998 -62489384 3499
DONE! 4 0 -118229296 -10394605 -61052777 3479
DONE! 4 0 -118229296 -10962722 -60484660 3464
DONE! 4 0 -118229296 -10763203 -60684179 3469
DONE! 4 0 -118229296 -8957998 -62489384 3499
DONE! 4 0 -118229296 -5053297 -66394085 3514
DONE! 4 0 -118229296 -10106594 -61340788 3484
DONE! 4 0 -118229296 -10763203 -60684179 3469
DONE! 4 0 -118229296 -5053297 -66394085 3514
DONE! 4 0 -118229296 -8957998 -62489384 3499
DONE! 4 0 -118229296 -10106594 -61340788 3484
DONE! 4 0 -118229296 -11218383 -60228999 3454
DONE! 4 0 -118229296 -11683552 -59763830 3434
DONE! 4 0 -118229296 -12020852 -59426530 3414
DONE! 4 0 -118229296 -11838186 -59609196 3424
DONE! 4 0 -118229296 -10763203 -60684179 3469
DONE! 4 0 -118229296 -10106594 -61340788 3484
DONE! 4 0 -118229296 -8957998 -62489384 3499
DONE! 4 0 -118229296 -5053297 -66394085 3514
DONE! 4 0 -118229296 -11218383 -60228999 3454
DONE! 4 0 -118229296 -11563192 -59884190 3439
DONE! 4 0 -118229296 -11683552 -59763830 3434
DONE! 4 0 -118229296 -11218383 -60228999 3454
DONE! 4 0 -118229296 -10763203 -60684179 3469
DONE! 4 0 -118229296 -5053297 -66394085 3514
DONE! 4 0 -118229296 -8957998 -62489384 3499
DONE! 4 0 -118229296 -10106594 -61340788 3484
DONE! 4 0 -118229296 -11369412 -60077970 3449
DONE! 4 0 -118229296 -10394605 -61052777 3479
DONE! 4 0 -118229296 -5053297 -66394085 3514
DONE! 4 0 -118229296 -6768345 -64679037 3509
DONE! 4 0 -118229296 -9462150 -61985232 3494
DONE! 4 0 -118229296 -8957998 -62489384 3499
DONE! 4 0 -118229296 -5053297 -66394085 3514
DONE! 4 0 -118229296 -10106594 -61340788 3484
DONE! 4 0 -118229296 -8957998 -62489384 3499
DONE! 4 0 -118229296 -5053297 -66394085 3514
DONE! 4 0 -118229296 -10962722 -60484660 3464
DONE! 4 0 -118229296 -10763203 -60684179 3469
DONE! 4 0 -118229296 -10106594 -61340788 3484
DONE! 4 0 -118229296 -8957998 -62489384 3499
DONE! 4 0 -118229296 -5053297 -66394085 3514
DONE! 4 0 -118229296 -11563192 -59884190 3439
DONE! 4 0 -118229296 -11218383 -60228999 3454
DONE! 4 0 -118229296 -10106594 -61340788 3484
DONE! 4 0 -118229296 -8957998 -62489384 3499
DONE! 4 0 -118229296 -5053297 -66394085 3514
DONE! 4 0 -118229296 -10763203 -60684179 3469
DONE! 4 0 -118229296 -11937380 -59510002 3419
DONE! 4 0 -118229296 -12148707 -59298675 3404
DONE! 4 0 -118229296 -11563192 -59884190 3439
DONE! 4 0 -118229296 -10106594 -61340788 3484
DONE! 4 0 -118229296 -8957998 -62489384 3499
DONE! 4 0 -118229296 -5053297 -66394085 3514
DONE! 4 0 -118229296 -10763203 -60684179 3469
DONE! 4 0 -118229296 -11218383 -60228999 3454
DONE! 4 0 -118229296 -11838186 -59609196 3424
DONE! 4 0 -118229296 -12065004 -59382378 3409
DONE! 4 0 -118229296 -12390738 -59056644 3384
DONE! 4 0 -118229296 -12538477 -58908905 3369
DONE! 4 0 -118229296 -7167051 -64280331 3429
DONE! 4 0 -118229296 -6967555 -64479827 3444
DONE! 4 0 -118229296 -5909425 -65537957 3494
DONE! 4 0 -118229296 -5341308 -66106074 3509
DONE! 4 0 -118229296 0 -71447382 3544
Search ...  [3, 67, 69, 71, 37, 39, 41, 43, 45, 47, 49, 51, 30, 28, 26, 24, 22, 20, 86, 84, 82, 80, 78, 76, 74, 16, 14, 12, 10, 53, 55, 57, 59, 64, 62, 60, 58, 56, 54, 9, 11, 13, 15, 73, 75, 77, 79, 81, 83, 85, 19, 21, 23, 25, 27, 29, 52, 50, 48, 46, 44, 42, 40, 38, 72, 70, 68, 95, 97, 99, 101, 103, 105, 5, 1, 3, 35, 98, 96, 67, 69, 71, 37, 39, 41, 43, 45, 47, 49, 51, 53, 55, 57, 59, 61, 63, 65, 103, 105, 107, 109, 111, 113, 87, 89, 5, 1, 3, 17, 19, 21, 23, 25, 27, 29, 52, 50, 48, 46, 44, 42, 118, 116, 114, 112, 110, 108, 106, 104, 102, 100, 98, 96, 67, 69, 71, 73, 75, 77, 79, 81, 83, 85, 19, 21, 5, 1, 3, 35, 98, 96, 67, 69, 71, 37, 39, 41, 43, 45, 47, 49, 51, 53, 55, 57, 59, 61, 63, 65, 103, 105, 107, 109, 111, 113, 87, 89, 7, 9, 11, 13, 15, 73, 75, 77, 79, 81, 83, 85, 19, 21, 23, 25, 27, 29, 52, 50, 48, 46, 44, 42, 40, 38, 72, 70, 68, 95, 97, 36, 34, 32, 30, 28, 26, 24, 22, 20, 86, 84, 82, 80, 78, 76, 74, 16, 14, 12, 10, 8, 90, 88, 114, 112, 110, 108, 106, 104, 66, 64, 62, 40, 38, 72, 70, 68, 95, 97, 99, 101, 103, 105, 107, 109, 111, 113, 87, 89, 7, 9, 11, 13, 15, 73, 75, 77, 79, 81, 83, 85, 19, 21, 23, 25, 27, 29, 52, 50, 48, 46, 44, 42, 40, 38, 72, 70, 68, 95, 97, 36, 34, 32, 30, 28, 26, 24, 22, 20, 86, 84, 82, 80, 78, 76, 74, 72, 70, 68, 95, 97, 36, 34, 32, 30, 28, 26, 24, 22, 20, 86, 84, 82, 80, 78, 76, 74, 16, 14, 12, 10, 8, 90, 88, 114, 112, 110, 108, 106, 104, 66, 64, 62, 40, 38, 72, 70, 68, 95, 97, 36, 34, 32, 30, 28, 26, 24, 22, 20, 86, 84, 82, 80, 78, 76, 74, 16, 14, 12, 10, 8, 90, 88, 114, 112, 110, 108, 106, 104, 66, 64, 62, 60, 58, 56, 54, 9, 11, 13, 15, 73, 75, 77, 79, 81, 83, 85, 19, 21, 23, 25, 27, 29, 31, 33, 35, 98, 96, 67, 69, 71, 37, 39, 41, 43, 45, 47, 49, 51, 53, 55, 57, 59, 64, 62, 60, 58, 56, 54, 52, 50, 48, 46, 44, 42, 118, 116, 114, 112, 110, 108, 106, 104, 102, 100, 98, 96, 94, 92, 120, 118, 116, 94, 92, 120, 118, 116, 114, 112, 110, 108, 106, 104, 102, 100, 98, 96, 67, 69, 71, 37, 39, 41, 43, 45, 47, 49, 51, 53, 55, 57, 59, 61, 63, 60, 58, 56, 54, 52, 50, 48, 46, 44, 42, 40, 38, 72, 70, 68, 95, 97, 99, 101, 103, 105, 107, 109, 111, 113, 115, 117, 41, 43, 45, 47, 49, 51, 53, 55, 57, 59, 64, 62, 40, 38, 72, 70, 68, 95, 97, 99, 101, 103, 105, 107, 109, 111, 113, 115, 117, 119, 91, 93, 95, 97, 99, 101, 103, 105, 107, 109, 111, 113, 115, 117, 119, 91, 93, 115, 117, 119, 91, 93, 95, 97, 99, 101, 103, 105, 107, 109, 111, 113, 87, 89, 7, 9, 11, 13, 15, 73, 75, 77, 79, 81, 83, 85, 19, 21, 23, 25, 27, 29, 31, 33, 35, 98, 96, 67, 69, 71, 37, 39, 61, 63, 60, 58, 56, 54, 9, 11, 13, 15, 73, 75, 77, 79, 81, 83, 85, 19, 21, 23, 25, 27, 29, 31, 33, 35, 98, 96, 67, 69, 71, 37, 39, 61, 63, 65, 103, 105, 107, 109, 111, 113, 115, 117, 41, 43, 45, 47, 49, 51, 53, 55, 57, 59, 61, 63, 65, 103, 105, 107, 109, 111, 113, 115, 117, 41, 43, 45, 47, 49, 51, 53, 55, 57, 59, 64, 62, 40, 38, 72, 70, 68, 95, 97, 99, 101, 103, 105, 107, 109, 111, 113, 115, 117, 41, 43, 45, 47, 49, 51, 53, 55, 57, 59, 64, 62, 40, 38, 72, 70, 68, 95, 97, 99, 101, 103, 105, 107, 109, 111, 113, 115, 117, 41, 43, 45, 47, 49, 51, 53, 55, 57, 59, 61, 63, 65, 103, 105, 107, 109, 111, 113, 115, 117, 119, 91, 93, 95, 97, 36, 34, 32, 30, 28, 26, 24, 22, 20, 86, 84, 82, 80, 78, 76, 74, 16, 14, 12, 10, 53, 55, 57, 59, 64, 62, 40, 38, 72, 70, 68, 95, 97, 99, 101, 103, 105, 107, 109, 111, 113, 115, 117, 41, 43, 45, 47, 49, 51, 30, 28, 26, 24, 22, 20, 86, 84, 82, 80, 78, 76, 74, 16, 14, 12, 10, 8, 90, 88, 114, 112, 110, 108, 106, 104, 66, 64, 62, 40, 38, 72, 70, 68, 95, 97, 99, 101, 103, 105, 107, 109, 111, 113, 115, 117, 41, 43, 45, 47, 49, 51, 53, 55, 57, 59, 61, 63, 65, 103, 105, 107, 109, 111, 113, 115, 117, 41, 43, 45, 47, 49, 51, 30, 28, 26, 24, 22, 20, 86, 84, 82, 80, 78, 76, 74, 16, 14, 12, 10, 53, 55, 57, 59, 64, 62, 40, 38, 72, 70, 68, 95, 97, 36, 34, 32, 30, 28, 26, 24, 22, 20, 86, 84, 82, 80, 78, 76, 74, 16, 14, 12, 10, 53, 55, 57, 59, 64, 62, 60, 58, 56, 54, 52, 50, 48, 46, 44, 42, 40, 38, 72, 70, 68, 95, 97, 99, 101, 103, 105, 107, 109, 111, 113, 87, 89, 7, 9, 11, 13, 15, 73, 75, 77, 79, 81, 83, 85, 19, 21, 23, 25, 27, 29, 31, 33, 35, 98, 96, 67, 69, 71, 37, 39, 61, 63, 65, 103, 105, 107, 109, 111, 113, 115, 117, 119, 91, 93, 115, 117, 119, 91, 93, 115, 117, 119, 91, 93, 95, 97, 99, 101, 103, 105, 107, 109, 111, 113, 115, 117, 119, 91, 93, 95, 97, 99, 101, 103, 105, 107, 109, 111, 113, 87, 89, 7, 9, 11, 13, 15, 73, 75, 77, 79, 81, 83, 85, 19, 21, 23, 25, 27, 29, 31, 33, 35, 98, 96, 94, 92, 120, 118, 116, 94, 92, 120, 118, 116, 94, 92, 120, 118, 116, 94, 92, 120, 118, 116, 114, 112, 110, 108, 106, 104, 102, 100, 98, 96, 94, 92, 120, 118, 116, 94, 92, 120, 118, 116, 114, 112, 110, 108, 106, 104, 66, 64, 62, 60, 58, 56, 54, 9, 11, 13, 15, 73, 75, 77, 79, 81, 83, 85, 19, 21, 23, 25, 27, 29, 52, 50, 48, 46, 44, 42, 40, 38, 72, 70, 68, 95, 97, 99, 101, 103, 105, 107, 109, 111, 113, 115, 117, 119, 91, 93, 115, 117, 41, 43, 45, 47, 49, 51, 53, 55, 57, 59, 61, 63, 65, 103, 105, 107, 109, 111, 113, 115, 117, 119, 91, 93, 95, 97, 36, 34, 32, 30, 28, 26, 24, 22, 20, 86, 84, 82, 80, 78, 76, 74, 16, 14, 12, 10, 53, 55, 57, 59, 61, 63, 65, 103, 105, 107, 109, 111, 113, 115, 117, 119, 91, 93, 95, 97, 99, 101, 103, 105, 107, 109, 111, 113, 87, 89, 7, 9, 11, 13, 15, 73, 75, 77, 79, 81, 83, 85, 19, 21, 23, 25, 27, 29, 52, 50, 48, 46, 44, 42, 40, 38, 72, 70, 68, 95, 97, 99, 101, 103, 105, 107, 109, 111, 113, 115, 117, 119, 91, 93, 115, 117, 41, 43, 45, 47, 49, 51, 53, 55, 57, 59, 61, 63, 60, 58, 56, 54, 52, 50, 48, 46, 44, 42, 118, 116, 94, 92, 120, 118, 116, 114, 112, 110, 108, 106, 104, 66, 64, 62, 60, 58, 56, 54, 9, 11, 13, 15, 73, 75, 77, 79, 81, 83, 85, 19, 21, 23, 25, 27, 29, 52, 50, 48, 46, 44, 42, 40, 38, 72, 70, 68, 95, 97, 99, 101, 103, 105, 107, 109, 111, 113, 87, 89, 7, 9, 11, 13, 15, 73, 75, 77, 79, 81, 83, 85, 19, 21, 23, 25, 27, 29, 31, 33, 35, 98, 96, 94, 92, 120, 118, 116, 94, 92, 120, 118, 116, 114, 112, 110, 108, 106, 104, 66, 64, 62, 40, 38, 72, 70, 68, 95, 97, 99, 101, 103, 105, 107, 109, 111, 113, 87, 89, 7, 9, 11, 13, 15, 73, 75, 77, 79, 81, 83, 85, 19, 21, 23, 25, 27, 29, 31, 33, 35, 98, 96, 67, 69, 71, 37, 39, 41, 43, 45, 47, 49, 51, 30, 28, 26, 24, 22, 20, 86, 84, 82, 80, 78, 76, 74, 16, 14, 12, 10, 8, 90, 88, 114, 112, 110, 108, 106, 104, 102, 100, 98, 96, 94, 92, 120, 118, 116, 114, 112, 110, 108, 106, 104, 66, 64, 62, 40, 38, 72, 70, 68, 95, 97, 36, 34, 32, 30, 28, 26, 24, 22, 20, 86, 84, 82, 80, 78, 76, 74, 16, 14, 12, 10, 8, 90, 88, 114, 112, 110, 108, 106, 104, 102, 100, 98, 96, 94, 92, 120, 118, 116, 114, 112, 110, 108, 106, 104, 102, 100, 98, 96, 67, 69, 71, 37, 39, 61, 63, 60, 58, 56, 54, 9, 11, 13, 15, 73, 75, 77, 79, 81, 83, 85, 19, 21, 23, 25, 27, 29, 31, 33, 35, 98, 96, 94, 92, 120, 118, 116, 114, 112, 110, 108, 106, 104, 102, 100, 98, 96, 94, 92, 120, 118, 116, 114, 112, 110, 108, 106, 104, 102, 100, 98, 96, 67, 69, 71, 37, 39, 61, 63, 60, 58, 56, 54, 52, 50, 48, 46, 44, 42, 40, 38, 72, 70, 68, 95, 97, 99, 101, 103, 105, 107, 109, 111, 113, 87, 89, 7, 9, 11, 13, 15, 73, 75, 77, 79, 81, 83, 85, 19, 21, 23, 25, 27, 29, 52, 50, 48, 46, 44, 42, 118, 116, 114, 112, 110, 108, 106, 104, 66, 64, 62, 40, 38, 72, 70, 68, 95, 97, 99, 101, 103, 105, 107, 109, 111, 113, 87, 89, 7, 9, 11, 13, 15, 73, 75, 77, 79, 81, 83, 85, 19, 21, 23, 25, 27, 29, 52, 50, 48, 46, 44, 42, 118, 116, 114, 112, 110, 108, 106, 104, 66, 64, 62, 40, 38, 72, 70, 68, 95, 97, 99, 101, 103, 105, 107, 109, 111, 113, 115, 117, 119, 91, 93, 95, 97, 36, 34, 32, 30, 28, 26, 24, 22, 20, 86, 84, 82, 80, 78, 76, 74, 16, 14, 12, 10, 8, 90, 88, 114, 112, 110, 108, 106, 104, 66, 64, 62, 40, 38, 72, 70, 68, 95, 97, 36, 34, 32, 30, 28, 26, 24, 22, 20, 86, 84, 82, 80, 78, 76, 74, 16, 14, 12, 10, 8, 90, 88, 114, 112, 110, 108, 106, 104, 102, 100, 98, 96, 94, 92, 120, 118, 116, 114, 112, 110, 108, 106, 104, 102, 100, 98, 96, 94, 92, 120, 118, 116, 114, 112, 110, 108, 106, 104, 102, 100, 98, 96, 94, 92, 120, 118, 116, 114, 112, 110, 108, 106, 104, 66, 64, 62, 60, 58, 56, 54, 9, 11, 13, 15, 73, 75, 77, 79, 81, 83, 85, 19, 21, 23, 25, 27, 29, 31, 33, 35, 98, 96, 94, 92, 120, 118, 116, 114, 112, 110, 108, 106, 104, 102, 100, 98, 96, 94, 92, 120, 118, 116, 114, 112, 110, 108, 106, 104, 102, 100, 98, 96, 67, 69, 71, 37, 39, 41, 43, 45, 47, 49, 51, 30, 28, 26, 24, 22, 20, 86, 84, 82, 80, 78, 76, 74, 16, 14, 12, 10, 8, 90, 88, 114, 112, 110, 108, 106, 104, 102, 100, 98, 96, 67, 69, 71, 37, 39, 61, 63, 60, 58, 56, 54, 9, 11, 13, 15, 73, 75, 77, 79, 81, 83, 85, 19, 21, 23, 25, 27, 29, 52, 50, 48, 46, 44, 42, 118, 116, 114, 112, 110, 108, 106, 104, 102, 100, 98, 96, 94, 92, 120, 118, 116, 114, 112, 110, 108, 106, 104, 102, 100, 98, 96, 94, 92, 120, 118, 116, 114, 112, 110, 108, 106, 104, 102, 100, 98, 96, 67, 69, 71, 37, 39, 61, 63, 60, 58, 56, 54, 9, 11, 13, 15, 73, 75, 77, 79, 81, 83, 85, 19, 21, 23, 25, 27, 29, 52, 50, 48, 46, 44, 42, 118, 116, 114, 112, 110, 108, 106, 104, 102, 100, 98, 96, 67, 69, 71, 37, 39, 61, 63, 60, 58, 56, 54, 52, 50, 48, 46, 44, 42, 40, 38, 72, 70, 68, 95, 97, 36, 34, 32, 30, 28, 26, 24, 22, 20, 86, 84, 82, 80, 78, 76, 74, 16, 14, 12, 10, 8, 90, 88, 114, 112, 110, 108, 106, 104, 102, 100, 98, 96, 67, 69, 71, 37, 39, 41, 43, 45, 47, 49, 51, 30, 28, 26, 24, 22, 20, 86, 84, 82, 80, 78, 76, 74, 16, 14, 12, 10, 53, 55, 57, 59, 61, 63, 65, 103, 105, 107, 109, 111, 113, 115, 117, 41, 43, 45, 47, 49, 51, 30, 28, 26, 24, 22, 20, 86, 84, 82, 80, 78, 76, 74, 16, 14, 12, 10, 53, 55, 57, 59, 61, 63, 60, 58, 56, 54, 52, 50, 48, 46, 44, 42, 118, 116, 114, 112, 110, 108, 106, 104, 102, 100, 98, 96, 67, 69, 71, 37, 39, 61, 63, 60, 58, 56, 54, 9, 11, 13, 15, 73, 75, 77, 79, 81, 83, 85, 19, 21, 23, 25, 27, 29, 52, 50, 48, 46, 44, 42, 118, 116, 114, 112, 110, 108, 106, 104, 102, 100, 98, 96, 67, 69, 71, 37, 39, 41, 43, 45, 47, 49, 51, 30, 28, 26, 24, 22, 20, 86, 84, 82, 80, 78, 76, 74, 16, 14, 12, 10, 53, 55, 57, 59, 64, 62, 40, 38, 72, 70, 68, 95, 97, 99, 101, 103, 105, 107, 109, 111, 113, 115, 117, 119, 91, 93, 115, 117, 41, 43, 45, 47, 49, 51, 30, 28, 26, 24, 22, 20, 86, 84, 82, 80, 78, 76, 74, 16, 14, 12, 10, 53, 55, 57, 59, 64, 62, 40, 38, 72, 70, 68, 95, 97, 36, 34, 32, 30, 28, 26, 24, 22, 20, 86, 84, 82, 80, 78, 76, 74, 16, 14, 12, 10, 53, 55, 57, 59, 61, 63, 60, 58, 56, 54, 52, 50, 48, 46, 44, 42, 118, 116, 114, 112, 110, 108, 106, 104, 102, 100, 98, 96, 67, 69, 71, 37, 39, 41, 43, 45, 47, 49, 51, 30, 28, 26, 24, 22, 20, 86, 84, 82, 80, 78, 76, 74, 16, 14, 12, 10, 53, 55, 57, 59, 64, 62, 40, 38, 72, 70, 68, 95, 97, 36, 34, 32, 30, 28, 26, 24, 22, 20, 86, 84, 82, 80, 78, 76, 74, 16, 14, 12, 10, 53, 55, 57, 59, 64, 62, 40, 38, 72, 70, 68, 95, 97, 99, 101, 103, 105, 107, 109, 111, 113, 115, 117, 119, 91, 93, 95, 97, 99, 101, 103, 105, 107, 109, 111, 113, 115, 117, 119, 91, 93, 95, 97, 99, 101, 103, 105, 107, 109, 111, 113, 115, 117, 119, 91, 93, 95, 97, 99, 101, 103, 105, 107, 109, 111, 113, 115, 117, 119, 91, 93, 115, 117, 119, 91, 93, 95, 97, 99, 101, 103, 105, 107, 109, 111, 113, 115, 117, 41, 43, 45, 47, 49, 51, 30, 28, 26, 24, 22, 20, 86, 84, 82, 80, 78, 76, 74, 16, 14, 12, 10, 53, 55, 57, 59, 64, 62, 60, 58, 56, 54, 52, 50, 48, 46, 44, 42, 40, 38, 72, 70, 68, 95, 97, 99, 101, 103, 105, 107, 109, 111, 113, 115, 117, 119, 91, 93, 95, 97, 99, 101, 103, 105, 107, 109, 111, 113, 115, 117, 41, 43, 45, 47, 49, 51, 30, 28, 26, 24, 22, 20, 86, 84, 82, 80, 78, 76, 74, 16, 14, 12, 10, 53, 55, 57, 59, 64, 62, 60, 58, 56, 54, 9, 11, 13, 15, 73, 75, 77, 79, 81, 83, 85, 19, 21, 23, 25, 27, 29, 52, 50, 48, 46, 44, 42, 40, 38, 72, 70, 68, 95, 97, 99, 101, 103, 105, 107, 109, 111, 113, 115, 117, 41, 43, 45, 47, 49, 51, 30, 28, 26, 24, 22, 20, 86, 84, 82, 80, 78, 76, 74, 16, 14, 12, 10, 53, 55, 57, 59, 64, 62, 60, 58, 56, 54, 52, 50, 48, 46, 44, 42, 118, 116, 114, 112, 110, 108, 106, 104, 102, 100, 98, 96, 67, 69, 71, 37, 39, 41, 43, 45, 47, 49, 51, 30, 28, 26, 24, 22, 20, 86, 84, 82, 80, 78, 76, 74, 16, 14, 12, 10, 53, 55, 57, 59, 64, 62, 60, 58, 56, 54, 9, 11, 13, 15, 73, 75, 77, 79, 81, 83, 85, 19, 21, 23, 25, 27, 29, 31, 33, 35, 98, 96, 67, 69, 71, 37, 39, 41, 43, 45, 47, 49, 51, 30, 28, 26, 24, 22, 20, 86, 84, 82, 80, 78, 76, 74, 16, 14, 12, 10, 53, 55, 57, 59, 64, 62, 60, 58, 56, 54, 52, 50, 48, 46, 44, 42, 118, 116, 114, 112, 110, 108, 106, 104, 102, 100, 98, 96, 94, 92, 120, 118, 116, 114, 112, 110, 108, 106, 104, 102, 100, 98, 96, 67, 69, 71, 37, 39, 61, 63, 65, 103, 105, 107, 109, 111, 113, 115, 117, 119, 91, 93, 95, 97, 99, 101, 103, 105, 107, 109, 111, 113, 115, 117, 41, 43, 45, 47, 49, 51, 30, 28, 26, 24, 22, 20, 86, 84, 82, 80, 78, 76, 74, 16, 14, 12, 10, 53, 55, 57, 59, 64, 62, 60, 58, 56, 54, 52, 50, 48, 46, 44, 42, 118, 116, 114, 112, 110, 108, 106, 104, 102, 100, 98, 96, 67, 69, 71, 37, 39, 61, 63, 60, 58, 56, 54, 9, 11, 13, 15, 73, 75, 77, 79, 81, 83, 85, 19, 21, 23, 25, 27, 29, 52, 50, 48, 46, 44, 42, 118, 116, 114, 112, 110, 108, 106, 104, 102, 100, 98, 96, 67, 69, 71, 37, 39, 61, 63, 60, 58, 56, 54, 9, 11, 13, 15, 73, 75, 77, 79, 81, 83, 85, 19, 21, 23, 25, 27, 29, 52, 50, 48, 46, 44, 42, 118, 116, 114, 112, 110, 108, 106, 104, 102, 100, 98, 96, 94, 92, 120, 118, 116, 114, 112, 110, 108, 106, 104, 102, 100, 98, 96, 94, 92, 120, 118, 116, 114, 112, 110, 108, 106, 104, 102, 100, 98, 96, 67, 69, 71, 37, 39, 61, 63, 60, 58, 56, 54, 9, 11, 13, 15, 73, 75, 77, 79, 81, 83, 85, 19, 21, 23, 25, 27, 29, 52, 50, 48, 46, 44, 42, 118, 116, 114, 112, 110, 108, 106, 104, 102, 100, 98, 96, 94, 92, 120, 118, 116, 114, 112, 110, 108, 106, 104, 102, 100, 98, 96, 67, 69, 71, 37, 39, 61, 63, 60, 58, 56, 54, 9, 11, 13, 15, 73, 75, 77, 79, 81, 83, 85, 19, 21, 23, 25, 27, 29, 31, 33, 35, 98, 96, 94, 92, 120, 118, 116, 114, 112, 110, 108, 106, 104, 102, 100, 98, 96, 67, 69, 71, 37, 39, 61, 63, 60, 58, 56, 54, 9, 11, 13, 15, 73, 75, 77, 79, 81, 83, 85, 19, 21, 23, 25, 27, 29, 31, 33, 35, 98, 96, 94, 92, 120, 118, 116, 114, 112, 110, 108, 106, 104, 102, 100, 98, 96, 94, 92, 120, 118, 116, 114, 112, 110, 108, 106, 104, 102, 100, 98, 96, 94, 92, 120, 118, 116, 114, 112, 110, 108, 106, 104, 102, 100, 98, 96, 67, 69, 71, 37, 39, 61, 63, 60, 58, 56, 54, 9, 11, 13, 15, 73, 75, 77, 79, 81, 83, 85, 19, 21, 23, 25, 27, 29, 31, 33, 35, 98, 96, 94, 92, 120, 118, 116, 114, 112, 110, 108, 106, 104, 102, 100, 98, 96, 94, 92, 120, 118, 116, 114, 112, 110, 108, 106, 104, 102, 100, 98, 96, 94, 92, 120, 118, 116, 114, 112, 110, 108, 106, 104, 102, 100, 98, 96, 67, 69, 71, 37, 39, 61, 63, 65, 103, 105, 107, 109, 111, 113, 115, 117, 119, 91, 93, 95, 97, 99, 101, 103, 105, 107, 109, 111, 113, 115, 117, 119, 91, 93, 95, 97, 99, 101, 103, 105, 107, 109, 111, 113, 115, 117, 119, 91, 93, 95, 97, 99, 101, 103, 105, 107, 109, 111, 113, 115, 117, 119, 91, 93, 95, 97, 99, 101, 103, 105, 107, 109, 111, 113, 115, 117, 119, 91, 93, 115, 117, 119, 91, 93, 95, 97, 99, 101, 103, 105, 107, 109, 111, 113, 115, 117, 119, 91, 93, 95, 97, 99, 101, 103, 105, 107, 109, 111, 113, 115, 117, 119, 91, 93, 95, 97, 99, 101, 103, 105, 107, 109, 111, 113, 115, 117, 119, 91, 93, 95, 97, 99, 101, 103, 105, 107, 109, 111, 113, 115, 117, 119, 91, 93, 115, 117, 119, 91, 93, 95, 97, 99, 101, 103, 105, 107, 109, 111, 113, 115, 117, 119, 91, 93, 95, 97, 99, 101, 103, 105, 5]
